#ID DescID Mvir Vmax Vrms Rvir Rs Np X Y Z VX VY VZ JX JY JZ Spin rs_klypin Mvir_all M200b M200c M500c M2500c Xoff Voff spin_bullock b_to_a c_to_a A[x] A[y] A[z] b_to_a(500c) c_to_a(500c) A[x](500c) A[y](500c) A[z](500c) T/|U| M_pe_Behroozi M_pe_Diemer
#a = 0.297099
#Om = 0.285000; Ol = 0.715000; h = 0.695000
#FOF linking length: 0.280000
#Unbound Threshold: 0.500000; FOF Refinement Threshold: 0.700000
#Particle mass: 3.01807e+11 Msun/h
#Box size: 100.000000 Mpc/h
#Force resolution assumed: 0.0976562 Mpc/h
#Units: Masses in Msun / h
#Units: Positions in Mpc / h (comoving)
#Units: Velocities in km / s (physical, peculiar)
#Units: Halo Distances, Lengths, and Radii in kpc / h (comoving)
#Units: Angular Momenta in (Msun/h) * (Mpc/h) * km/s (physical)
#Units: Spins are dimensionless
#Np is an internal debugging quantity.
#Rockstar Version: 0.99.9-RC3
0 0 1.5090e+12 286.30 111.94 291.554 65.660 53 24.59977 10.70338 2.85824 -391.65 -6.51 -14.81 -4.603e+11 -1.463e+12 7.883e+11 0.02266 65.66022 2.1127e+12 1.5090e+12 1.5090e+12 0.0000e+00 0.0000e+00 37.99792 38.89 0.03408 0.08584 0.00000 -101.68495 191.94933 6.96419 0.00000 0.00000 0.00000 0.00000 0.00000 0.2288 5.659e+12 1.207e+12
1 0 2.9577e+13 820.50 813.00 786.087 117.624 128 23.22070 9.81745 2.02510 -0.10 217.13 183.23 1.381e+14 4.775e+13 2.803e+14 0.03611 117.62380 2.9577e+13 2.9275e+13 2.8672e+13 2.2032e+13 5.7343e+12 78.52463 0.00 0.04384 0.76957 0.47808 111.13672 43.41794 62.60160 0.27850 0.24059 85.98407 52.91101 55.46690 0.6427 2.694e+13 2.143e+13
2 1 2.7163e+12 368.64 422.89 354.658 54.354 56 26.84727 11.58148 3.65720 -197.58 -58.94 204.85 2.801e+12 -1.562e+13 -2.697e+12 0.08157 54.35354 2.7163e+12 2.7163e+12 2.7163e+12 6.0361e+11 0.0000e+00 52.59617 0.00 0.11943 0.62560 0.00688 9.32943 67.67933 64.76175 0.00000 0.00000 0.00000 0.00000 0.00000 1.4559 5.034e+12 6.036e+11
3 7 1.2072e+13 677.68 608.85 583.108 51.857 100 6.76083 4.11985 92.23777 -164.28 123.08 224.75 8.971e+12 -2.955e+13 -4.670e+12 0.01710 51.85700 1.2072e+13 1.1770e+13 1.1469e+13 8.7524e+12 5.7343e+12 54.79217 17.26 0.01929 0.65055 0.58364 1.02809 2.55356 104.32298 0.60775 0.52606 9.12034 -0.13838 92.22754 0.6176 1.239e+13 5.734e+12
4 8 2.2636e+13 787.28 799.10 719.034 83.810 109 4.63063 3.65815 95.55616 -36.64 183.48 -88.35 -7.978e+13 9.580e+13 -1.158e+14 0.03008 83.80952 2.2636e+13 2.2636e+13 2.2334e+13 1.8108e+13 7.5452e+12 86.27240 0.00 0.03686 0.57859 0.45792 -77.14409 -55.61347 87.23154 0.75577 0.64337 -8.86275 -34.19499 90.79261 0.6818 2.179e+13 1.358e+13
5 3 1.5090e+12 278.88 204.88 291.554 85.287 25 54.06375 40.99132 59.29672 -131.61 54.11 -154.17 -2.187e+12 6.006e+12 -7.350e+11 0.05229 85.28667 1.5090e+12 1.5090e+12 3.0181e+11 0.0000e+00 0.0000e+00 76.38744 80.63 0.12714 0.55342 0.00000 -92.02757 131.53447 46.04301 0.00000 0.00000 0.00000 0.00000 0.00000 1.3125 2.517e+12 1.811e+12
6 4 7.5452e+12 498.04 418.52 498.550 98.412 47 52.50002 43.39907 59.43678 147.10 -431.42 -122.84 2.329e+13 -4.940e+13 2.114e+12 0.06108 98.41204 7.5452e+12 7.2434e+12 6.9416e+12 4.5271e+12 0.0000e+00 17.53147 15.30 0.07387 0.70575 0.24248 21.38174 -29.46070 152.05852 0.54235 0.20131 92.82253 0.16342 40.12408 0.5416 6.900e+12 6.338e+12
7 5 8.4506e+12 535.63 471.88 517.744 81.552 67 53.12449 43.07807 60.73117 7.55 -212.52 -445.57 2.286e+13 7.502e+12 3.188e+13 0.03467 81.55165 8.4506e+12 8.4506e+12 8.4506e+12 4.8289e+12 0.0000e+00 21.45906 53.60 0.04469 0.70289 0.65183 42.27032 25.82329 129.92027 0.34590 0.05890 90.70028 38.85055 15.30268 0.6194 1.019e+13 5.433e+12
8 6 1.1770e+13 573.42 514.49 578.207 120.424 129 59.12572 32.42003 31.50176 -81.84 -218.79 60.90 -3.017e+13 1.733e+13 3.049e+13 0.02339 120.42448 1.1770e+13 1.1770e+13 1.1770e+13 6.6398e+12 0.0000e+00 37.13747 0.00 0.02980 0.42458 0.10228 132.58415 73.06948 -43.35421 0.25507 0.00903 94.82838 77.56212 -10.69970 0.5996 1.071e+13 9.960e+12
9 11 8.7524e+12 527.00 394.67 523.835 98.436 76 37.61446 15.69019 41.95218 97.12 150.33 18.61 -6.480e+12 1.829e+13 -3.904e+12 0.01873 98.43643 8.7524e+12 8.7524e+12 8.4506e+12 5.1307e+12 0.0000e+00 29.36978 0.00 0.02089 0.28641 0.02689 85.05380 39.39590 128.42799 0.30357 0.01965 71.32014 45.18346 97.73930 0.4553 8.738e+12 6.640e+12
10 9 9.6578e+12 573.68 455.20 541.309 74.479 69 54.73428 28.44567 36.28230 -71.25 -22.72 11.67 -1.309e+12 -4.305e+12 -8.836e+12 0.00768 74.47894 9.6578e+12 9.6578e+12 9.3560e+12 7.5452e+12 0.0000e+00 26.82535 0.00 0.00888 0.49345 0.06251 -50.90137 -86.43889 186.11014 0.04930 0.00000 -44.57885 -38.24038 156.10031 0.5274 9.517e+12 5.131e+12
11 16 4.8289e+12 424.55 288.44 429.637 92.004 62 70.91602 59.81274 58.75212 -11.70 120.63 -516.23 1.686e+12 -4.955e+12 -1.424e+13 0.03560 92.00357 4.8289e+12 4.8289e+12 4.8289e+12 1.5090e+12 0.0000e+00 26.90473 0.00 0.04314 0.24387 0.00000 183.79898 155.99126 50.39536 0.00000 0.00000 -21.08765 81.79092 52.37961 0.4146 5.391e+12 4.527e+12
12 13 1.0261e+13 614.59 538.77 552.359 59.638 57 71.21649 62.11902 56.27135 -6.46 -14.98 -294.48 3.369e+13 2.690e+13 -2.892e+13 0.03892 59.63841 1.0261e+13 1.0261e+13 1.0261e+13 8.7524e+12 3.0181e+12 8.99308 0.00 0.04203 0.70901 0.61204 -14.49106 -4.49799 113.54296 0.83603 0.30317 -12.05522 56.07018 77.29031 0.5567 1.066e+13 4.829e+12
13 14 8.7524e+12 709.01 610.07 523.835 25.942 57 65.37109 4.44515 72.09477 -39.78 25.47 4.13 9.703e+12 2.492e+12 -2.912e+12 0.01192 25.94238 8.7524e+12 8.7524e+12 8.7524e+12 7.8470e+12 6.0361e+12 36.46264 0.00 0.01101 0.64522 0.60247 33.32880 51.15808 49.59311 0.61711 0.53275 33.59146 54.82028 35.93200 0.5617 1.277e+13 3.320e+12
14 15 6.6398e+12 454.56 270.24 477.753 150.203 56 66.06760 64.03430 38.11034 -72.99 -52.23 135.00 -1.012e+13 9.477e+11 1.076e+13 0.02201 150.20326 6.6398e+12 6.0361e+12 6.0361e+12 3.0181e+11 0.0000e+00 13.41417 0.00 0.02476 0.61689 0.14027 -30.72933 -109.44759 198.34151 0.00000 0.00000 0.00000 0.00000 0.00000 0.3226 6.646e+12 7.847e+12
15 17 2.4145e+12 323.97 197.30 341.004 109.635 50 75.29065 4.78805 30.99365 -140.11 -109.54 -99.03 -1.767e+12 4.160e+12 4.924e+12 0.04241 109.63506 2.4145e+12 2.1127e+12 2.1127e+12 9.0542e+11 0.0000e+00 91.99921 31.17 0.06035 0.18896 0.12314 118.92626 22.63097 77.56234 0.22414 0.11388 120.46316 27.01815 69.62449 0.4341 6.160e+12 3.320e+12
16 20 3.9235e+12 409.00 282.53 400.907 68.746 34 67.52126 81.05489 48.36578 -61.05 -23.83 -108.33 -4.670e+12 -4.040e+12 1.616e+12 0.02179 68.74612 3.9235e+12 3.9235e+12 3.9235e+12 2.7163e+12 0.0000e+00 31.13579 0.00 0.02566 0.70047 0.65242 -22.85089 139.36586 24.22645 0.91506 0.14285 9.93832 134.41158 53.96125 0.4374 3.929e+12 3.018e+12
17 18 6.0361e+11 212.53 0.00 214.819 45.580 32 65.30247 85.29502 46.71619 74.64 -25.17 -52.10 -2.432e+10 -4.070e+11 -1.015e+12 0.03202 45.58002 6.0361e+11 6.0361e+11 6.0361e+11 0.0000e+00 0.0000e+00 134.87485 95.08 0.09950 0.00000 0.00000 0.00000 0.00000 0.00000 0.00000 0.00000 0.00000 0.00000 0.00000 0.0000 1.786e+12 3.018e+11
18 12 2.4145e+12 339.35 206.40 341.004 69.219 31 53.90302 16.06383 41.08887 -180.64 24.65 -19.97 1.106e+12 -6.263e+12 -2.743e+12 0.04633 69.21947 2.4145e+12 2.4145e+12 2.1127e+12 0.0000e+00 0.0000e+00 53.30368 36.88 0.06253 0.35077 0.04119 106.02899 152.46133 -40.24191 0.00000 0.00000 0.00000 0.00000 0.00000 0.4298 3.304e+12 2.113e+12
19 23 1.2072e+12 277.05 126.25 270.655 45.444 29 51.24636 53.31787 40.12475 17.47 -14.96 21.24 -4.573e+12 -2.122e+12 -3.854e+12 0.06025 45.44360 1.2072e+12 1.2072e+12 6.0361e+11 6.0361e+11 0.0000e+00 118.65927 148.32 0.18191 0.62897 0.00000 51.09860 68.97350 8.63871 0.00000 0.00000 0.00000 0.00000 0.00000 0.8102 2.605e+12 6.036e+11
