#ID DescID Mvir Vmax Vrms Rvir Rs Np X Y Z VX VY VZ JX JY JZ Spin rs_klypin Mvir_all M200b M200c M500c M2500c Xoff Voff spin_bullock b_to_a c_to_a A[x] A[y] A[z] b_to_a(500c) c_to_a(500c) A[x](500c) A[y](500c) A[z](500c) T/|U| M_pe_Behroozi M_pe_Diemer
#a = 0.356717
#Om = 0.285000; Ol = 0.715000; h = 0.695000
#FOF linking length: 0.280000
#Unbound Threshold: 0.500000; FOF Refinement Threshold: 0.700000
#Particle mass: 3.01807e+11 Msun/h
#Box size: 100.000000 Mpc/h
#Force resolution assumed: 0.0976562 Mpc/h
#Units: Masses in Msun / h
#Units: Positions in Mpc / h (comoving)
#Units: Velocities in km / s (physical, peculiar)
#Units: Halo Distances, Lengths, and Radii in kpc / h (comoving)
#Units: Angular Momenta in (Msun/h) * (Mpc/h) * km/s (physical)
#Units: Spins are dimensionless
#Np is an internal debugging quantity.
#Rockstar Version: 0.99.9-RC3
0 0 3.4104e+13 776.22 814.15 817.970 252.629 148 6.45892 4.29311 92.47189 -234.04 145.79 348.59 1.709e+14 3.418e+13 2.569e+13 0.01425 133.92177 3.4104e+13 3.3802e+13 3.3199e+13 2.3239e+13 1.0261e+13 106.95158 14.43 0.01766 0.53121 0.47054 95.65685 -45.11721 -85.39714 0.49254 0.37808 73.13817 -51.74959 -74.05659 0.6691 3.082e+13 3.712e+13
1 2 4.1649e+13 869.30 886.33 874.321 100.894 213 4.38527 3.99518 95.53521 0.70 282.18 -127.50 -5.213e+13 2.550e+14 -4.009e+13 0.01537 110.64890 4.1649e+13 3.9537e+13 3.8933e+13 3.1086e+13 1.3883e+13 48.17534 23.68 0.01892 0.79621 0.44278 117.72446 49.71609 -55.81604 0.99070 0.56718 100.75290 46.29686 -13.97320 0.6764 3.693e+13 2.203e+13
2 3 5.4024e+13 843.73 874.93 953.518 468.175 248 23.23545 10.23338 2.48743 -41.54 214.05 152.18 5.674e+14 8.270e+14 8.021e+14 0.04699 272.24481 5.4024e+13 5.3420e+13 5.1609e+13 2.8068e+13 1.1469e+13 24.85490 48.80 0.05979 0.57882 0.33307 125.82272 66.83926 66.01808 0.48468 0.34638 96.88867 31.24727 52.47584 0.6475 4.495e+13 7.726e+13
3 9 3.2897e+13 775.85 778.73 808.202 133.502 200 58.96479 31.93494 31.65711 -148.69 -229.21 65.95 -2.099e+14 4.896e+13 4.769e+13 0.01961 123.60732 3.2897e+13 3.2293e+13 3.1388e+13 2.3239e+13 9.0542e+12 35.39029 15.94 0.02350 0.64264 0.50175 128.22571 70.45306 -31.77286 0.72993 0.50522 110.58761 54.97014 -26.02595 0.6424 2.984e+13 2.414e+13
4 10 4.2253e+12 357.28 313.80 407.775 133.392 54 60.06466 33.71042 31.32180 -242.96 -648.34 8.82 2.876e+12 1.727e+13 8.866e+12 0.03565 133.39151 4.2253e+12 4.2253e+12 2.4145e+12 6.0361e+11 0.0000e+00 67.65742 62.38 0.06387 0.25385 0.06221 154.60628 -78.88412 18.99398 0.00000 0.00000 0.00000 0.00000 0.00000 0.7024 5.712e+12 6.942e+12
5 4 1.8108e+13 609.65 623.25 662.361 132.678 77 71.55741 58.78334 49.36456 -38.88 238.64 -30.03 -9.078e+13 -2.318e+13 5.465e+12 0.01263 132.67795 1.8108e+13 1.7807e+13 1.7505e+13 9.0542e+11 0.0000e+00 222.05870 10.97 0.02702 0.05382 0.02379 47.77192 402.42731 -41.88507 0.56014 0.15961 25.19172 82.65401 26.01072 0.8459 1.635e+13 1.600e+13
6 7 6.0361e+12 428.14 308.95 459.256 84.172 49 53.85947 41.15853 59.03886 -225.34 200.19 -176.25 -2.656e+12 -2.682e+12 1.725e+13 0.03081 84.17196 6.0361e+12 6.0361e+12 6.0361e+12 3.6217e+12 0.0000e+00 18.84621 0.00 0.03173 0.29352 0.09435 79.03395 99.46865 -38.88283 0.56974 0.04891 59.48044 59.30725 -33.60107 0.3821 6.047e+12 4.829e+12
7 8 3.6217e+13 736.48 785.05 834.523 287.198 83 52.92170 42.54521 59.34189 184.22 -347.57 -161.93 -2.993e+13 1.046e+14 2.821e+14 0.01983 246.20599 3.6217e+13 3.5311e+13 3.4104e+13 2.0825e+13 7.2434e+12 156.90733 47.71 0.02741 0.37401 0.16453 71.32903 0.11552 140.65756 0.43222 0.11231 59.76611 -2.80961 103.18359 0.6991 3.033e+13 4.406e+13
8 8 1.8712e+13 600.63 583.62 669.641 165.761 85 53.03930 42.55210 59.67757 -52.76 -218.49 -706.21 1.484e+14 1.384e+14 9.413e+13 0.04755 165.76102 1.8712e+13 1.8712e+13 1.8108e+13 8.4506e+12 2.7163e+12 123.65036 0.00 0.06096 0.46364 0.30409 67.09977 31.08244 128.89232 0.41629 0.34163 57.13835 17.95938 96.33517 0.6218 1.613e+13 1.871e+13
9 11 2.5654e+13 679.58 648.28 743.905 157.645 146 71.15231 62.06522 55.73672 -27.10 53.81 -349.81 2.320e+14 4.573e+13 -1.822e+13 0.03078 157.64505 2.5654e+13 2.5352e+13 2.4446e+13 1.6298e+13 0.0000e+00 5.07033 11.53 0.03820 0.60837 0.51659 -17.63325 -59.47109 156.64056 0.32307 0.21076 2.52910 -58.65922 141.68805 0.6108 2.189e+13 2.324e+13
10 12 9.9596e+12 541.18 424.37 542.687 67.654 68 70.90735 60.01499 57.60994 33.41 178.36 -704.09 -4.919e+13 9.874e+12 -7.028e+13 0.06043 67.65440 9.9596e+12 8.7524e+12 7.5452e+12 4.5271e+12 3.0181e+12 25.88286 0.00 0.06732 0.48173 0.25296 -10.84982 15.00203 100.97540 0.78219 0.39037 0.24199 15.71591 71.68282 0.5007 9.201e+12 4.527e+12
11 3 1.2072e+12 248.79 375.11 268.574 51.409 38 25.94205 11.38903 3.74868 -170.83 -223.35 183.23 1.125e+13 5.570e+12 3.363e+12 0.42862 51.40927 1.2072e+12 1.2072e+12 1.2072e+12 0.0000e+00 0.0000e+00 106.14357 0.00 0.34138 0.45964 0.26163 128.56082 -87.23415 -78.61053 0.00000 0.00000 0.00000 0.00000 0.00000 4.3443 3.751e+12 6.036e+11
12 20 8.4506e+12 536.48 495.03 513.764 51.466 89 28.66725 11.98378 4.38859 -204.64 140.46 174.55 4.418e+13 3.130e+13 -2.932e+13 0.04306 51.46606 8.4506e+12 8.4506e+12 8.4506e+12 4.2253e+12 3.0181e+12 36.94584 75.29 0.06313 0.68383 0.35676 67.65956 14.93592 54.53354 0.40400 0.23266 67.46844 -16.65919 29.23816 0.7243 1.207e+13 3.018e+12
13 21 7.5452e+12 477.34 446.76 494.718 73.502 39 30.11841 11.90298 4.46373 -221.07 175.98 188.39 -5.490e+12 6.995e+11 3.456e+13 0.03613 73.50220 7.5452e+12 7.5452e+12 7.5452e+12 5.4325e+12 1.5090e+12 38.06649 31.40 0.04334 0.55895 0.28749 -52.96229 23.46084 75.85635 0.25190 0.10527 51.44401 -7.57904 -49.26820 0.5997 7.278e+12 5.433e+12
14 21 4.2253e+12 402.48 367.05 407.775 53.587 37 31.41930 11.84182 4.45009 -309.76 194.10 310.08 -1.174e+13 -1.786e+13 -1.822e+12 0.04813 53.58734 4.2253e+12 4.2253e+12 4.2253e+12 3.3199e+12 1.2072e+12 112.06268 56.18 0.06983 0.43619 0.33282 -74.60948 42.78949 83.72631 0.66567 0.00373 -8.96726 31.52345 73.48499 0.6932 4.278e+12 2.414e+12
15 16 1.6901e+13 669.39 626.61 647.302 67.767 174 74.95865 4.61671 30.80910 -134.54 -118.63 -95.07 2.851e+13 4.054e+13 -3.774e+13 0.01887 67.76704 1.6901e+13 1.6901e+13 1.6901e+13 1.4789e+13 5.4325e+12 53.50322 0.00 0.02012 0.43046 0.29194 -77.78740 85.68631 65.07299 0.34651 0.28602 -72.91924 87.66326 73.00364 0.5886 1.773e+13 8.752e+12
16 13 2.1127e+12 295.13 155.57 323.651 69.563 86 52.04431 12.81564 40.47972 50.30 390.55 -39.63 -5.490e+12 -2.501e+12 1.383e+11 0.04432 69.56329 2.1127e+12 2.1127e+12 2.1127e+12 6.0361e+11 0.0000e+00 31.55737 0.00 0.06235 0.59859 0.32953 10.68723 20.98443 118.59642 0.00000 0.00000 0.00000 0.00000 0.00000 0.3690 7.929e+12 1.811e+12
17 15 9.0542e+12 587.36 494.72 525.716 39.565 83 53.58456 16.10946 41.05539 -210.11 -97.69 -47.39 -1.763e+12 -1.527e+13 1.177e+13 0.01706 39.56464 9.0542e+12 8.4506e+12 8.4506e+12 7.2434e+12 3.9235e+12 37.41633 34.52 0.01769 0.76397 0.36573 37.81704 12.00286 77.53129 0.61140 0.27145 13.21914 30.67128 76.26147 0.5615 1.034e+13 3.923e+12
18 17 2.5352e+13 673.76 654.66 740.976 162.906 133 37.78747 15.80597 42.03282 207.47 176.26 67.10 -1.829e+14 1.447e+14 -1.689e+13 0.03251 162.90573 2.5352e+13 2.5050e+13 2.3843e+13 1.3581e+13 6.3380e+12 114.61864 0.00 0.03842 0.67389 0.42453 67.15484 102.03520 36.22904 0.67478 0.55467 -42.21590 35.86951 63.41932 0.5941 2.105e+13 2.294e+13
19 23 2.3843e+13 736.13 712.70 725.973 83.366 131 54.55375 28.41090 36.35521 -57.59 -74.51 -136.00 4.981e+12 1.122e+14 -4.739e+12 0.01874 83.36621 2.3843e+13 2.3541e+13 2.2334e+13 1.9014e+13 7.8470e+12 50.70330 0.00 0.02045 0.81108 0.50371 -66.02061 3.57263 89.76378 0.69344 0.47893 -68.07954 -15.06364 67.78139 0.6038 2.338e+13 1.388e+13
20 18 3.9235e+12 352.68 333.65 397.825 111.116 88 93.68671 43.10154 60.92887 31.51 -163.67 210.10 1.606e+13 -3.520e+13 1.038e+13 0.04076 111.11564 3.9235e+12 3.9235e+12 3.3199e+12 0.0000e+00 0.0000e+00 148.94241 0.00 0.14752 0.08523 0.03800 287.61542 -67.20301 4.37551 0.00000 0.00000 0.00000 0.00000 0.00000 0.9231 1.001e+13 4.225e+12
21 19 1.2072e+12 269.08 151.18 268.574 32.710 35 95.85046 42.43300 62.86863 -303.78 -392.10 -322.61 1.353e+12 1.736e+12 -4.473e+11 0.03254 32.70980 1.2072e+12 1.2072e+12 1.2072e+12 9.0542e+11 0.0000e+00 38.50506 0.00 0.05897 0.61228 0.27145 4.37519 8.72987 115.62615 0.61228 0.27145 4.37519 8.72987 115.62615 0.5455 3.533e+12 3.018e+11
22 22 4.8289e+12 372.58 339.91 426.335 145.890 117 73.93657 69.69209 53.65487 -359.45 -156.54 -233.85 5.090e+12 3.164e+13 1.926e+13 0.04445 145.89044 4.8289e+12 3.9235e+12 3.9235e+12 0.0000e+00 0.0000e+00 128.37653 66.95 0.09741 0.74641 0.29191 103.35760 74.57958 -102.56538 0.00000 0.00000 0.00000 0.00000 0.00000 0.8083 1.275e+13 8.752e+12
23 24 1.9014e+13 744.65 696.60 673.222 52.757 104 65.12742 4.41703 72.03688 -57.59 70.28 -42.74 -4.324e+13 -3.592e+13 -3.889e+13 0.01577 52.75695 1.9014e+13 1.9014e+13 1.8410e+13 1.3883e+13 8.4506e+12 60.13401 0.00 0.01814 0.62519 0.33084 58.69921 66.77471 -43.27793 0.60224 0.31972 49.06271 49.17692 -46.60503 0.6559 1.839e+13 8.451e+12
24 26 6.0361e+11 224.64 0.00 213.168 20.501 42 38.88208 1.94873 4.17904 -17.54 432.96 153.64 0.000e+00 0.000e+00 0.000e+00 0.00000 20.50144 6.0361e+11 6.0361e+11 6.0361e+11 6.0361e+11 0.0000e+00 129.80389 0.00 0.00000 0.00000 0.00000 0.00000 0.00000 0.00000 0.00000 0.00000 0.00000 0.00000 0.00000 0.0000 4.475e+12 0.000e+00
25 27 5.4325e+12 425.54 322.04 443.406 67.921 59 40.30719 3.73180 6.40657 -160.74 255.11 -57.08 1.894e+13 2.014e+13 1.637e+13 0.05505 67.92093 5.4325e+12 5.4325e+12 5.4325e+12 9.0542e+11 0.0000e+00 62.29538 0.00 0.06880 0.75051 0.50983 -42.36622 90.87531 106.10565 0.62920 0.00000 -45.64902 38.21616 61.28979 0.5179 6.143e+12 2.716e+12
26 25 1.1770e+13 639.61 572.19 573.763 43.568 94 71.61008 22.30215 99.89241 115.47 -78.99 183.04 3.305e+13 -1.381e+13 -8.238e+13 0.04556 43.56798 1.1770e+13 1.1770e+13 1.1770e+13 9.0542e+12 4.8289e+12 100.50535 0.00 0.05301 0.33748 0.22643 78.57579 51.60180 16.53910 0.35101 0.20423 70.09865 50.78942 15.36243 0.6455 1.180e+13 4.829e+12
27 31 8.7524e+12 454.67 374.56 519.809 175.023 91 45.90735 29.13545 45.51085 156.14 -232.67 -21.13 3.501e+13 -1.430e+13 -3.306e+12 0.02683 175.02321 8.7524e+12 8.4506e+12 7.8470e+12 2.1127e+12 0.0000e+00 28.10710 0.00 0.03671 0.27350 0.03665 -119.22606 123.28906 142.09982 0.38856 0.13493 -54.56693 -42.56459 77.77306 0.5810 9.382e+12 1.056e+13
28 36 1.8410e+13 648.75 592.22 666.021 93.887 87 65.89944 64.02780 38.32143 -49.46 68.20 144.07 -1.171e+13 -2.123e+10 6.189e+12 0.00347 93.88746 1.8410e+13 1.8108e+13 1.7505e+13 1.2374e+13 6.3380e+12 51.79128 6.93 0.00371 0.74785 0.53736 87.75370 26.14984 61.34394 0.83938 0.51712 59.14666 -32.21116 58.93994 0.5511 1.595e+13 1.177e+13
29 37 8.1488e+12 443.46 352.88 507.574 174.526 83 71.43571 68.12865 55.99129 110.73 -166.82 -582.45 -2.765e+13 -2.593e+13 2.823e+13 0.04258 174.52623 8.1488e+12 7.8470e+12 7.5452e+12 4.2253e+12 0.0000e+00 88.37701 14.98 0.05148 0.66312 0.49925 -47.91513 123.02371 -44.05116 0.85436 0.69566 -58.46714 58.60231 -61.68403 0.4959 9.829e+12 1.328e+13
30 38 1.1469e+13 567.55 514.12 568.817 70.713 81 41.87404 42.70586 83.00073 122.86 -223.52 -220.48 -1.504e+13 1.346e+13 6.727e+12 0.01199 70.71339 1.1469e+13 1.1167e+13 1.0563e+13 9.6578e+12 3.6217e+12 29.14773 16.91 0.01311 0.89600 0.33564 -33.08171 42.88238 84.68104 0.93856 0.31370 67.97434 -28.91444 -54.47254 0.5747 1.154e+13 7.243e+12
31 1 1.2072e+12 267.75 182.00 268.574 33.530 77 8.51234 1.65265 89.76329 -211.86 476.49 249.47 -2.621e+12 -1.370e+12 8.580e+11 0.03886 33.52980 1.2072e+12 1.2072e+12 1.2072e+12 9.0542e+11 0.0000e+00 78.19740 0.00 0.08088 0.93832 0.66204 -22.25648 42.18804 63.96434 0.63429 0.43935 87.74866 -47.35745 30.61207 0.6581 6.042e+12 3.018e+11
32 32 3.3199e+12 368.35 319.67 376.278 51.638 77 82.32751 14.85210 2.02263 -81.39 126.41 11.68 -1.528e+13 7.909e+12 -1.267e+13 0.06547 51.63753 3.3199e+12 3.3199e+12 3.3199e+12 2.4145e+12 0.0000e+00 85.67594 0.00 0.10396 0.67779 0.59312 100.00597 -8.98674 -81.45164 0.56003 0.12795 99.74525 65.27090 -52.24118 0.6942 4.843e+12 1.811e+12
33 34 3.6217e+12 347.11 212.84 387.351 96.729 73 99.41973 22.17253 75.42926 -22.04 -88.25 37.40 1.009e+12 -3.780e+11 6.883e+12 0.02387 96.72926 3.6217e+12 3.3199e+12 3.3199e+12 6.0361e+11 0.0000e+00 53.25452 19.79 0.02932 0.27929 0.03469 -31.62941 43.58333 135.41005 0.00000 0.00000 0.00000 0.00000 0.00000 0.3695 6.297e+12 3.622e+12
34 -1 2.1127e+12 281.98 220.71 323.651 118.006 73 65.45625 85.22985 46.62445 121.36 -86.88 -104.88 -4.828e+12 -5.921e+12 1.034e+13 0.07039 118.00645 2.1127e+12 1.8108e+12 1.8108e+12 3.0181e+11 0.0000e+00 57.46875 14.49 0.13288 0.90500 0.08302 83.83881 59.71416 -65.98108 0.00000 0.00000 0.00000 0.00000 0.00000 0.6585 4.654e+12 3.320e+12
35 35 6.3380e+12 441.45 346.93 466.786 78.040 64 66.66816 93.41769 67.67534 8.01 415.91 -192.09 1.494e+13 -2.590e+12 1.940e+13 0.03553 78.04027 6.3380e+12 6.3380e+12 6.3380e+12 4.2253e+12 9.0542e+11 28.12070 0.00 0.04078 0.27930 0.00758 -11.06789 71.44308 48.91326 0.48690 0.00000 -7.44655 45.38264 29.16956 0.4986 5.924e+12 4.527e+12
36 40 4.2253e+12 371.22 274.89 407.775 88.812 61 73.85320 17.03272 0.93465 72.41 224.78 98.35 -1.193e+13 -6.619e+12 -1.059e+13 0.03473 88.81242 4.2253e+12 4.2253e+12 4.2253e+12 9.0542e+11 0.0000e+00 28.56237 0.00 0.05623 0.30945 0.20179 -8.32875 219.25302 -67.50018 0.48042 0.31129 53.83136 93.07321 45.22310 0.6207 5.963e+12 3.018e+12
37 39 1.2072e+12 235.43 162.25 268.574 87.206 60 71.28148 22.96315 0.35960 140.44 -155.80 -103.41 -6.668e+12 -1.017e+11 7.123e+11 0.27321 87.20578 1.2072e+12 1.2072e+12 6.0361e+11 3.0181e+11 0.0000e+00 110.26785 410.11 0.17613 0.46883 0.20664 10.77965 146.10796 -101.37369 0.00000 0.00000 0.00000 0.00000 0.00000 6.5526 3.320e+12 1.207e+12
38 44 3.9235e+12 352.00 277.18 397.825 113.661 58 65.19637 91.13834 26.99050 172.11 142.98 40.82 -6.175e+11 -3.851e+12 1.057e+12 0.00975 113.66097 3.9235e+12 3.6217e+12 3.3199e+12 3.0181e+11 0.0000e+00 65.95553 35.40 0.01488 0.09791 0.00000 -9.64797 47.53374 245.95598 0.00000 0.00000 0.00000 0.00000 0.00000 0.6031 5.732e+12 4.527e+12
39 43 1.2072e+12 273.49 142.13 268.574 30.221 56 42.66996 17.37140 47.50026 51.56 128.09 -421.68 -1.675e+12 3.095e+12 -1.121e+12 0.04664 30.22053 1.2072e+12 1.2072e+12 1.2072e+12 3.0181e+11 0.0000e+00 107.45859 0.00 0.09699 0.69931 0.00000 97.36252 -30.26217 -35.92571 0.00000 0.00000 0.00000 0.00000 0.00000 0.5674 5.895e+12 3.018e+11
40 48 1.1167e+13 582.06 474.04 563.783 59.476 55 67.57974 81.00075 48.22555 0.21 47.24 -91.98 4.598e+13 -2.056e+12 2.406e+13 0.03244 59.47562 1.1167e+13 1.1167e+13 1.0563e+13 9.0542e+12 4.2253e+12 30.57155 0.00 0.03346 0.67129 0.60774 79.27749 -61.08092 7.03481 0.46322 0.35951 61.60521 -60.11889 2.49600 0.5016 1.081e+13 4.829e+12
41 41 5.1307e+12 381.90 313.59 435.038 138.114 54 89.99615 35.83908 67.14744 -58.24 -157.53 -114.77 3.028e+12 -3.031e+12 2.154e+13 0.03869 138.11401 5.1307e+12 5.1307e+12 3.6217e+12 2.4145e+12 0.0000e+00 84.11681 0.00 0.05172 0.54330 0.25339 61.65145 60.98127 -46.70691 0.28815 0.05183 52.50533 41.19954 -46.26982 0.5613 5.965e+12 6.640e+12
42 46 2.1127e+12 306.26 259.03 323.651 53.916 31 96.18026 93.03808 90.52407 22.96 405.23 281.38 4.656e+11 7.203e+11 -7.619e+12 0.03306 53.91589 2.1127e+12 2.1127e+12 2.1127e+12 9.0542e+11 0.0000e+00 74.78239 0.00 0.07923 0.26700 0.00893 26.77894 108.44420 49.30793 0.35208 0.00000 20.73051 88.39005 32.39655 0.8159 3.397e+12 9.054e+11
43 29 5.7343e+12 419.44 299.12 451.470 84.684 51 5.71235 13.36920 11.97652 -127.20 -125.59 -311.71 1.136e+13 4.518e+12 2.757e+12 0.02123 84.68390 5.7343e+12 5.4325e+12 5.4325e+12 2.1127e+12 0.0000e+00 55.19171 30.92 0.02452 0.88920 0.68372 131.88966 -18.46296 72.08013 0.26131 0.00000 12.51968 22.90009 127.24418 0.4294 5.160e+12 4.225e+12
44 30 9.0542e+11 238.15 72.49 244.016 34.041 50 27.28271 28.69417 64.06377 141.82 67.85 -194.16 2.184e+12 1.134e+12 2.356e+11 0.05044 34.04099 9.0542e+11 9.0542e+11 9.0542e+11 0.0000e+00 0.0000e+00 53.34053 0.00 0.10488 0.00000 0.00000 0.00000 0.00000 0.00000 0.00000 0.00000 0.00000 0.00000 0.00000 0.2664 3.913e+12 0.000e+00
45 51 7.5452e+12 528.09 426.29 494.718 44.982 49 37.86337 82.97779 95.97725 170.58 120.46 78.62 1.013e+13 -1.958e+13 1.344e+13 0.02969 44.98235 7.5452e+12 7.2434e+12 7.2434e+12 6.0361e+12 3.0181e+12 52.98406 17.26 0.03197 0.29538 0.19094 82.13318 108.18534 88.32032 0.43895 0.39116 54.76737 64.85721 55.80883 0.5367 7.196e+12 3.320e+12
46 50 3.9235e+12 351.64 291.97 397.825 115.070 49 59.56674 29.08636 85.98280 286.21 -160.75 120.09 4.757e+12 3.942e+12 -1.355e+13 0.03942 115.06969 3.9235e+12 3.6217e+12 3.6217e+12 1.5090e+12 0.0000e+00 31.74739 23.74 0.05484 0.68670 0.33095 -83.79385 94.32083 -20.76796 0.61172 0.00000 85.19629 26.71135 29.06808 0.5616 5.389e+12 4.527e+12
47 33 1.8108e+12 279.59 215.95 307.441 67.517 49 70.18188 2.58344 25.03237 76.15 124.15 110.16 -9.114e+12 -1.109e+13 -2.058e+11 0.05858 67.51677 1.8108e+12 1.8108e+12 1.8108e+12 0.0000e+00 0.0000e+00 114.98666 0.00 0.19179 0.44057 0.17474 -87.93339 140.73463 149.16899 0.00000 0.00000 0.00000 0.00000 0.00000 0.8636 3.968e+12 1.207e+12
48 56 3.6217e+12 350.76 335.41 387.351 88.110 46 87.17148 14.11515 99.70458 -168.38 37.74 151.16 8.972e+12 1.460e+13 -1.232e+13 0.04722 88.10970 3.6217e+12 3.6217e+12 3.6217e+12 1.8108e+12 0.0000e+00 36.39373 0.00 0.08882 0.31137 0.18400 131.65317 -39.18134 -42.51296 0.26051 0.04764 108.67967 -27.12883 -1.82609 0.7753 5.549e+12 3.320e+12
49 55 5.1307e+12 450.51 325.58 435.038 45.255 45 51.46503 53.37926 39.88544 138.03 -197.74 -52.27 -4.330e+12 1.983e+13 2.259e+12 0.04518 45.25543 5.1307e+12 5.1307e+12 5.1307e+12 4.5271e+12 0.0000e+00 19.56410 0.00 0.04810 0.50131 0.08711 68.91480 125.42150 -26.93367 0.64813 0.46988 38.59288 129.48709 -15.31249 0.4505 5.456e+12 1.811e+12
50 52 5.4325e+12 394.41 297.68 443.406 119.334 44 41.64192 85.38708 45.78654 147.79 17.45 -37.95 1.362e+13 -4.141e+12 -6.182e+12 0.02335 119.33396 5.4325e+12 5.4325e+12 5.1307e+12 6.0361e+11 0.0000e+00 126.26426 0.00 0.03323 0.28816 0.07151 192.68275 -60.76088 39.04323 0.00000 0.00000 0.00000 0.00000 0.00000 0.5672 5.366e+12 5.734e+12
51 61 9.0542e+11 211.69 112.33 244.016 102.577 43 52.74958 46.42071 44.34515 8.39 -253.85 -36.18 -1.180e+11 -1.493e+12 -3.174e+12 0.04729 102.57659 9.0542e+11 3.0181e+11 3.0181e+11 0.0000e+00 0.0000e+00 106.95758 98.01 0.14887 0.00000 0.00000 0.00000 0.00000 0.00000 0.00000 0.00000 0.00000 0.00000 0.00000 1.4496 4.288e+12 1.207e+12
52 53 2.7163e+12 306.00 205.95 351.932 135.467 43 4.78838 2.99724 76.58231 -38.13 299.90 216.17 -1.557e+12 1.490e+13 1.533e+12 0.06357 135.46689 2.7163e+12 1.8108e+12 1.8108e+12 0.0000e+00 0.0000e+00 108.86756 31.93 0.10239 0.00000 0.00000 55.80950 108.50287 116.49323 0.00000 0.00000 0.00000 0.00000 0.00000 0.5451 4.585e+12 4.527e+12
53 60 1.2072e+12 251.92 122.69 268.574 47.282 42 80.55021 83.62029 2.88259 -95.39 250.59 291.48 -1.760e+12 -2.128e+12 2.977e+11 0.03812 47.28156 1.2072e+12 1.2072e+12 1.2072e+12 3.0181e+11 0.0000e+00 76.64159 0.00 0.07295 0.00000 0.00000 -72.47925 -26.92413 86.35521 0.00000 0.00000 0.00000 0.00000 0.00000 0.4598 3.725e+12 6.036e+11
54 49 2.1127e+12 286.86 187.82 323.651 90.630 42 31.87907 13.77502 43.60033 288.00 90.81 -91.32 3.222e+12 -1.411e+13 -8.645e+12 0.10496 90.62952 2.1127e+12 2.1127e+12 1.8108e+12 3.0181e+11 0.0000e+00 18.81603 61.37 0.17423 0.34597 0.03638 115.98224 70.11868 29.19698 0.00000 0.00000 0.00000 0.00000 0.00000 0.5546 4.837e+12 2.113e+12
55 45 3.9235e+12 364.72 272.25 397.825 82.053 42 34.57936 4.64650 41.14389 19.18 276.17 -31.49 -2.164e+12 -3.254e+12 -9.289e+12 0.02352 82.05289 3.9235e+12 3.9235e+12 3.9235e+12 6.0361e+11 0.0000e+00 115.52409 0.00 0.03711 0.37419 0.05990 -13.26844 140.94104 64.10608 0.00000 0.00000 0.00000 0.00000 0.00000 0.6222 6.165e+12 3.018e+12
56 54 2.4145e+12 318.67 181.62 338.382 58.076 41 38.49509 20.81099 61.42336 208.18 411.55 -274.07 5.032e+11 -3.155e+12 -9.652e+11 0.02155 58.07596 2.4145e+12 2.4145e+12 2.4145e+12 3.0181e+11 0.0000e+00 42.95237 0.00 0.02761 0.89874 0.01574 38.61002 113.54707 -1.59189 0.00000 0.00000 0.00000 0.00000 0.00000 0.3896 3.841e+12 1.509e+12
57 -1 1.2072e+12 238.64 259.42 268.574 73.123 40 71.36714 64.91143 45.00089 -57.89 -157.04 150.67 2.957e+12 -7.801e+12 7.488e+12 0.23425 73.12307 1.2072e+12 1.2072e+12 0.0000e+00 0.0000e+00 0.0000e+00 170.86627 199.12 0.29438 0.72494 0.26938 144.02576 102.24092 9.87786 0.00000 0.00000 0.00000 0.00000 0.00000 2.5015 2.616e+12 1.207e+12
58 62 3.3199e+12 343.79 269.76 376.278 79.650 37 79.30590 84.96025 4.41214 -11.49 178.92 135.08 3.037e+12 5.541e+12 1.875e+12 0.01867 79.64999 3.3199e+12 3.3199e+12 2.7163e+12 3.0181e+11 0.0000e+00 87.67735 68.88 0.03207 0.70616 0.26473 96.63264 95.67346 -80.33427 0.00000 0.00000 0.00000 0.00000 0.00000 0.6844 4.899e+12 2.716e+12
59 57 1.8108e+12 273.00 189.68 307.441 84.305 37 38.21406 8.66055 9.25322 -0.67 286.49 -55.44 4.364e+12 3.961e+12 1.243e+12 0.05048 84.30490 1.8108e+12 1.5090e+12 1.5090e+12 6.0361e+11 0.0000e+00 110.46938 47.42 0.08048 0.31356 0.18126 10.52682 82.39834 45.15360 0.00000 0.00000 0.00000 0.00000 0.00000 0.5393 4.613e+12 2.113e+12
60 58 1.8108e+12 324.58 124.65 307.441 29.327 33 97.26158 23.21682 1.62577 -380.53 -345.60 -64.99 9.824e+11 -4.213e+12 6.429e+12 0.08813 29.32707 1.8108e+12 1.5090e+12 1.2072e+12 9.0542e+11 0.0000e+00 111.87349 62.52 0.10353 0.78021 0.38111 89.46449 -47.99586 -3.76732 0.79650 0.04746 42.13497 51.20848 -36.87222 0.2587 3.392e+12 9.054e+11
61 66 1.5090e+12 282.60 153.10 289.313 40.169 29 37.29732 52.58130 42.89461 250.66 -51.56 -4.53 1.627e+12 4.074e+12 -3.988e+12 0.07159 40.16911 1.5090e+12 1.5090e+12 1.5090e+12 6.0361e+11 0.0000e+00 58.48613 0.00 0.10734 0.41554 0.04403 139.26546 -90.37566 -11.17358 0.00000 0.00000 0.00000 0.00000 0.00000 0.4232 3.060e+12 6.036e+11
62 67 6.0361e+11 242.29 0.00 213.168 14.990 29 2.39709 17.25402 53.73249 -19.65 241.70 -28.82 0.000e+00 0.000e+00 0.000e+00 0.00000 14.98987 6.0361e+11 6.0361e+11 6.0361e+11 6.0361e+11 0.0000e+00 93.04042 0.00 0.00000 0.00000 0.00000 0.00000 0.00000 0.00000 0.00000 0.00000 0.00000 0.00000 0.00000 0.0000 3.445e+12 0.000e+00
63 65 5.4325e+12 426.86 292.16 443.406 66.728 28 71.46675 65.55246 56.04317 110.95 -92.30 -567.35 1.314e+13 -3.317e+12 1.502e+13 0.03964 66.72807 5.4325e+12 5.4325e+12 5.4325e+12 2.7163e+12 0.0000e+00 34.32263 0.00 0.04333 0.48349 0.42134 167.22931 -18.46459 -24.56623 0.00000 0.00000 73.09723 112.90741 -12.10785 0.4044 5.357e+12 3.018e+12
64 59 9.0542e+11 263.35 128.81 244.016 21.171 28 21.37151 13.66052 30.05582 19.79 9.35 -23.34 -5.787e+11 -2.472e+11 -1.687e+12 0.03879 21.17087 9.0542e+11 9.0542e+11 9.0542e+11 6.0361e+11 0.0000e+00 46.90418 0.00 0.07636 0.00000 0.00000 0.00000 0.00000 0.00000 0.00000 0.00000 0.00000 0.00000 0.00000 0.5007 3.443e+12 3.018e+11
65 64 9.0542e+11 221.96 66.12 244.016 53.482 27 77.64017 56.93010 50.65607 -402.49 50.41 -22.06 2.437e+12 5.342e+11 1.201e+12 0.04021 53.48225 9.0542e+11 9.0542e+11 9.0542e+11 0.0000e+00 0.0000e+00 79.66373 56.31 0.11742 0.00000 0.00000 0.00000 0.00000 0.00000 0.00000 0.00000 0.00000 0.00000 0.00000 0.5333 2.727e+12 3.018e+11
66 71 1.5090e+12 268.84 173.76 289.313 54.201 26 85.69721 14.37638 0.32125 53.43 29.86 18.99 -7.304e+11 -2.646e+12 5.234e+12 0.06559 54.20103 1.5090e+12 1.2072e+12 1.2072e+12 6.0361e+11 0.0000e+00 93.69173 59.86 0.10699 0.36596 0.00000 32.70272 -38.14053 109.43703 0.00000 0.00000 0.00000 0.00000 0.00000 0.5189 2.647e+12 1.207e+12
67 28 1.5090e+12 266.27 182.64 289.313 57.982 26 2.77208 12.89359 9.78847 34.70 -122.05 -182.82 -1.589e+10 -2.653e+12 4.206e+12 0.03929 57.98238 1.5090e+12 1.5090e+12 1.5090e+12 0.0000e+00 0.0000e+00 101.45462 0.00 0.09004 0.41674 0.00000 -23.04935 39.44637 197.66948 0.00000 0.00000 0.00000 0.00000 0.00000 0.7051 2.586e+12 9.054e+11
68 72 1.5090e+12 269.33 94.31 289.313 53.532 25 61.71123 42.69040 69.76876 -16.59 -158.26 -261.83 -3.082e+12 3.177e+11 -1.206e+12 0.04769 53.53172 1.5090e+12 1.5090e+12 1.5090e+12 6.0361e+11 0.0000e+00 93.12418 0.00 0.06020 0.61312 0.00000 -40.73495 -6.09389 85.65869 0.00000 0.00000 0.00000 0.00000 0.00000 0.1630 2.530e+12 9.054e+11
