#ID DescID Mvir Vmax Vrms Rvir Rs Np X Y Z VX VY VZ JX JY JZ Spin rs_klypin Mvir_all M200b M200c M500c M2500c Xoff Voff spin_bullock b_to_a c_to_a A[x] A[y] A[z] b_to_a(500c) c_to_a(500c) A[x](500c) A[y](500c) A[z](500c) T/|U| M_pe_Behroozi M_pe_Diemer
#a = 0.546632
#Om = 0.285000; Ol = 0.715000; h = 0.695000
#FOF linking length: 0.280000
#Unbound Threshold: 0.500000; FOF Refinement Threshold: 0.700000
#Particle mass: 3.01807e+11 Msun/h
#Box size: 100.000000 Mpc/h
#Force resolution assumed: 0.0976562 Mpc/h
#Units: Masses in Msun / h
#Units: Positions in Mpc / h (comoving)
#Units: Velocities in km / s (physical, peculiar)
#Units: Halo Distances, Lengths, and Radii in kpc / h (comoving)
#Units: Angular Momenta in (Msun/h) * (Mpc/h) * km/s (physical)
#Units: Spins are dimensionless
#Np is an internal debugging quantity.
#Rockstar Version: 0.99.9-RC3
0 7 6.0361e+11 181.11 0.00 204.767 21.755 32 15.74055 9.32189 0.81065 174.91 117.04 282.11 0.000e+00 0.000e+00 0.000e+00 0.00000 21.75526 6.0361e+11 9.0542e+11 6.0361e+11 0.0000e+00 0.0000e+00 114.27724 0.00 0.00000 0.00000 0.00000 0.00000 0.00000 0.00000 0.00000 0.00000 0.00000 0.00000 0.00000 0.0000 2.489e+12 0.000e+00
1 8 4.8289e+12 323.35 222.45 409.534 82.182 120 18.25087 9.76040 1.55644 173.61 -191.38 122.07 8.013e+12 -1.510e+13 -1.898e+13 0.04653 82.18193 5.7343e+12 5.4325e+12 4.2253e+12 1.2072e+12 0.0000e+00 27.61820 44.51 0.05485 0.47487 0.10130 -42.76824 114.43384 122.83366 0.04858 0.00000 -16.70901 -69.56847 134.89775 0.4312 1.003e+13 4.225e+12
2 8 7.5452e+12 372.94 343.82 475.222 99.788 66 20.25939 9.72513 2.15083 492.08 -43.50 175.74 3.630e+13 6.610e+13 -5.302e+13 0.06746 99.78832 9.6578e+12 7.5452e+12 7.5452e+12 3.0181e+12 1.2072e+12 79.94049 49.04 0.09409 0.44382 0.32570 63.05522 -35.77111 -59.71774 0.20722 0.00000 59.13949 -41.48577 -29.95793 0.6481 7.126e+12 5.433e+12
3 10 8.4506e+12 404.42 316.88 493.517 77.779 44 24.67968 11.59008 4.28952 -482.53 -128.75 -25.12 2.201e+13 3.276e+12 -8.699e+12 0.01898 77.77941 8.4506e+12 8.4506e+12 8.4506e+12 5.4325e+12 2.1127e+12 30.73175 0.00 0.02019 0.21511 0.06208 121.91373 -82.80201 8.56578 0.42007 0.05491 76.75260 -41.21261 15.04515 0.4570 8.149e+12 6.036e+12
4 9 1.1378e+14 893.15 945.73 1174.078 367.434 550 22.84943 10.79616 3.34139 2.30 134.66 193.07 1.267e+15 1.352e+15 6.288e+14 0.01786 327.65994 1.1378e+14 1.1680e+14 9.6578e+13 6.5190e+13 2.9275e+13 131.70966 4.50 0.02170 0.74246 0.38893 148.57146 63.72880 53.51274 0.68879 0.46184 117.32246 41.23448 32.04567 0.6357 1.023e+14 1.376e+14
5 34 8.4506e+12 519.77 476.68 493.517 26.044 95 27.35416 12.16942 5.05119 -147.95 -37.65 83.94 1.437e+13 2.182e+13 8.833e+12 0.01411 26.04407 8.4506e+12 8.4506e+12 7.2434e+12 4.8289e+12 4.2253e+12 50.36428 44.51 0.02331 0.52466 0.20696 24.98557 64.07908 -31.60884 0.65460 0.25989 23.69351 51.96944 -27.82744 0.8181 1.936e+13 3.320e+12
6 35 1.2072e+13 442.60 399.01 555.823 105.041 178 29.72450 12.71423 5.56203 -260.60 102.87 305.93 -2.996e+13 -1.756e+12 1.080e+14 0.04630 105.04147 1.2072e+13 1.2072e+13 1.0261e+13 7.8470e+12 3.0181e+12 79.79613 50.69 0.05229 0.59467 0.42330 56.26689 78.47623 -25.29660 0.61476 0.29420 39.09369 64.78767 -8.83136 0.5461 2.083e+13 9.658e+12
7 36 5.4325e+12 325.71 269.24 425.932 112.300 125 33.97444 13.61191 5.75496 -366.48 -214.84 330.52 5.337e+11 -2.796e+13 1.896e+13 0.03851 112.29971 5.4325e+12 5.4325e+12 3.3199e+12 3.0181e+11 0.0000e+00 33.02844 0.00 0.05963 0.33455 0.18018 98.08754 -55.85978 8.80440 0.00000 0.00000 0.00000 0.00000 0.00000 0.6224 1.084e+13 5.433e+12
8 0 4.6478e+13 652.26 752.41 871.144 487.016 269 7.24892 4.37273 91.27897 -498.02 557.36 537.66 5.933e+13 -6.721e+12 8.560e+13 0.00308 306.97556 4.6780e+13 4.7082e+13 3.9537e+13 2.0523e+13 9.0542e+12 179.09927 70.67 0.00515 0.33632 0.23353 -49.15532 136.82309 -33.32627 0.39895 0.35610 -37.09856 81.24236 -23.74163 0.7896 4.001e+13 7.455e+13
9 1 2.1428e+14 1153.38 1290.74 1449.893 283.956 481 4.77150 5.23654 94.52596 -119.93 97.17 89.85 -7.768e+15 -2.328e+14 -5.595e+15 0.02792 275.91330 2.1428e+14 2.1640e+14 2.0583e+14 1.3430e+14 5.6438e+13 95.72031 118.87 0.03697 0.32066 0.25594 -146.43103 -0.87698 176.01166 0.39721 0.28150 -104.61024 -3.33615 127.45722 0.7192 1.984e+14 1.892e+14
10 1 7.2736e+13 808.63 917.88 1011.398 997.761 300 4.64070 5.25315 94.65793 -365.43 176.46 945.16 -1.214e+15 -1.903e+15 -1.059e+15 0.03385 185.98036 7.6659e+13 7.3641e+13 6.2474e+13 3.4406e+13 1.9014e+13 142.26018 53.94 0.05828 0.42799 0.34397 -101.51364 9.08775 117.96661 0.55033 0.44688 -64.88242 -9.83958 85.31590 0.8173 6.267e+13 9.054e+13
11 3 6.2172e+13 759.09 816.52 959.855 209.404 254 74.11458 18.38363 1.31590 -36.83 420.99 117.28 5.120e+14 -2.721e+14 3.632e+14 0.01608 190.36771 6.2172e+13 6.2172e+13 5.7645e+13 3.5613e+13 1.5694e+13 93.14919 76.32 0.02077 0.85514 0.48563 -59.89188 120.71167 -33.21548 0.82783 0.41947 41.52452 91.81638 -34.60809 0.6897 5.442e+13 5.674e+13
12 4 9.2957e+13 863.61 887.73 1097.573 291.480 354 72.24948 21.54416 0.57288 179.46 -201.85 122.65 -1.037e+15 1.892e+15 1.012e+15 0.03123 225.95236 9.2957e+13 9.3560e+13 8.6921e+13 5.3420e+13 2.2636e+13 67.00382 76.72 0.03702 0.93286 0.81288 108.50215 -95.26667 43.22118 0.79967 0.62617 -1.19679 -10.62665 115.64592 0.6271 8.383e+13 9.447e+13
13 6 5.1307e+12 380.44 296.24 417.894 39.008 60 71.07800 24.80189 4.03447 121.94 -559.55 97.83 2.379e+12 1.022e+13 -1.112e+13 0.03022 39.00790 5.1307e+12 5.7343e+12 4.5271e+12 4.5271e+12 1.8108e+12 38.72661 22.99 0.02967 0.74997 0.47287 -22.75880 80.12179 -14.50192 0.16535 0.02629 16.07725 64.35346 45.67120 0.4473 9.435e+12 2.716e+12
14 14 9.0542e+11 198.47 47.52 234.400 30.835 42 48.76337 18.64392 44.16142 28.94 162.73 -455.35 1.414e+12 -4.622e+11 -4.049e+10 0.02782 30.83506 9.0542e+11 9.0542e+11 9.0542e+11 0.0000e+00 0.0000e+00 81.45726 0.00 0.05204 0.00000 0.00000 0.00000 0.00000 0.00000 0.00000 0.00000 0.00000 0.00000 0.00000 0.1749 3.890e+12 3.018e+11
15 15 2.2636e+13 568.68 597.71 685.388 100.577 143 52.02293 15.59661 40.60363 -343.58 -449.07 -431.53 -1.145e+14 3.773e+13 4.658e+13 0.01581 100.57674 2.3541e+13 2.2937e+13 2.0523e+13 1.5694e+13 5.4325e+12 63.18478 19.72 0.02113 0.57194 0.43460 -5.28776 76.07992 104.23429 0.44181 0.30573 -5.79097 41.76253 104.58244 0.7106 2.208e+13 1.569e+13
16 16 9.9295e+13 909.26 973.67 1121.971 197.080 355 52.14844 15.37099 40.40723 -115.95 387.00 9.64 9.224e+14 -2.426e+15 4.208e+15 0.05140 189.08359 9.9295e+13 1.0080e+14 9.2353e+13 6.9416e+13 1.8410e+13 132.20094 60.67 0.06879 0.62267 0.34994 -21.96283 151.95097 74.88060 0.53626 0.28378 -22.47439 113.93951 52.55560 0.7146 8.815e+13 7.696e+13
17 126 1.1770e+13 413.89 374.78 551.152 183.721 111 57.51434 29.90935 27.84958 4.36 -150.25 458.71 -3.013e+13 -2.409e+13 -3.401e+13 0.01445 183.72061 1.1770e+13 1.2072e+13 6.6398e+12 6.0361e+11 0.0000e+00 47.74386 0.00 0.02502 0.66677 0.03829 -98.54855 91.90887 -52.92375 0.00000 0.00000 0.00000 0.00000 0.00000 0.7170 1.248e+13 1.690e+13
18 33 9.9295e+13 850.45 864.50 1121.971 276.713 377 58.20155 30.71644 31.73384 -201.40 -268.80 17.52 -1.109e+15 1.214e+15 -1.201e+15 0.02378 326.82849 9.9295e+13 1.0020e+14 8.4204e+13 5.3118e+13 1.7807e+13 81.83163 39.68 0.02833 0.68118 0.46675 118.18609 23.88007 -105.32407 0.74639 0.45507 81.90099 6.29349 -79.09071 0.6057 8.677e+13 9.839e+13
19 17 1.3913e+14 993.36 1070.60 1255.500 239.180 366 72.28687 68.43810 52.79913 -148.94 -355.20 -248.75 5.748e+15 1.289e+15 9.036e+15 0.05951 248.17332 1.3974e+14 1.4004e+14 1.3189e+14 8.7524e+13 1.8108e+13 185.30486 186.87 0.08554 0.92353 0.71398 -24.01248 159.90038 125.37719 0.87881 0.61291 -35.96016 51.18499 145.53665 0.7343 1.264e+14 1.183e+14
20 18 3.7424e+13 614.11 726.19 810.445 300.753 165 72.60642 68.40248 52.42519 184.92 576.66 -667.56 2.726e+14 -1.487e+14 1.798e+13 0.01229 237.07286 3.7424e+13 3.8631e+13 3.3501e+13 1.9014e+13 7.8470e+12 138.26987 29.54 0.02201 0.72626 0.39147 -46.76460 35.28443 116.15057 0.66570 0.38767 -41.34579 46.08731 58.90890 0.8218 3.307e+13 4.648e+13
21 23 8.2997e+13 819.35 879.99 1056.884 258.009 382 39.18187 17.03062 42.42231 279.30 256.84 76.26 -1.029e+15 1.030e+15 -1.215e+15 0.02803 244.99857 8.2997e+13 8.5713e+13 7.2132e+13 4.9496e+13 1.8712e+13 53.19361 81.38 0.03557 0.62066 0.41532 98.15417 117.66154 20.36139 0.58597 0.36452 80.57768 93.84368 23.34000 0.6724 7.223e+13 8.028e+13
22 25 9.9596e+12 396.87 351.39 521.300 144.220 67 39.34485 19.22362 42.99261 408.74 -571.50 6.33 8.229e+13 1.421e+13 -5.849e+13 0.04431 144.21954 9.9596e+12 9.9596e+12 7.2434e+12 1.8108e+12 0.0000e+00 108.45406 19.58 0.06552 0.56028 0.17308 45.77509 38.08792 139.70691 0.86158 0.17185 0.65680 -51.36542 57.64938 0.6428 8.935e+12 1.026e+13
23 26 1.2102e+14 916.70 944.87 1198.481 651.568 341 71.38416 60.41404 49.34274 -156.54 381.59 82.13 5.638e+15 2.560e+15 5.430e+15 0.05550 315.24234 1.2102e+14 1.2465e+14 1.0956e+14 3.9839e+13 1.5392e+13 132.29964 244.76 0.08240 0.41534 0.32846 -57.24258 215.54659 -26.16224 0.60008 0.49689 30.24472 104.27790 25.32210 0.7210 1.048e+14 1.473e+14
24 27 3.9839e+13 639.94 655.15 827.512 467.900 139 70.88304 61.09423 49.18283 -304.58 -538.96 577.41 -2.276e+14 -8.797e+14 -5.317e+14 0.04472 196.02946 3.9839e+13 4.0140e+13 3.6821e+13 1.5090e+13 4.8289e+12 109.31454 8.31 0.06712 0.42115 0.22226 139.74356 -20.53410 81.45833 0.44282 0.32488 57.82492 -26.28753 75.54575 0.7188 3.549e+13 4.557e+13
25 11 1.2978e+13 458.30 398.70 569.385 100.184 80 93.68459 40.75234 61.26934 -659.97 81.18 -286.78 4.958e+13 6.656e+13 -5.763e+13 0.03764 100.18436 1.3280e+13 1.2978e+13 1.1167e+13 8.7524e+12 2.7163e+12 38.57628 51.69 0.04177 0.61243 0.43137 -85.82014 87.41283 -27.78383 0.54064 0.28288 -40.19717 58.49601 -53.66040 0.5226 1.274e+13 9.960e+12
26 12 7.9979e+13 778.30 774.16 1043.915 703.270 295 93.38971 41.66340 61.39382 -136.60 -386.26 47.61 1.449e+15 4.426e+14 -2.959e+15 0.05135 410.29141 7.9979e+13 8.4506e+13 6.7605e+13 3.1992e+13 9.6578e+12 102.26044 76.82 0.06633 0.59661 0.37145 122.61410 -79.38100 77.74866 0.60385 0.37117 76.06585 -50.90602 61.14499 0.6299 7.385e+13 1.213e+14
27 32 1.0231e+14 923.03 956.41 1133.225 188.780 419 53.54885 41.05530 58.03026 164.32 -252.87 -194.15 3.809e+14 4.505e+14 4.955e+14 0.00864 185.15944 1.0231e+14 1.0443e+14 9.0844e+13 6.5492e+13 2.5050e+13 13.89076 138.43 0.01020 0.66364 0.42129 6.99157 82.48135 142.98875 0.57231 0.37435 -16.08090 93.07199 104.28942 0.6435 8.789e+13 7.424e+13
28 28 1.7505e+13 471.97 458.61 629.109 213.389 137 70.76749 2.02240 25.21372 142.27 403.95 281.18 6.758e+12 1.651e+14 2.718e+13 0.03312 213.38893 1.7505e+13 1.8410e+13 1.3280e+13 7.5452e+12 3.3199e+12 43.55914 8.84 0.04205 0.79568 0.54650 107.75367 -12.39679 -56.77665 0.89611 0.57107 70.09908 2.07768 -52.05584 0.6099 1.630e+13 1.962e+13
29 29 2.6861e+13 564.32 531.99 725.626 163.785 99 70.86021 2.84866 25.77214 136.05 -106.71 170.25 -2.577e+14 -7.862e+12 -7.950e+13 0.02857 163.78516 2.6861e+13 2.7163e+13 2.5050e+13 1.5090e+13 3.3199e+12 20.38769 0.00 0.03317 0.65162 0.27566 3.02949 125.35648 45.55557 0.43346 0.19597 5.39934 114.91427 33.13448 0.5689 3.388e+13 2.535e+13
30 30 8.1488e+12 368.73 352.55 487.571 146.253 50 72.42915 1.20764 23.91858 -303.63 314.25 310.81 -4.957e+13 -8.555e+13 -1.349e+13 0.04339 146.25319 8.1488e+12 8.1488e+12 6.9416e+12 0.0000e+00 0.0000e+00 36.78258 0.00 0.08959 0.19149 0.05660 123.03335 -111.54959 -65.86492 0.00000 0.00000 0.00000 0.00000 0.00000 0.8003 7.770e+12 9.054e+12
31 31 1.2072e+13 413.89 394.94 555.823 229.487 60 71.17052 4.01461 27.66074 -89.59 -292.49 -25.00 1.836e+14 5.412e+13 -4.744e+13 0.06787 229.48653 1.2072e+13 1.2072e+13 8.7524e+12 5.4325e+12 0.0000e+00 99.73389 32.79 0.09195 0.74898 0.36931 122.98520 -9.74023 -24.10542 0.51725 0.23257 51.98943 32.24298 52.64914 0.6256 1.119e+13 1.690e+13
32 20 1.2072e+12 202.11 183.85 257.990 54.913 27 54.18202 27.57822 34.63942 -20.69 235.78 856.67 -2.466e+12 4.299e+12 2.236e+12 0.05902 54.91261 1.2072e+12 1.2072e+12 9.0542e+11 3.0181e+11 0.0000e+00 82.40706 47.03 0.11768 0.61138 0.18714 10.60534 -73.96819 81.27516 0.00000 0.00000 0.00000 0.00000 0.00000 1.4488 2.996e+12 9.054e+11
33 21 8.9335e+13 822.04 867.79 1083.129 364.272 369 54.52370 27.91749 35.78510 -131.71 -115.53 -68.25 1.974e+14 -8.931e+14 9.475e+14 0.01674 310.72318 8.9335e+13 9.1448e+13 7.9677e+13 4.3762e+13 1.6298e+13 87.64472 38.37 0.02185 0.63419 0.37576 -71.43963 4.55696 149.43399 0.67798 0.41825 -39.63173 15.65282 102.00127 0.6695 7.951e+13 1.083e+14
34 40 5.1609e+13 683.46 711.11 902.087 581.097 285 73.79012 4.27742 30.17345 -224.94 -122.87 -151.86 3.738e+14 4.514e+14 -2.918e+14 0.02219 264.34351 5.1609e+13 5.2514e+13 4.4667e+13 2.5050e+13 1.2072e+13 128.84357 47.12 0.02711 0.66396 0.26927 115.94833 -85.13311 28.74011 0.67790 0.29834 74.52522 -72.68362 5.12876 0.6269 4.510e+13 8.088e+13
35 41 1.9617e+13 498.97 486.58 653.463 175.004 113 77.14540 4.11446 32.50629 -492.85 54.09 -210.39 3.175e+13 -1.274e+14 -8.210e+12 0.02259 175.00357 1.9617e+13 1.9919e+13 1.7203e+13 9.0542e+12 4.5271e+12 68.73313 0.00 0.02732 0.87866 0.40472 102.84628 -39.28916 43.09306 0.79917 0.21855 75.14518 -9.92344 42.05907 0.5954 1.682e+13 2.022e+13
36 38 2.7766e+13 635.90 651.85 733.690 85.831 144 71.13793 61.68663 53.41374 -206.76 -414.02 -391.05 3.733e+14 -3.018e+14 3.009e+14 0.04930 85.83096 2.7766e+13 2.8068e+13 2.4748e+13 1.6599e+13 9.9596e+12 121.34003 0.00 0.06593 0.86374 0.49119 47.22586 38.56694 85.24606 0.78060 0.45553 37.44283 42.45323 60.34805 0.7195 2.562e+13 1.449e+13
37 38 8.9939e+13 850.22 968.38 1085.563 263.199 242 71.30022 62.05190 53.33866 96.74 134.65 -727.03 1.962e+15 -2.060e+15 -7.925e+14 0.02921 231.50517 8.9939e+13 9.0542e+13 8.4506e+13 5.3420e+13 1.2072e+13 254.43250 118.60 0.04845 0.31472 0.19138 85.64147 183.17786 -78.95349 0.31916 0.10713 61.62251 144.34341 -55.45977 0.8002 8.053e+13 8.903e+13
38 108 1.9014e+13 542.63 514.44 646.691 89.240 126 60.95128 27.88984 86.85323 265.46 -239.73 83.25 3.029e+13 -4.736e+13 -5.893e+13 0.01488 89.24039 1.9014e+13 1.9316e+13 1.8712e+13 1.4185e+13 3.0181e+12 53.09100 0.00 0.01781 0.92223 0.47118 3.95815 -60.43656 114.46061 0.77307 0.30329 -47.30643 -28.10260 106.76196 0.6195 1.862e+13 1.237e+13
39 -1 6.0361e+11 155.47 0.00 204.767 58.477 26 62.77156 27.06261 87.47028 266.94 -115.60 -56.14 -1.354e+12 1.456e+12 -1.057e+12 0.20059 58.47681 6.0361e+11 6.0361e+11 0.0000e+00 0.0000e+00 0.0000e+00 168.74159 107.86 0.15470 0.00000 0.00000 0.00000 0.00000 0.00000 0.00000 0.00000 0.00000 0.00000 0.00000 0.0000 1.831e+12 6.036e+11
40 70 6.3380e+12 366.08 362.67 448.390 72.233 178 66.71365 24.34709 89.27502 -58.93 -186.43 127.45 -3.681e+11 2.918e+13 4.742e+12 0.02435 72.23257 6.3380e+12 6.9416e+12 6.0361e+12 2.4145e+12 0.0000e+00 44.80511 0.00 0.04035 0.15455 0.02415 -80.32058 231.96799 115.08605 0.81307 0.57122 -34.98772 80.70959 36.69231 0.7585 1.842e+13 4.225e+12
41 42 5.9758e+13 719.53 738.18 947.265 459.440 255 46.93026 28.24456 45.52276 216.14 -198.20 -47.92 9.598e+12 -2.300e+14 -1.307e+14 0.00709 269.03989 5.9758e+13 6.1267e+13 5.3722e+13 2.7766e+13 1.1770e+13 50.75550 34.50 0.00859 0.75420 0.48549 -97.21164 42.43395 103.60089 0.66911 0.56822 47.05802 69.16360 -58.45315 0.6193 5.338e+13 8.602e+13
42 43 1.1167e+13 522.71 471.07 541.565 39.670 62 47.99636 28.63400 46.01689 -464.18 -82.72 -493.10 -2.997e+13 1.008e+13 5.790e+13 0.03365 39.66986 1.1167e+13 1.1469e+13 1.0865e+13 9.9596e+12 5.7343e+12 20.40049 17.93 0.03503 0.70595 0.67695 -15.64922 -27.71348 86.72189 0.65491 0.48729 -14.03989 -27.07615 82.52583 0.5915 1.325e+13 4.829e+12
43 56 8.7524e+12 376.16 438.56 499.324 158.160 66 92.46179 23.04994 1.10878 -259.96 -266.10 -97.12 6.254e+13 -2.655e+13 -4.844e+13 0.00740 158.16031 8.7524e+12 8.7524e+12 6.6398e+12 3.3199e+12 0.0000e+00 49.01281 0.00 0.06650 0.32422 0.04031 26.41727 80.12830 88.06908 0.37680 0.04009 13.63603 70.81535 21.83477 0.9910 1.437e+13 1.087e+13
44 55 1.1167e+13 403.87 390.32 541.565 211.081 65 91.31582 24.59934 1.19786 -141.21 -672.77 -149.08 -2.977e+13 3.218e+13 6.659e+13 0.01924 211.08073 1.1167e+13 1.1167e+13 3.6217e+12 1.2072e+12 0.0000e+00 67.43620 35.50 0.04234 0.64796 0.43319 -115.86404 102.54819 138.47496 0.43846 0.00000 86.12590 -43.74637 110.77099 0.8208 1.491e+13 1.600e+13
45 138 2.1730e+13 546.95 509.67 676.125 115.237 96 95.20711 21.89211 1.38048 -491.12 -313.91 -49.18 -4.126e+13 -1.544e+14 -2.104e+14 0.04349 115.23698 2.1730e+13 2.2032e+13 2.0221e+13 1.3280e+13 5.1307e+12 18.33629 0.00 0.04626 0.53312 0.39466 -68.81641 82.05250 -41.95184 0.45099 0.21391 -49.07378 71.03934 -38.29472 0.5309 2.050e+13 1.690e+13
46 57 1.2072e+12 199.60 160.03 257.990 60.877 38 90.54804 26.06841 1.19198 -215.52 -794.08 -17.93 4.125e+12 5.540e+12 -8.907e+12 0.12190 60.87741 1.2072e+12 1.5090e+12 9.0542e+11 0.0000e+00 0.0000e+00 95.51659 108.94 0.24398 0.44871 0.06918 111.89182 -92.83167 -4.85170 0.00000 0.00000 0.00000 0.00000 0.00000 1.4586 2.627e+12 1.207e+12
47 -1 6.0361e+11 152.89 0.00 204.767 76.994 30 71.45526 28.07959 5.32062 -160.99 -466.91 207.23 8.936e+11 -7.202e+11 -2.606e+11 0.20883 76.99361 6.0361e+11 6.0361e+11 0.0000e+00 0.0000e+00 0.0000e+00 150.86142 54.90 0.08088 0.00000 0.00000 0.00000 0.00000 0.00000 0.00000 0.00000 0.00000 0.00000 0.00000 0.0000 2.181e+12 1.207e+12
48 44 1.2072e+12 193.00 221.77 257.990 92.565 68 70.63675 27.51379 5.79425 219.78 -480.57 0.04 -3.929e+12 -1.950e+13 -8.029e+12 0.99878 92.56466 2.1127e+12 1.5090e+12 0.0000e+00 0.0000e+00 0.0000e+00 121.55212 177.46 0.46423 0.48493 0.22013 170.59979 25.89355 99.81458 0.00000 0.00000 0.00000 0.00000 0.00000 12.8494 9.822e+12 2.113e+12
49 45 1.4185e+13 451.37 420.88 586.519 145.252 119 71.71186 31.34904 5.72303 44.38 -700.24 263.50 -8.227e+13 1.792e+13 -1.414e+14 0.04240 145.25195 1.4185e+13 1.4185e+13 1.3581e+13 7.2434e+12 0.0000e+00 105.97961 0.00 0.05867 0.27681 0.25019 -122.79251 180.66696 60.73550 0.53095 0.00232 -55.60687 59.73894 82.18502 0.6494 1.730e+13 1.418e+13
50 46 8.7524e+12 398.67 295.44 499.324 92.671 77 72.96353 30.83129 6.56488 -300.50 -520.70 -53.04 -1.211e+13 6.273e+12 -1.881e+13 0.01769 92.67071 8.7524e+12 8.7524e+12 8.1488e+12 5.4325e+12 0.0000e+00 20.09057 0.00 0.01852 0.79450 0.62002 124.78059 20.46450 -3.56072 0.47631 0.00000 78.03129 23.20052 -18.72136 0.4134 8.250e+12 6.942e+12
51 47 4.4064e+13 692.88 701.17 855.790 159.172 235 99.34441 22.34649 75.73573 -35.24 71.75 101.48 2.603e+14 1.042e+14 -2.498e+14 0.01813 145.08499 4.4064e+13 4.4366e+13 3.9839e+13 2.7766e+13 1.2676e+13 27.39199 40.60 0.02023 0.78120 0.45710 32.39451 -53.55875 111.32116 0.83889 0.42849 14.71271 -64.25821 77.50706 0.6004 3.903e+13 3.592e+13
52 48 4.7987e+13 667.53 674.77 880.472 325.403 216 42.51901 41.55451 81.78397 162.05 -234.69 -315.71 3.345e+14 4.589e+14 -1.973e+14 0.02327 255.83328 4.7987e+13 5.0100e+13 4.1348e+13 2.5955e+13 7.8470e+12 68.81661 47.88 0.02811 0.72856 0.45458 -18.32932 102.94959 90.16428 0.86980 0.41120 -20.57625 84.71706 -38.29884 0.6084 4.252e+13 5.855e+13
53 68 4.6478e+13 669.34 667.80 871.144 261.426 215 39.09616 22.73098 60.50898 222.26 266.95 -223.45 2.859e+14 -4.094e+13 1.856e+14 0.01400 219.04149 4.6478e+13 4.7686e+13 4.2555e+13 2.4145e+13 9.9596e+12 35.95231 33.62 0.01693 0.61225 0.43017 -43.13896 7.64814 144.52203 0.89987 0.51225 -25.17169 -10.68136 96.28546 0.6121 4.054e+13 5.101e+13
54 54 1.3280e+13 434.28 414.46 573.765 170.248 104 4.57764 6.28121 75.86742 -100.79 142.27 398.08 -2.958e+13 1.156e+14 1.035e+14 0.03642 170.24796 1.3280e+13 1.3883e+13 1.0563e+13 0.0000e+00 0.0000e+00 75.34259 17.95 0.06283 0.10959 0.01676 14.07431 -197.46019 248.64355 0.00000 0.00000 0.00000 0.00000 0.00000 0.7397 1.431e+13 1.569e+13
55 53 2.9275e+13 604.08 588.89 746.747 127.274 133 4.74379 4.65710 77.57425 -12.25 406.25 197.84 4.962e+13 -1.087e+14 -1.253e+14 0.01577 127.27394 2.9275e+13 2.9275e+13 2.6861e+13 1.7203e+13 8.1488e+12 46.45250 0.00 0.01844 0.82493 0.29796 19.47202 4.84331 118.99326 0.72121 0.34262 -2.64013 55.51511 68.78053 0.6056 2.552e+13 2.022e+13
56 60 2.2636e+13 536.84 517.78 685.388 146.078 149 33.58778 14.04686 43.18567 386.39 164.43 -136.41 -2.020e+13 1.958e+14 -2.423e+14 0.04165 146.07762 2.2636e+13 2.3239e+13 2.2032e+13 1.0261e+13 5.1307e+12 79.61239 0.00 0.05106 0.66391 0.59506 112.90428 26.39630 11.05890 0.60168 0.38932 83.67593 31.82945 -3.33283 0.6058 2.208e+13 1.932e+13
57 63 1.1469e+13 416.26 381.69 546.400 150.021 71 44.49147 18.35114 43.68528 -182.14 193.12 -11.16 -4.067e+13 -9.503e+13 -1.101e+14 0.05310 150.02141 1.1469e+13 1.1469e+13 8.7524e+12 3.6217e+12 0.0000e+00 80.55128 0.00 0.07672 0.04652 0.01336 164.55617 -49.52823 -78.27664 0.10544 0.08718 128.84016 -46.86007 -57.97671 0.6545 1.191e+13 1.237e+13
58 62 2.9879e+13 643.01 634.79 751.845 93.955 120 43.14252 18.13871 44.96935 59.76 207.80 -624.46 1.875e+13 3.962e+13 -2.371e+14 0.02206 93.95471 2.9879e+13 2.9879e+13 2.7464e+13 2.2636e+13 7.5452e+12 103.13142 0.00 0.02483 0.75401 0.56299 -53.20153 54.30540 88.73057 0.59215 0.33976 -32.74271 56.08597 68.84901 0.6204 2.908e+13 1.871e+13
59 63 3.0181e+12 264.01 167.63 350.146 109.510 28 46.54165 18.16274 43.31841 -182.83 93.21 -52.99 5.005e+12 -1.089e+13 -7.828e+12 0.04805 109.51015 3.0181e+12 3.3199e+12 2.7163e+12 3.0181e+11 0.0000e+00 95.11346 5.40 0.06727 0.74588 0.06788 110.49589 2.73407 48.80972 0.00000 0.00000 0.00000 0.00000 0.00000 0.4248 3.538e+12 3.923e+12
60 58 5.4325e+12 384.79 345.08 425.932 41.125 35 42.89558 82.67930 45.12980 168.74 384.80 127.47 -3.449e+13 -1.142e+13 -4.265e+13 0.07070 41.12506 5.4325e+12 5.4325e+12 5.1307e+12 4.5271e+12 0.0000e+00 30.43346 0.00 0.09887 0.71436 0.26341 96.32249 8.38791 -13.55565 0.08919 0.02032 91.17797 -17.01931 -2.23283 0.6915 7.240e+12 1.509e+12
61 59 2.7464e+13 569.50 615.06 731.022 162.661 156 42.60923 85.41139 45.76987 202.29 52.34 -33.57 1.882e+13 -1.610e+13 -1.133e+14 0.00949 162.66135 2.7464e+13 2.8672e+13 2.3843e+13 1.6901e+13 5.4325e+12 90.01426 0.00 0.01374 0.71154 0.48306 117.15518 54.44386 38.39692 0.69607 0.47745 79.11758 29.05347 57.28260 0.7317 2.667e+13 2.384e+13
62 65 1.5694e+13 483.72 457.94 606.621 113.558 104 27.33731 29.06464 63.55059 106.22 18.86 -22.28 3.784e+13 -2.257e+13 3.685e+13 0.01342 113.55761 1.5694e+13 1.5694e+13 1.4789e+13 1.0261e+13 0.0000e+00 103.29961 0.00 0.01730 0.70726 0.31793 -53.53352 1.71289 135.51338 0.18352 0.09893 -60.11446 15.90627 128.86636 0.6298 2.162e+13 1.207e+13
63 66 1.0865e+13 434.93 401.67 536.641 90.399 67 28.86292 28.45718 64.17585 -34.79 69.60 -302.11 -2.445e+13 2.213e+13 -9.621e+13 0.04656 90.39880 1.0865e+13 1.1167e+13 1.0865e+13 6.9416e+12 0.0000e+00 36.75306 0.00 0.05653 0.84252 0.56700 108.24163 -47.13248 21.68121 0.11369 0.04363 112.91010 -63.43415 61.08403 0.5983 1.058e+13 7.243e+12
64 51 3.1690e+13 655.38 645.42 766.737 117.945 145 96.60982 23.84822 50.46935 -48.15 -209.75 361.09 -1.834e+14 6.948e+13 1.983e+14 0.02296 96.09055 3.1690e+13 3.1992e+13 3.0181e+13 2.3843e+13 9.0542e+12 37.37853 6.29 0.02604 0.71503 0.62202 74.94732 -51.99355 -66.36235 0.67187 0.61876 -58.29465 44.90903 59.64703 0.6242 3.043e+13 2.414e+13
65 52 1.8108e+13 554.36 509.89 636.258 72.564 65 97.21609 23.56997 52.90111 -95.67 -22.08 -46.13 5.811e+13 3.019e+13 2.140e+14 0.04519 72.56445 1.8108e+13 1.8108e+13 1.5996e+13 1.2072e+13 2.7163e+12 46.47587 0.00 0.05309 0.56406 0.42069 -56.44511 2.72228 110.83721 0.45831 0.37359 -28.78738 -1.47856 100.03418 0.6201 1.691e+13 1.056e+13
66 80 2.0221e+13 499.33 494.68 660.097 197.401 160 52.58121 44.41197 44.64960 9.77 -72.48 18.00 -2.126e+14 1.312e+14 4.955e+13 0.03229 197.40097 2.0221e+13 2.4446e+13 1.6901e+13 7.5452e+12 0.0000e+00 60.14875 0.00 0.05028 0.28068 0.19907 62.27683 128.54332 -92.06541 0.15166 0.05642 -54.58443 -73.60542 86.25529 0.7187 2.332e+13 2.656e+13
67 81 9.0542e+12 389.64 297.99 504.999 122.118 46 52.68631 44.95156 44.20427 -6.87 -572.18 69.53 -1.625e+13 -7.789e+12 -5.953e+11 0.01329 122.11833 9.0542e+12 9.3560e+12 7.2434e+12 5.4325e+12 2.1127e+12 42.86367 10.00 0.01358 0.29412 0.17108 -10.50629 90.25005 61.45117 0.12444 0.01516 -13.67597 126.87701 88.37546 0.3813 8.134e+12 8.752e+12
68 67 4.1951e+13 683.70 736.78 841.889 157.811 203 34.78531 6.56032 41.08051 104.90 453.31 -0.30 1.885e+14 3.336e+14 2.019e+14 0.01948 140.07422 4.1951e+13 4.5875e+13 3.6821e+13 2.5352e+13 1.1167e+13 107.98182 36.20 0.02533 0.82010 0.50602 -54.20704 95.43257 -60.16324 0.83334 0.54978 50.75845 -53.26393 56.16412 0.7007 3.910e+13 3.229e+13
69 77 2.1127e+13 595.60 580.65 669.806 69.442 112 39.50687 3.91016 5.03355 99.58 454.66 173.10 1.389e+13 -5.795e+13 1.101e+14 0.02115 69.44155 2.1127e+13 2.1428e+13 2.0523e+13 1.5996e+13 8.1488e+12 37.30322 0.00 0.02297 0.70980 0.52804 91.43390 -37.22526 24.17557 0.59122 0.44018 78.14608 -23.56367 37.07343 0.6152 2.321e+13 1.177e+13
70 78 1.8410e+13 493.83 432.95 639.774 154.109 87 39.53688 4.82230 6.02710 -186.42 190.02 -98.91 -2.478e+13 -1.120e+13 1.945e+14 0.03852 154.10883 1.8410e+13 1.9014e+13 1.6901e+13 6.6398e+12 0.0000e+00 6.42132 0.00 0.04533 0.84168 0.54856 17.65594 -12.03733 141.12100 0.32764 0.04549 -29.85938 51.69614 121.90870 0.5309 1.705e+13 1.781e+13
71 79 3.3802e+13 589.53 574.37 783.410 267.612 182 66.60423 95.22372 66.56049 -119.84 378.77 -197.04 1.580e+14 -1.686e+14 -6.160e+13 0.01662 252.38071 3.3802e+13 3.5311e+13 2.4748e+13 1.5996e+13 8.1488e+12 86.99461 9.21 0.02005 0.62813 0.51213 -77.81969 108.77079 24.08649 0.84373 0.41285 -35.97335 73.59843 53.16604 0.5840 3.035e+13 4.165e+13
72 71 4.2555e+13 680.83 696.27 845.907 146.297 198 64.83015 4.61044 71.63931 -4.57 121.74 -125.35 8.159e+13 1.780e+14 -1.552e+14 0.01232 148.89859 4.2555e+13 4.3460e+13 3.9839e+13 2.8068e+13 1.0865e+13 41.65218 21.49 0.01427 0.82168 0.54404 88.15117 99.45033 6.80079 0.87124 0.63394 56.55812 82.28982 -18.69718 0.6205 3.978e+13 3.320e+13
73 73 4.2253e+12 294.17 179.86 391.705 130.404 67 52.02270 56.77204 37.06492 452.70 -335.74 43.38 1.870e+13 -7.969e+12 8.371e+12 0.04485 130.40350 4.2253e+12 4.2253e+12 2.4145e+12 3.0181e+11 0.0000e+00 109.34193 52.75 0.05899 0.91851 0.50934 -68.78838 125.93151 -29.39800 0.00000 0.00000 0.00000 0.00000 0.00000 0.4267 6.204e+12 5.734e+12
74 75 9.0542e+11 227.15 35.25 234.400 16.899 43 54.47863 55.79449 35.16918 4.85 5.62 378.52 -3.160e+11 2.174e+11 8.883e+11 0.02108 16.89906 9.0542e+11 9.0542e+11 9.0542e+11 9.0542e+11 0.0000e+00 73.87865 0.00 0.03383 0.00000 0.00000 0.00000 0.00000 0.00000 0.58877 0.51059 31.09003 8.54165 91.60193 0.0761 3.256e+12 0.000e+00
75 73 1.6599e+13 471.79 452.52 618.069 166.111 83 53.54879 55.63032 37.18445 21.55 -135.99 -20.92 -6.015e+13 5.370e+12 -4.576e+13 0.01473 166.11105 1.6599e+13 1.6599e+13 1.3883e+13 6.0361e+12 0.0000e+00 119.87608 0.00 0.02078 0.90463 0.31349 110.89503 75.83236 -95.36672 0.41190 0.22550 -53.03825 -59.03252 59.41312 0.6610 1.774e+13 1.750e+13
76 49 9.0542e+11 174.86 77.86 234.400 90.457 64 78.70610 16.56023 2.66879 -175.11 -21.36 -135.11 4.672e+12 1.407e+11 1.973e+12 0.17160 90.45749 9.0542e+11 9.0542e+11 0.0000e+00 0.0000e+00 0.0000e+00 145.68382 88.58 0.17737 0.00000 0.00000 0.00000 0.00000 0.00000 0.00000 0.00000 0.00000 0.00000 0.00000 4.7582 7.652e+12 1.509e+12
77 50 2.0523e+13 514.76 478.93 663.365 152.545 129 81.45632 15.43677 2.00622 -148.82 148.84 -12.12 -1.337e+14 -9.343e+13 5.167e+13 0.02712 152.54506 2.0523e+13 2.1127e+13 1.9919e+13 1.1167e+13 0.0000e+00 12.55056 0.00 0.03295 0.46314 0.30659 177.15804 -42.91048 -74.76648 0.50487 0.44570 123.53451 -37.91204 -22.75953 0.5811 1.963e+13 2.052e+13
78 76 4.5573e+13 701.94 695.47 865.450 176.986 187 65.55623 64.23838 39.04583 -82.46 2.32 179.72 -1.115e+14 -8.828e+14 -2.330e+13 0.04035 145.12747 4.5573e+13 4.6177e+13 4.1348e+13 2.6559e+13 1.3581e+13 84.13381 48.67 0.04535 0.88684 0.74149 86.54404 -3.26517 80.47613 0.79657 0.67285 92.53342 1.12658 15.70946 0.5968 3.902e+13 3.833e+13
79 87 5.1307e+12 319.25 195.57 417.894 111.336 38 79.97490 84.99792 4.36889 -295.57 451.01 528.36 9.889e+12 -6.697e+12 1.054e+12 0.02192 111.33589 5.1307e+12 5.1307e+12 4.5271e+12 1.8108e+12 0.0000e+00 5.20794 13.51 0.02327 0.13464 0.05722 -44.62511 -112.89375 115.50126 0.92864 0.38436 56.64698 -23.79776 -20.12364 0.3270 4.560e+12 5.131e+12
80 88 3.2293e+13 583.48 548.86 771.574 419.583 146 79.39700 85.45316 5.03176 3.73 124.52 110.62 5.387e+13 -3.040e+14 -1.937e+14 0.02865 231.63748 3.2293e+13 3.2595e+13 2.6257e+13 1.4789e+13 5.7343e+12 74.97610 14.00 0.03297 0.67894 0.51374 -61.00037 64.32652 78.53062 0.88533 0.53073 50.41977 -40.39474 -46.32942 0.5530 2.789e+13 5.040e+13
81 86 7.8470e+12 390.01 335.30 481.475 81.387 69 66.48928 25.83014 15.87949 0.35 -79.73 -126.31 -6.282e+12 -1.378e+13 -1.105e+12 0.01188 81.38673 7.8470e+12 7.8470e+12 7.5452e+12 4.2253e+12 0.0000e+00 27.94056 25.28 0.01452 0.51590 0.35675 162.52820 -3.57353 25.93515 0.63052 0.08661 68.25677 52.92560 89.80371 0.5662 1.022e+13 6.036e+12
82 86 6.0361e+11 155.94 0.00 204.767 56.447 112 67.51408 25.11203 13.17171 64.36 9.71 -5.23 -9.593e+10 6.293e+10 -5.065e+11 0.00519 56.44686 6.0361e+11 6.0361e+11 3.0181e+11 3.0181e+11 0.0000e+00 47.90777 89.86 0.03569 0.00000 0.00000 0.00000 0.00000 0.00000 0.00000 0.00000 0.00000 0.00000 0.00000 0.0000 9.496e+12 6.036e+11
83 72 1.1167e+13 438.87 393.78 541.565 91.296 180 79.46777 74.53246 56.28423 -488.82 -198.39 -216.59 4.190e+13 6.128e+13 1.460e+13 0.03299 91.29618 1.1167e+13 1.1469e+13 8.1488e+12 6.0361e+12 3.0181e+12 60.51530 0.00 0.04018 0.63443 0.27744 92.09120 40.38342 15.93565 0.35743 0.17605 -21.72304 -48.89232 60.02650 0.5994 1.101e+13 6.640e+12
84 89 1.5090e+12 215.63 217.01 277.911 63.971 31 1.65678 12.14001 8.85829 162.45 -148.22 -233.34 9.641e+12 3.105e+12 -9.786e+11 0.08107 63.97146 1.5090e+12 1.5090e+12 6.0361e+11 3.0181e+11 0.0000e+00 118.08375 0.00 0.15185 0.28494 0.00000 48.45132 -18.88032 100.94228 0.00000 0.00000 0.00000 0.00000 0.00000 1.4711 4.402e+12 1.509e+12
85 89 4.8289e+12 436.26 255.87 409.534 20.752 51 2.85728 12.31406 9.14858 -28.17 -94.64 -167.49 -8.343e+12 -8.147e+12 2.525e+12 0.03302 20.75199 4.8289e+12 4.8289e+12 4.5271e+12 4.2253e+12 2.7163e+12 10.06704 16.80 0.02562 0.66420 0.36641 58.15671 25.35685 -42.84518 0.66095 0.38659 57.47103 32.76933 -30.03457 0.2923 8.769e+12 1.811e+12
86 90 2.3239e+13 563.86 536.76 691.427 112.151 93 5.06922 12.63025 10.69970 -145.56 -163.79 -312.91 1.210e+14 2.498e+14 -1.139e+14 0.04022 112.15063 2.3239e+13 2.4145e+13 2.1428e+13 1.4185e+13 5.4325e+12 72.02333 0.00 0.04697 0.57814 0.36364 100.68256 15.22370 90.14702 0.38844 0.17864 89.88783 26.03504 66.34678 0.5988 2.181e+13 1.811e+13
87 93 2.5050e+13 556.61 536.03 708.939 148.362 172 38.79995 83.55839 96.23234 191.94 145.23 74.62 1.613e+13 -5.115e+13 3.554e+13 0.00776 148.36237 2.5050e+13 2.5050e+13 2.0523e+13 1.3581e+13 6.3380e+12 41.16715 7.86 0.00889 0.66463 0.37906 80.21350 93.09966 98.62855 0.73422 0.44336 67.78940 10.58158 91.20290 0.5739 2.224e+13 2.052e+13
88 94 1.7505e+13 474.85 493.49 629.109 193.743 147 90.53333 11.76658 99.21974 -110.05 385.06 169.88 1.412e+13 5.239e+11 1.954e+14 0.03161 193.74335 1.7505e+13 1.7505e+13 1.5694e+13 8.1488e+12 3.0181e+12 111.68536 7.53 0.04918 0.74213 0.40298 -63.65648 125.62671 -4.32654 0.56550 0.16827 51.37340 16.30403 75.91109 0.7397 1.504e+13 1.962e+13
89 91 6.0361e+11 181.10 0.00 204.767 21.763 25 59.69114 8.32479 84.33605 299.13 13.56 102.01 0.000e+00 0.000e+00 0.000e+00 0.00000 21.76316 6.0361e+11 6.0361e+11 6.0361e+11 3.0181e+11 0.0000e+00 65.06232 0.00 0.00000 0.00000 0.00000 0.00000 0.00000 0.00000 0.00000 0.00000 0.00000 0.00000 0.00000 0.0000 2.240e+12 3.018e+11
90 92 1.5392e+13 478.81 450.14 602.707 115.765 79 62.36113 9.46137 89.12225 83.24 140.87 -65.25 5.784e+13 2.192e+13 -1.325e+12 0.01580 115.76454 1.5392e+13 1.5392e+13 1.4185e+13 8.7524e+12 0.0000e+00 52.17464 0.00 0.01925 0.79528 0.49230 46.57538 22.72753 140.55544 0.82428 0.06561 -41.98722 53.23054 73.66965 0.5994 1.390e+13 1.268e+13
91 192 4.2253e+12 311.82 248.07 391.705 74.169 25 70.05505 36.13540 55.67974 -56.97 166.05 -105.92 1.355e+13 1.790e+11 5.694e+12 0.02896 74.16939 5.1307e+12 4.8289e+12 4.2253e+12 2.1127e+12 0.0000e+00 61.93990 0.00 0.03944 0.57738 0.02905 -57.77746 -17.73603 71.85232 0.85473 0.67352 67.43481 76.22910 -50.75229 0.5688 4.498e+12 3.018e+12
92 102 3.3802e+13 705.37 672.59 783.410 195.745 143 69.55555 38.24236 55.49950 -58.17 -178.09 -25.34 -5.942e+14 3.715e+14 5.745e+13 0.04986 76.76942 3.3802e+13 3.3802e+13 3.1388e+13 2.2032e+13 1.3280e+13 23.55579 5.41 0.05895 0.76449 0.47165 40.38340 102.59441 13.52720 0.53072 0.45816 24.73909 54.51292 66.82334 0.6547 3.006e+13 3.380e+13
93 96 2.5955e+13 536.30 495.02 717.380 261.461 161 78.74275 25.53876 79.56278 -165.05 -168.84 -86.79 -3.067e+14 -3.451e+14 2.624e+14 0.04692 261.46051 2.5955e+13 2.6257e+13 1.6901e+13 6.0361e+12 0.0000e+00 120.12240 0.00 0.06915 0.30425 0.05653 -42.45685 -46.83482 193.93306 0.20670 0.04692 -25.33783 81.14030 -69.91945 0.6640 2.224e+13 3.169e+13
94 100 1.9617e+13 525.21 507.15 653.463 116.069 106 66.02374 92.40152 27.12578 183.33 336.05 32.58 1.514e+13 -4.378e+12 1.128e+14 0.02036 116.06888 1.9617e+13 1.9919e+13 1.7807e+13 1.0563e+13 4.5271e+12 89.22409 4.43 0.02365 0.51193 0.42838 -12.01961 -51.85940 96.75765 0.46824 0.34865 28.28744 -22.59501 65.99456 0.5926 1.941e+13 1.509e+13
95 99 3.0483e+13 617.47 581.75 756.874 122.488 159 89.76154 35.02319 66.35841 -36.97 -198.47 -214.85 -6.988e+13 -1.785e+11 -3.226e+13 0.00686 122.48816 3.0483e+13 3.3199e+13 2.8974e+13 1.7807e+13 7.8470e+12 42.40706 0.00 0.00767 0.74975 0.58691 61.79778 95.02489 -43.95444 0.98093 0.59812 2.49267 83.43897 2.16417 0.5738 2.893e+13 2.052e+13
96 95 2.8974e+13 628.75 626.28 744.172 99.004 158 86.54256 14.30945 0.18104 -75.31 36.56 111.05 -6.104e+13 -3.471e+14 -6.594e+13 0.03118 99.00404 2.8974e+13 2.9577e+13 2.4748e+13 1.7203e+13 9.3560e+12 91.80787 0.00 0.03887 0.70317 0.35914 111.19028 -14.84541 -45.99850 0.53241 0.35322 78.78352 17.39709 -52.93981 0.6639 2.619e+13 1.539e+13
97 103 3.8330e+13 734.26 737.36 816.929 131.359 88 37.94603 10.29444 9.19450 -107.42 218.02 -80.11 8.729e+14 -3.788e+14 8.583e+14 0.07346 80.68327 3.8330e+13 3.8330e+13 3.7424e+13 2.6861e+13 1.4185e+13 49.66072 20.42 0.08713 0.64565 0.48944 -67.24963 45.83654 85.34275 0.64197 0.47560 67.83801 -27.53264 -63.28340 0.6786 3.597e+13 2.837e+13
98 103 1.4185e+13 525.61 595.64 586.519 58.701 63 37.80689 10.30097 9.28034 -95.55 -186.56 -411.06 1.068e+14 -2.048e+14 1.394e+14 0.03556 58.70079 1.4185e+13 1.4185e+13 1.2676e+13 8.7524e+12 5.1307e+12 67.92867 0.00 0.09615 0.65580 0.34853 74.80840 -46.05440 -38.30950 0.60082 0.33764 73.85035 -31.40005 -17.60377 0.9306 1.348e+13 7.243e+12
99 104 2.1730e+13 561.43 551.85 676.125 98.790 107 1.85037 18.65074 53.26082 -119.04 307.63 -158.47 -6.263e+13 -1.004e+14 -4.502e+13 0.01969 98.79015 2.1730e+13 2.1730e+13 2.1127e+13 1.4789e+13 5.4325e+12 34.69542 0.00 0.02217 0.55672 0.37450 -35.84969 109.29760 39.82857 0.46357 0.19419 -51.07890 73.38561 38.66154 0.6053 2.235e+13 1.479e+13
100 105 3.3199e+12 286.70 247.40 361.449 70.182 38 1.00354 20.29123 53.86077 -17.24 84.85 -129.99 1.650e+13 -1.466e+13 -7.293e+12 0.06607 70.18162 3.3199e+12 3.3199e+12 3.3199e+12 1.8108e+12 0.0000e+00 60.88271 0.00 0.09320 0.88190 0.03823 81.51131 43.56282 -42.92102 0.00000 0.00000 89.51080 -17.20238 25.36774 0.6012 3.318e+12 2.716e+12
101 137 1.2374e+13 454.97 396.25 560.417 93.424 91 95.95254 95.35239 92.02417 89.03 505.50 379.26 -2.914e+12 -3.860e+13 7.121e+13 0.03205 93.42430 1.2374e+13 1.2978e+13 1.1167e+13 7.5452e+12 1.5090e+12 80.27628 0.00 0.03627 0.55034 0.23482 91.51836 61.75382 -42.41211 0.69290 0.11297 54.24828 64.75832 -29.67596 0.5285 1.120e+13 8.752e+12
102 181 2.4145e+12 247.35 315.18 325.047 90.378 52 97.11328 97.27888 93.08476 60.70 376.12 316.70 1.620e+13 3.819e+13 -6.107e+12 0.22450 90.37843 2.4145e+12 3.0181e+12 1.5090e+12 3.0181e+11 0.0000e+00 61.09428 0.00 0.28585 0.46448 0.20594 62.32534 40.87450 185.36815 0.00000 0.00000 0.00000 0.00000 0.00000 1.6899 6.949e+12 3.018e+12
103 -1 1.5090e+12 228.71 84.60 277.911 42.727 31 50.82102 52.85744 39.07904 569.48 -140.82 -131.36 -5.111e+11 2.089e+12 3.471e+12 0.04685 42.72691 1.5090e+12 1.8108e+12 1.5090e+12 6.0361e+11 0.0000e+00 85.46490 0.00 0.06093 0.87280 0.19134 21.69199 61.53889 83.02691 0.00000 0.00000 0.00000 0.00000 0.00000 0.1828 3.291e+12 6.036e+11
104 101 2.5955e+13 574.27 529.47 717.380 130.826 103 52.19315 52.60000 39.50081 179.46 -108.64 -149.81 -7.005e+13 -2.058e+14 -1.088e+13 0.02435 130.82643 2.5955e+13 2.6257e+13 2.5352e+13 1.5090e+13 0.0000e+00 44.34465 0.00 0.02834 0.83337 0.36071 54.18977 109.89681 -103.92799 0.84480 0.26324 -71.06691 -57.69492 97.83576 0.5713 2.487e+13 2.082e+13
105 13 3.0181e+12 268.52 239.20 350.146 89.706 56 97.54325 37.78756 63.25382 -471.91 -265.27 -240.53 -4.810e+12 -1.702e+13 3.014e+12 0.03888 89.70631 3.0181e+12 3.0181e+12 2.4145e+12 3.0181e+11 0.0000e+00 96.40097 0.00 0.08432 0.54980 0.14460 126.12446 -113.04551 -48.56293 0.00000 0.00000 0.00000 0.00000 0.00000 0.7826 5.789e+12 3.018e+12
106 109 1.7505e+13 546.95 495.54 629.109 72.501 131 90.31067 90.75578 23.15628 -76.67 347.16 -29.09 5.305e+12 -6.633e+13 1.474e+14 0.03664 72.50095 1.7505e+13 1.7505e+13 1.5090e+13 1.1167e+13 6.0361e+12 112.31635 0.00 0.04060 0.81703 0.67320 12.34374 79.39059 57.70981 0.70111 0.62756 26.71582 77.09945 19.36331 0.5860 1.617e+13 9.658e+12
107 128 5.7343e+12 354.31 241.32 433.678 69.585 127 76.39301 31.43971 9.30438 -277.00 -454.01 -169.57 5.321e+13 -5.283e+12 1.476e+13 0.07831 69.58546 5.7343e+12 6.0361e+12 5.4325e+12 3.0181e+11 0.0000e+00 39.66498 84.37 0.08946 0.77371 0.64657 -27.59655 126.50961 67.84730 0.00000 0.00000 0.00000 0.00000 0.00000 0.4383 1.039e+13 4.225e+12
108 82 8.7524e+12 373.34 292.95 499.324 181.431 48 42.21773 29.78872 75.24070 315.37 71.26 -185.73 7.007e+12 2.655e+12 3.668e+12 0.00543 181.43102 8.7524e+12 8.7524e+12 5.4325e+12 3.6217e+12 0.0000e+00 60.70596 11.61 0.00665 0.56906 0.08502 119.83371 72.91452 23.90290 0.12673 0.05714 93.51540 57.17595 70.88985 0.4926 8.380e+12 1.117e+13
109 84 4.5271e+12 300.61 222.19 400.818 136.690 40 43.39722 30.46769 75.56891 32.31 -84.38 -332.96 2.293e+12 6.149e+12 -7.307e+12 0.01702 136.68951 4.5271e+12 5.4325e+12 2.4145e+12 3.0181e+11 0.0000e+00 45.99892 25.99 0.02349 0.62166 0.19830 38.11257 161.36591 -45.02506 0.00000 0.00000 0.00000 0.00000 0.00000 0.5268 6.515e+12 7.545e+12
110 83 1.2072e+12 200.77 87.78 257.990 57.904 38 44.58015 30.56125 74.22781 96.73 -82.44 -64.40 2.630e+10 -3.990e+12 6.089e+11 0.04004 57.90414 1.2072e+12 2.1127e+12 3.0181e+11 3.0181e+11 0.0000e+00 133.51830 24.69 0.08736 0.67125 0.43460 22.06916 30.67891 99.07784 0.00000 0.00000 0.00000 0.00000 0.00000 1.4741 4.243e+12 9.054e+11
111 113 1.2978e+13 560.19 549.23 569.385 38.696 79 51.92551 40.92248 48.38770 79.35 -499.87 -103.79 6.944e+13 7.139e+12 4.116e+13 0.02864 38.69605 1.2978e+13 1.2978e+13 1.2374e+13 1.0563e+13 7.2434e+12 19.77901 0.00 0.03350 0.78707 0.55610 44.62190 68.02119 12.63711 0.61786 0.39368 22.76947 79.58209 7.25837 0.6981 1.613e+13 5.131e+12
112 112 2.4446e+13 562.25 576.80 703.199 129.250 46 51.73682 40.75360 48.79868 133.34 -229.85 -133.12 -5.840e+14 2.365e+14 -2.035e+14 0.04833 129.25021 2.4446e+13 2.4748e+13 2.1127e+13 6.3380e+12 5.1307e+12 192.90335 10.35 0.09527 0.17650 0.07959 -67.02617 -47.46283 196.85349 0.67236 0.41256 7.18362 13.83113 56.86254 0.8308 2.183e+13 1.569e+13
113 121 1.8410e+13 531.63 529.08 639.774 93.101 124 87.30364 51.73574 70.48086 -206.61 -401.11 -240.65 1.680e+14 2.605e+13 4.743e+13 0.03531 93.10131 1.8410e+13 1.8410e+13 1.7203e+13 1.3581e+13 5.4325e+12 62.72759 0.00 0.04075 0.77379 0.68618 -18.28563 103.50573 -20.11529 0.75046 0.37103 1.02895 83.34340 46.27024 0.6245 1.827e+13 1.298e+13
114 98 1.9014e+13 493.49 474.15 646.691 174.331 124 67.47195 81.54145 47.57780 -12.10 105.84 -141.44 3.194e+13 7.147e+13 -3.826e+13 0.01369 174.33142 1.9014e+13 1.9919e+13 1.7807e+13 9.6578e+12 0.0000e+00 65.60677 0.00 0.01906 0.88793 0.40619 10.86961 142.54279 45.85478 0.64769 0.05365 -0.23664 -44.50845 77.03296 0.6591 1.924e+13 2.113e+13
115 114 5.1307e+12 311.93 283.39 417.894 158.369 75 75.77602 32.13754 61.82762 130.00 -128.85 -82.01 1.821e+13 -2.873e+13 -2.272e+13 0.03711 158.36942 5.1307e+12 5.7343e+12 2.1127e+12 3.0181e+11 0.0000e+00 48.83208 36.35 0.07940 0.87252 0.58578 199.33249 -77.44490 36.73660 0.00000 0.00000 0.00000 0.00000 0.00000 0.7891 5.954e+12 7.847e+12
116 115 1.8108e+12 224.96 208.29 295.325 81.179 48 78.48295 30.42983 63.99617 5.88 20.83 -41.83 9.798e+12 -4.583e+12 9.772e+12 0.02857 81.17854 1.8108e+12 1.8108e+12 1.5090e+12 0.0000e+00 0.0000e+00 21.85594 6.18 0.16053 0.84148 0.04910 141.67697 40.54733 -43.79769 0.00000 0.00000 0.00000 0.00000 0.00000 1.0423 4.196e+12 1.811e+12
117 118 9.0542e+11 223.00 60.93 234.400 18.188 42 60.02349 79.24397 32.53577 274.67 173.47 -109.46 -6.115e+11 1.988e+12 5.275e+10 0.03969 18.18837 9.0542e+11 1.2072e+12 9.0542e+11 9.0542e+11 0.0000e+00 32.30892 0.00 0.07275 0.00000 0.00000 0.00000 0.00000 0.00000 0.63184 0.15897 94.62486 5.93005 7.39603 0.2302 3.417e+12 0.000e+00
118 119 4.2253e+12 312.07 230.50 391.705 73.763 80 59.90335 83.10729 33.85052 316.37 -0.21 7.73 -1.708e+13 -5.209e+12 -2.728e+13 0.06557 73.76316 4.2253e+12 4.2253e+12 3.9235e+12 0.0000e+00 0.0000e+00 71.79121 0.00 0.08747 0.11034 0.00000 -29.80331 122.01407 161.86615 0.00000 0.00000 0.00000 0.00000 0.00000 0.5168 8.216e+12 3.018e+12
119 120 1.8712e+13 504.35 476.53 643.251 136.021 119 81.84334 29.89495 66.98370 -39.64 -71.99 10.93 1.291e+14 -5.800e+13 2.879e+13 0.02793 136.02142 1.8712e+13 1.8712e+13 1.6599e+13 9.6578e+12 3.0181e+12 41.73731 0.00 0.03244 0.68559 0.51954 -63.94188 33.05886 82.48709 0.32159 0.23471 -34.47800 2.04119 77.56781 0.5798 1.646e+13 1.630e+13
120 122 1.1167e+13 428.93 349.75 541.565 106.276 109 29.38498 25.09847 15.49908 248.04 -403.68 10.73 -1.942e+13 3.882e+13 5.962e+13 0.03196 106.27610 1.1167e+13 1.1167e+13 1.0563e+13 3.9235e+12 0.0000e+00 60.13768 0.00 0.03916 0.20557 0.04460 221.93703 -21.95908 84.81547 0.66335 0.29933 163.00623 -9.89124 15.41807 0.5415 1.054e+13 9.054e+12
121 124 7.8470e+12 381.12 289.66 481.475 94.861 104 86.19308 22.38695 97.10912 -91.85 -385.87 192.22 2.688e+12 6.700e+12 -1.423e+13 0.01414 94.86102 7.8470e+12 7.8470e+12 7.5452e+12 3.3199e+12 0.0000e+00 64.87856 0.00 0.01526 0.16283 0.09217 14.52272 127.06837 40.74929 0.22680 0.04084 6.89297 111.44006 39.20376 0.4310 8.105e+12 6.942e+12
122 127 2.3541e+13 584.21 577.95 694.408 94.483 104 38.41305 52.04352 42.69805 292.47 -118.01 -47.45 -6.523e+13 5.898e+13 -7.404e+13 0.01475 94.48321 2.3541e+13 2.3541e+13 2.2636e+13 1.4487e+13 7.8470e+12 65.32771 0.00 0.01761 0.76922 0.54665 -9.70231 122.71247 32.09146 0.81174 0.55430 5.24112 89.79774 57.29029 0.6385 2.161e+13 1.449e+13
123 133 7.2434e+12 352.75 298.35 468.799 151.239 103 66.17981 84.68772 46.43247 186.57 -75.76 -40.46 1.328e+13 1.902e+13 -3.284e+13 0.02973 151.23944 7.2434e+12 7.5452e+12 4.5271e+12 1.2072e+12 0.0000e+00 166.13403 0.00 0.04392 0.39321 0.31300 105.90847 -106.96598 139.20625 0.79402 0.08212 72.92945 15.97965 -49.78606 0.6250 1.046e+13 8.752e+12
124 129 3.0181e+12 266.75 251.49 350.146 96.132 102 69.82630 24.72039 8.63843 -36.07 -151.08 -291.41 1.334e+13 -1.573e+13 1.037e+13 0.03005 96.13171 3.0181e+12 3.0181e+12 2.4145e+12 0.0000e+00 0.0000e+00 62.78578 0.00 0.10850 0.38084 0.35136 195.37238 56.64395 25.15267 0.00000 0.00000 0.00000 0.00000 0.00000 0.9162 8.080e+12 3.018e+12
125 130 2.1127e+12 231.60 212.53 310.896 126.059 97 86.22057 48.65639 79.77875 -30.23 -267.41 -312.34 5.726e+12 -2.710e+11 1.165e+13 0.04457 126.05923 2.1127e+12 2.7163e+12 0.0000e+00 0.0000e+00 0.0000e+00 133.83324 82.73 0.11061 0.70694 0.43094 -30.14414 -119.26058 172.07564 0.00000 0.00000 0.00000 0.00000 0.00000 1.2417 5.890e+12 4.527e+12
126 131 1.6901e+13 563.19 540.51 621.793 59.352 81 96.09639 28.70724 63.94044 -67.84 103.48 126.50 5.929e+13 -1.426e+14 -5.920e+13 0.04017 59.35174 1.6901e+13 1.7203e+13 1.6901e+13 1.4487e+13 5.7343e+12 46.61631 0.00 0.04402 0.59202 0.37431 83.35177 40.13013 57.79222 0.63153 0.35417 71.32600 33.13097 40.26069 0.6199 1.972e+13 8.451e+12
127 135 1.4185e+13 557.13 493.37 586.519 45.802 92 3.06216 0.64266 1.20477 -177.42 573.44 -89.94 -1.220e+14 2.971e+13 -9.570e+11 0.04016 45.80178 1.4185e+13 1.5090e+13 1.2978e+13 9.6578e+12 6.0361e+12 55.10783 0.00 0.04477 0.82894 0.55585 -35.09045 30.15275 87.80490 0.89682 0.65536 -26.44964 36.47369 66.10390 0.6099 1.476e+13 6.338e+12
128 144 2.0523e+13 549.71 492.06 663.365 98.045 90 22.26548 13.79502 29.63909 215.93 4.10 23.18 -1.902e+14 2.728e+14 4.753e+13 0.05648 98.04519 2.0523e+13 2.0523e+13 1.9316e+13 1.4487e+13 2.1127e+12 23.70079 6.24 0.06469 0.78623 0.25199 105.68546 17.21382 93.26733 0.76005 0.03775 79.81697 3.92297 91.04113 0.5679 2.038e+13 1.418e+13
129 132 1.5392e+13 534.25 465.17 602.707 63.393 88 25.19472 58.19858 25.24162 268.27 -80.93 168.03 4.982e+13 -7.813e+13 2.728e+13 0.02663 63.39333 1.5392e+13 1.5392e+13 1.4789e+13 1.1167e+13 3.3199e+12 54.77787 11.44 0.03005 0.59976 0.42447 -67.28518 -64.13316 82.25845 0.84134 0.30534 45.25709 56.11166 -51.05571 0.5884 1.636e+13 7.545e+12
130 134 7.2434e+12 359.87 279.15 468.799 118.921 88 41.59496 22.19346 13.76981 7.65 -215.62 146.13 -6.384e+13 5.492e+12 -1.831e+13 0.05882 118.92142 7.2434e+12 7.2434e+12 6.3380e+12 3.0181e+11 0.0000e+00 36.76878 0.00 0.07281 0.57609 0.10497 109.20776 81.02958 17.83254 0.00000 0.00000 0.00000 0.00000 0.00000 0.4925 8.211e+12 7.243e+12
131 141 4.5271e+12 313.32 245.46 400.818 86.765 39 41.42464 1.11044 23.60836 366.79 326.67 59.18 2.280e+13 3.628e+12 3.329e+13 0.07700 86.76542 4.5271e+12 4.8289e+12 4.2253e+12 1.8108e+12 0.0000e+00 55.82071 0.00 0.09688 0.48836 0.10150 146.00511 28.87033 -51.80318 0.23473 0.14024 27.67592 87.27504 7.54038 0.5104 5.159e+12 4.225e+12
132 142 1.1469e+13 461.11 374.02 546.400 73.146 46 42.72215 1.10675 23.23828 33.79 365.44 103.33 1.164e+13 1.554e+13 -8.365e+12 0.00998 73.14602 1.1469e+13 1.2072e+13 9.6578e+12 7.5452e+12 0.0000e+00 27.50481 0.00 0.01074 0.59979 0.31722 117.73043 50.68296 28.30292 0.14975 0.02850 106.68221 33.05679 21.70592 0.5015 1.020e+13 7.243e+12
133 139 7.8470e+12 473.76 353.95 481.475 32.707 46 72.47443 78.84290 17.27754 -246.80 238.99 66.34 1.406e+13 1.842e+13 -1.872e+11 0.02446 32.70661 7.8470e+12 8.1488e+12 7.5452e+12 6.0361e+12 3.9235e+12 57.63511 0.00 0.02216 0.75482 0.45616 3.96797 79.74853 23.16590 0.81068 0.43067 55.11635 46.31336 15.95368 0.4412 9.468e+12 3.018e+12
134 140 3.6217e+12 316.94 176.72 372.086 47.464 38 73.53986 80.80700 18.53772 -289.34 43.33 -55.13 7.547e+11 -2.078e+12 6.399e+12 0.02101 47.46438 3.6217e+12 4.5271e+12 3.6217e+12 6.0361e+11 0.0000e+00 9.29807 0.00 0.02348 0.15636 0.03089 -20.46509 -34.23582 138.42747 0.00000 0.00000 0.00000 0.00000 0.00000 0.3394 4.976e+12 1.207e+12
135 148 1.6901e+13 610.55 568.45 621.793 42.579 81 46.38862 93.62111 75.99975 249.97 71.65 87.03 2.612e+13 5.254e+13 -1.082e+13 0.01450 42.57891 1.6901e+13 1.6901e+13 1.6599e+13 1.3883e+13 8.7524e+12 10.43607 10.52 0.01588 0.60061 0.42229 105.12813 -37.69326 -10.79600 0.65279 0.34220 94.84890 -22.85112 11.15157 0.6498 2.189e+13 6.942e+12
136 151 7.2434e+12 365.68 299.17 468.799 103.246 78 86.88354 48.67027 71.20116 34.52 -159.19 -147.54 -2.025e+13 -4.264e+12 -2.295e+12 0.01787 103.24598 7.2434e+12 7.2434e+12 7.2434e+12 2.1127e+12 0.0000e+00 133.97148 0.00 0.02275 0.78173 0.11413 5.40733 111.34248 28.17100 0.64963 0.09803 -4.03187 69.51308 -18.24440 0.5505 1.005e+13 6.036e+12
137 107 1.6599e+13 497.79 455.55 618.069 108.333 77 57.48866 0.34700 67.15323 262.60 43.93 -33.17 5.531e+13 -2.938e+13 1.311e+14 0.03508 108.33320 1.6599e+13 1.7203e+13 1.4789e+13 1.1167e+13 2.7163e+12 51.61930 10.08 0.03986 0.79996 0.63283 49.27403 82.89386 72.46931 0.53221 0.20977 39.66254 72.56114 54.19604 0.5584 1.516e+13 1.268e+13
138 169 1.3883e+13 481.40 401.88 582.330 87.240 76 61.65434 41.73365 68.30337 -68.84 -228.04 -332.44 -5.150e+13 4.860e+13 2.076e+13 0.02519 87.24041 1.3883e+13 1.3883e+13 1.3883e+13 7.2434e+12 0.0000e+00 23.60815 0.00 0.02726 0.85818 0.67093 -52.33291 112.93259 -31.55982 0.54114 0.38762 -19.71239 99.90419 -6.01120 0.4940 1.389e+13 8.149e+12
139 153 1.5392e+13 500.48 461.43 602.707 88.049 76 85.81534 71.11465 10.00019 -306.96 198.57 96.02 7.762e+13 7.179e+13 2.679e+13 0.03083 88.04853 1.5392e+13 1.5392e+13 1.4789e+13 1.0865e+13 3.9235e+12 52.40118 0.00 0.03393 0.68046 0.55082 92.69921 33.89603 44.88127 0.41060 0.36041 68.53416 37.79680 39.35270 0.5626 1.488e+13 1.087e+13
140 163 1.8108e+12 226.98 244.36 295.325 74.057 74 44.04599 20.56458 41.85467 177.12 -239.84 287.49 8.744e+12 1.774e+12 2.519e+12 0.05168 74.05701 1.8108e+12 2.1127e+12 9.0542e+11 6.0361e+11 0.0000e+00 20.32554 0.00 0.10209 0.66115 0.12359 81.13126 45.11231 -16.32763 0.00000 0.00000 0.00000 0.00000 0.00000 1.3394 5.289e+12 1.811e+12
141 155 2.7163e+12 252.97 229.93 338.063 120.582 73 88.02530 48.82444 54.49772 -235.25 -329.74 313.03 1.734e+13 1.230e+13 1.307e+13 0.02087 120.58171 2.7163e+12 3.0181e+12 6.0361e+11 0.0000e+00 0.0000e+00 69.88178 30.25 0.13981 0.05293 0.00000 186.83717 10.05031 86.91095 0.00000 0.00000 0.00000 0.00000 0.00000 0.9725 4.819e+12 4.527e+12
142 143 1.6901e+13 554.50 508.27 621.793 63.624 72 37.22564 27.28941 50.32643 487.37 -171.00 -143.14 -2.873e+13 -1.281e+12 2.239e+13 0.00924 63.62352 1.6901e+13 1.7203e+13 1.6599e+13 1.3581e+13 5.4325e+12 57.34691 0.00 0.00970 0.71691 0.46090 -58.03222 6.39156 96.26421 0.47781 0.26918 -48.88681 23.41394 84.22734 0.5713 1.838e+13 9.356e+12
143 136 1.2072e+12 198.25 197.58 257.990 64.791 71 70.01749 85.23860 41.29232 -126.51 51.94 235.93 -1.220e+12 1.433e+12 6.912e+12 0.11239 64.79069 1.2072e+12 1.2072e+12 6.0361e+11 3.0181e+11 0.0000e+00 97.27004 108.90 0.15506 0.41113 0.03286 135.33711 32.37106 54.11532 0.00000 0.00000 0.00000 0.00000 0.00000 2.0539 3.814e+12 1.207e+12
144 164 4.8289e+12 308.25 240.22 409.534 131.468 71 56.66821 55.77219 25.16290 -166.69 -110.82 170.63 1.215e+13 3.642e+12 6.833e+12 0.02106 131.46812 4.8289e+12 4.8289e+12 1.8108e+12 1.2072e+12 0.0000e+00 54.90441 33.28 0.03095 0.27053 0.03591 20.28269 113.36814 56.24630 0.40942 0.07199 0.66974 78.41405 30.18248 0.5855 7.276e+12 6.338e+12
145 156 5.1307e+12 376.48 241.03 417.894 40.849 58 71.83562 64.75940 52.71606 41.79 -169.54 -750.20 1.174e+13 -7.339e+12 8.922e+12 0.03524 40.84926 6.3380e+12 5.1307e+12 4.8289e+12 4.2253e+12 0.0000e+00 85.50648 17.97 0.03198 0.79812 0.11227 71.89751 -57.61594 -8.32573 0.40873 0.03753 73.17751 -75.79134 -61.78513 0.3075 6.424e+12 2.414e+12
146 160 4.2253e+12 305.21 241.39 391.705 87.026 25 90.86375 12.21330 8.79986 15.09 110.61 -212.29 3.306e+13 -2.575e+13 -2.272e+12 0.07726 87.02603 4.2253e+12 4.2253e+12 3.9235e+12 9.0542e+11 0.0000e+00 21.93083 6.67 0.11259 0.38889 0.02718 112.76260 -55.69257 -52.86890 0.34302 0.00000 -53.88664 -9.34945 65.33956 0.5774 3.934e+12 3.923e+12
147 161 3.9235e+12 300.50 196.46 382.147 79.038 45 92.37165 12.27015 8.52999 -39.70 -4.93 -257.68 -1.484e+13 -2.887e+13 -1.186e+13 0.09379 79.03812 3.9235e+12 3.9235e+12 3.9235e+12 1.8108e+12 0.0000e+00 49.37585 0.00 0.10491 0.36289 0.05198 -15.80963 33.54703 81.27718 0.79300 0.28726 3.11226 52.47816 26.76241 0.3720 5.613e+12 3.018e+12
148 159 1.2072e+13 497.99 463.12 555.823 55.684 70 70.53601 25.87554 18.87540 -295.86 -77.61 -120.05 4.251e+13 3.189e+13 6.832e+13 0.03805 55.68432 1.2072e+13 1.2072e+13 1.1770e+13 9.9596e+12 3.9235e+12 33.32538 0.00 0.04036 0.66715 0.60309 70.58006 0.03177 -70.33095 0.69717 0.56660 -51.21173 -17.75732 72.73130 0.5830 1.317e+13 6.942e+12
149 146 1.5996e+13 505.01 455.06 610.485 91.120 69 65.29341 86.15671 45.04926 220.03 -84.55 81.99 2.061e+14 2.104e+13 1.169e+13 0.05316 91.11967 1.5996e+13 1.6298e+13 1.5694e+13 1.1469e+13 0.0000e+00 33.24910 0.00 0.06054 0.28548 0.15446 30.42079 81.92862 137.27887 0.16319 0.05450 41.48410 95.83781 112.50307 0.5667 1.520e+13 1.147e+13
150 150 4.2253e+12 297.36 229.58 391.705 112.031 68 44.85863 85.47701 74.37377 265.50 290.92 36.86 4.305e+12 2.903e+12 3.414e+12 0.01105 112.03078 4.2253e+12 4.2253e+12 2.7163e+12 9.0542e+11 0.0000e+00 36.71727 0.00 0.01667 0.26542 0.01410 169.54825 -8.30169 -12.63014 0.00000 0.00000 21.18301 8.81958 42.30499 0.5853 7.434e+12 4.829e+12
151 158 7.5452e+12 355.93 261.37 475.222 166.326 68 62.34713 75.80325 31.78733 -0.20 75.10 18.59 2.779e+13 -1.259e+13 -9.597e+12 0.02680 166.32573 7.5452e+12 7.5452e+12 6.3380e+12 9.0542e+11 0.0000e+00 62.74712 17.86 0.03264 0.12599 0.09484 -27.55494 325.70486 40.07909 0.13398 0.00000 92.65294 48.21267 72.29617 0.4605 7.198e+12 9.356e+12
152 166 1.4789e+13 485.69 450.75 594.723 95.648 67 79.00222 10.08597 62.33597 -104.00 127.96 5.28 -7.472e+12 -3.525e+13 -1.246e+12 0.01061 95.64812 1.4789e+13 1.4789e+13 1.3581e+13 9.6578e+12 2.7163e+12 79.52101 0.00 0.01199 0.90677 0.64157 100.96183 -27.42236 -31.72203 0.85984 0.57994 -28.38329 71.71301 -38.97725 0.5690 1.448e+13 1.117e+13
153 149 2.1127e+12 348.70 154.64 310.896 13.179 66 19.53477 31.91884 65.18767 28.22 -235.61 -189.99 -3.750e+12 -5.208e+12 1.289e+12 0.06031 13.17909 2.1127e+12 2.4145e+12 2.1127e+12 1.5090e+12 1.5090e+12 35.58117 0.00 0.05575 0.65401 0.26298 54.99812 7.24773 -32.58688 0.64842 0.25572 56.58879 6.86330 -31.08035 0.2552 4.214e+12 3.018e+11
154 116 6.6398e+12 376.75 277.17 455.397 67.937 66 50.40847 63.67129 14.64015 188.16 -28.65 259.25 6.394e+12 1.449e+13 -5.794e+12 0.02108 67.93686 6.6398e+12 6.6398e+12 6.6398e+12 4.2253e+12 0.0000e+00 55.48048 0.00 0.02130 0.81803 0.42704 59.51911 44.95952 83.29577 0.97947 0.53979 79.83808 16.18738 34.80499 0.4111 6.636e+12 4.225e+12
155 110 6.3380e+12 336.98 285.78 448.390 147.543 65 20.23719 12.65161 44.68032 356.04 54.36 -140.28 5.090e+12 -8.874e+12 1.404e+13 0.01470 147.54327 6.3380e+12 7.2434e+12 4.5271e+12 0.0000e+00 0.0000e+00 44.07400 0.00 0.02371 0.27868 0.00311 167.67484 11.83847 -89.43398 0.00000 0.00000 0.00000 0.00000 0.00000 0.6647 1.008e+13 1.117e+13
156 106 6.3380e+12 343.64 232.54 448.390 115.602 64 59.09950 0.71727 62.97737 161.97 -0.42 145.77 2.993e+13 2.715e+13 6.198e+12 0.04982 115.60178 6.3380e+12 6.3380e+12 5.7343e+12 1.5090e+12 0.0000e+00 20.80877 15.35 0.05580 0.25632 0.05112 76.25076 44.94193 30.93082 0.54392 0.01562 45.66930 31.34584 11.46167 0.3876 5.658e+12 6.338e+12
157 174 1.3883e+13 578.71 539.44 582.330 38.078 64 0.22800 24.96457 70.95981 -402.19 21.75 93.58 3.287e+13 2.925e+13 -1.087e+14 0.03992 38.07816 1.3883e+13 1.3883e+13 1.3280e+13 1.2072e+13 6.3380e+12 44.25062 0.00 0.04333 0.78270 0.55273 52.91983 -41.75972 60.52618 0.82178 0.50982 64.53535 -20.42385 38.33351 0.6470 1.566e+13 5.734e+12
158 154 4.8289e+12 308.23 235.10 409.534 131.604 64 5.47889 14.62297 92.90567 -133.71 -216.34 73.24 -2.747e+13 1.260e+13 -1.292e+13 0.05047 131.60435 4.8289e+12 5.1307e+12 3.6217e+12 9.0542e+11 0.0000e+00 26.67241 0.00 0.07058 0.54927 0.36496 -70.65321 109.55997 -89.06019 0.95862 0.00000 71.82107 -26.98952 -8.45407 0.5317 6.538e+12 6.036e+12
159 111 4.5271e+12 303.17 257.04 400.818 120.008 64 21.96741 12.60162 44.21083 184.24 64.86 -103.85 1.052e+12 -3.249e+12 1.818e+12 0.00631 120.00844 4.5271e+12 4.5271e+12 3.6217e+12 0.0000e+00 0.0000e+00 82.62808 21.17 0.00925 0.90768 0.22691 -26.45288 151.70215 7.57247 0.00000 0.00000 0.00000 0.00000 0.00000 0.5922 4.649e+12 5.433e+12
160 152 6.0361e+11 168.70 0.00 204.767 31.280 63 95.39564 28.31371 70.64449 -59.24 -61.81 -124.17 -8.579e+10 1.669e+12 1.287e+12 0.13159 31.28041 6.0361e+11 6.0361e+11 6.0361e+11 3.0181e+11 0.0000e+00 79.80384 188.47 0.14492 0.00000 0.00000 0.00000 0.00000 0.00000 0.00000 0.00000 0.00000 0.00000 0.00000 0.0000 5.736e+12 3.018e+11
161 157 1.2978e+13 497.72 450.65 569.385 63.930 63 54.29570 38.30786 52.85120 -262.22 3.63 -105.22 4.549e+13 -1.383e+13 5.219e+13 0.02807 63.92993 1.2978e+13 1.2978e+13 1.2676e+13 9.3560e+12 4.5271e+12 64.52731 0.00 0.02919 0.66806 0.54233 60.98091 -22.78715 70.68353 0.52185 0.38363 63.18620 -2.73263 59.67685 0.5502 1.287e+13 7.847e+12
162 165 2.1127e+12 265.38 172.85 310.896 39.229 62 93.11711 97.55641 13.26939 10.22 455.40 91.71 -8.632e+12 -5.343e+12 1.381e+13 0.10788 39.22905 2.1127e+12 2.7163e+12 2.1127e+12 1.2072e+12 0.0000e+00 45.78978 0.00 0.14601 0.80020 0.53736 -36.85806 104.86206 36.21867 0.94243 0.00000 -10.04844 103.96297 56.35538 0.4777 5.494e+12 6.036e+11
163 168 7.8470e+12 380.33 303.00 481.475 96.297 61 2.96482 97.84698 1.99823 -39.78 771.31 72.63 5.086e+13 -2.435e+12 -2.981e+13 0.04871 96.29695 7.8470e+12 7.8470e+12 7.8470e+12 4.5271e+12 0.0000e+00 56.73745 0.00 0.05641 0.47751 0.37670 -22.42524 156.25815 -23.81162 0.27903 0.03470 -18.37715 122.17899 -31.92753 0.4947 7.428e+12 6.640e+12
164 125 9.3560e+12 405.86 377.92 510.548 97.610 61 75.33887 57.39632 50.58693 -558.85 173.99 10.12 -7.760e+12 1.164e+13 -5.740e+13 0.03242 97.61028 9.3560e+12 1.0261e+13 8.4506e+12 4.5271e+12 0.0000e+00 82.97987 0.00 0.04213 0.37786 0.10388 78.07240 104.21048 -83.78996 0.49900 0.13732 -70.55112 -66.53178 65.28851 0.6285 1.013e+13 8.149e+12
165 117 2.4145e+12 261.44 177.96 325.047 57.468 58 52.94436 66.36484 18.37525 200.73 -69.09 49.61 1.174e+12 -4.722e+12 -4.802e+12 0.03073 57.46793 2.4145e+12 2.7163e+12 2.4145e+12 6.0361e+11 0.0000e+00 26.61524 0.00 0.04661 0.66518 0.00119 84.59009 82.49804 -4.30318 0.00000 0.00000 0.00000 0.00000 0.00000 0.5509 5.414e+12 1.509e+12
166 171 9.0542e+12 414.98 332.80 504.999 78.306 57 2.02621 0.62993 4.46865 -18.22 318.71 -157.56 1.800e+13 -9.642e+13 2.723e+13 0.06873 78.30569 9.0542e+12 9.3560e+12 8.7524e+12 6.6398e+12 1.2072e+12 29.49464 11.67 0.07667 0.48585 0.25301 27.68764 105.98220 36.77888 0.32144 0.06052 35.85767 73.29155 17.65591 0.4950 8.454e+12 6.640e+12
167 167 3.3199e+12 269.01 224.88 361.449 153.483 57 25.54012 38.64309 29.18642 191.08 -228.03 89.31 7.372e+12 2.107e+12 2.276e+12 0.01534 153.48276 3.3199e+12 3.6217e+12 1.8108e+12 0.0000e+00 0.0000e+00 61.79104 64.56 0.03207 0.68370 0.07520 -1.46717 17.27992 120.61579 0.00000 0.00000 0.00000 0.00000 0.00000 0.7586 6.813e+12 8.149e+12
168 175 8.4506e+12 386.10 312.31 493.517 106.155 56 57.08230 48.86447 16.55259 -50.32 -219.21 196.20 -1.013e+13 -1.503e+13 4.001e+13 0.03109 106.15453 8.4506e+12 9.9596e+12 7.2434e+12 4.2253e+12 0.0000e+00 57.94952 12.85 0.03712 0.49679 0.32922 -20.50117 151.57048 1.80887 0.55293 0.37997 10.11074 114.83153 -7.45553 0.5122 9.366e+12 7.243e+12
169 172 1.8108e+12 221.69 109.23 295.325 99.082 55 45.99165 32.02101 47.02328 379.21 -586.50 32.54 6.745e+12 -4.223e+12 -7.990e+11 0.06007 99.08173 1.8108e+12 1.8108e+12 1.2072e+12 0.0000e+00 0.0000e+00 63.63996 18.11 0.08808 0.74092 0.00000 41.75127 84.21133 26.89120 0.00000 0.00000 0.00000 0.00000 0.00000 0.3367 3.840e+12 2.716e+12
170 176 1.0563e+13 507.81 421.00 531.625 40.590 54 99.11159 17.36993 78.70210 -11.46 324.16 125.85 7.357e+13 -2.829e+13 1.674e+13 0.04269 40.59013 1.0563e+13 1.0563e+13 9.6578e+12 6.6398e+12 5.1307e+12 23.69580 0.00 0.04694 0.55740 0.41913 -0.32703 70.87900 50.07724 0.55768 0.19521 -0.29670 62.10925 41.04981 0.5849 1.162e+13 5.131e+12
171 85 4.2253e+12 307.85 197.07 391.705 81.350 53 46.44070 30.41865 73.61143 -86.06 -41.70 -127.70 8.192e+12 -7.419e+09 -1.982e+12 0.02000 81.34956 4.2253e+12 6.0361e+12 3.9235e+12 1.2072e+12 0.0000e+00 57.75820 0.00 0.02261 0.75289 0.05375 11.20618 107.19638 -12.81371 0.80015 0.05227 10.52478 -19.55944 90.38833 0.3804 6.556e+12 3.622e+12
172 173 3.6217e+12 276.81 183.93 372.086 163.717 53 53.43947 20.67246 33.14917 -96.41 186.11 210.06 9.258e+12 -3.941e+12 2.254e+12 0.02554 163.71700 3.6217e+12 3.9235e+12 2.7163e+12 0.0000e+00 0.0000e+00 97.19631 18.52 0.03576 0.69991 0.60008 18.96243 198.82228 19.16351 0.00000 0.00000 0.00000 0.00000 0.00000 0.4962 7.019e+12 9.658e+12
173 180 1.2072e+12 206.41 80.66 257.990 47.223 51 0.27527 22.64294 80.43504 9.24 -532.60 -302.65 -4.353e+11 1.493e+12 1.252e+11 0.02176 47.22270 1.2072e+12 1.2072e+12 9.0542e+11 6.0361e+11 0.0000e+00 71.35447 44.36 0.03377 0.74255 0.44661 42.87864 73.94920 -14.48126 0.00000 0.00000 0.00000 0.00000 0.00000 0.3335 2.755e+12 9.054e+11
174 -1 2.1127e+12 245.13 254.37 310.896 63.029 50 79.92586 53.96283 52.21978 -347.50 32.77 -2.07 -3.243e+12 3.621e+12 -4.706e+12 0.02986 63.02934 2.1127e+12 2.4145e+12 2.1127e+12 0.0000e+00 0.0000e+00 40.80239 0.00 0.05763 0.16921 0.00000 193.46858 2.14106 127.31625 0.00000 0.00000 0.00000 0.00000 0.00000 1.3565 2.577e+12 1.207e+12
175 179 4.5271e+12 313.43 213.79 400.818 86.537 50 40.75911 89.00594 98.41701 235.06 114.01 9.47 2.141e+13 -4.462e+13 -2.109e+13 0.10729 86.53740 4.5271e+12 4.5271e+12 3.6217e+12 1.2072e+12 0.0000e+00 61.17347 59.29 0.12865 0.38775 0.10476 145.07568 83.47030 59.16726 0.67919 0.18097 -48.15482 88.64362 14.38899 0.4162 4.343e+12 3.622e+12
176 184 8.7524e+12 410.94 320.93 499.324 76.743 50 47.35905 45.21140 77.60239 -99.83 -294.28 -97.23 -1.285e+13 2.753e+13 -1.698e+12 0.02276 76.74283 8.7524e+12 9.0542e+12 8.4506e+12 5.4325e+12 0.0000e+00 35.41902 28.86 0.02425 0.65497 0.48273 54.67441 108.21850 -57.96664 0.19685 0.00102 76.29128 51.44810 -18.81954 0.4712 8.862e+12 6.338e+12
177 147 4.8289e+12 308.84 222.92 409.534 127.725 50 41.27057 29.79144 51.23774 183.51 -230.70 -276.48 2.064e+13 1.204e+13 2.538e+13 0.05363 127.72549 4.8289e+12 5.1307e+12 3.6217e+12 0.0000e+00 0.0000e+00 82.84791 0.00 0.07486 0.46362 0.03022 194.98981 64.14083 -140.85910 0.00000 0.00000 0.00000 0.00000 0.00000 0.5224 6.718e+12 6.942e+12
178 177 2.7163e+12 264.32 265.74 338.063 73.068 48 99.50677 25.68719 69.29294 -139.34 55.98 219.59 -1.768e+12 1.320e+13 6.080e+12 0.02982 73.06772 2.7163e+12 2.7163e+12 2.7163e+12 0.0000e+00 0.0000e+00 111.44495 0.00 0.08201 0.43799 0.08479 -4.16525 -49.29085 209.24936 0.00000 0.00000 0.00000 0.00000 0.00000 1.1515 3.673e+12 1.811e+12
179 178 8.4506e+12 423.78 339.03 493.517 60.436 48 0.91658 94.07085 15.40431 -285.76 472.67 -155.48 -6.310e+13 1.179e+13 -7.526e+12 0.05172 60.43595 8.4506e+12 8.4506e+12 7.5452e+12 6.3380e+12 1.5090e+12 25.63019 0.00 0.05462 0.84920 0.64874 -25.97505 -30.46716 95.33160 0.73553 0.48382 21.92055 1.54162 99.94271 0.4924 8.712e+12 4.527e+12
180 162 6.0361e+11 185.66 0.00 204.767 19.456 46 53.11519 90.68268 67.65693 89.43 237.80 74.16 0.000e+00 0.000e+00 0.000e+00 0.00000 19.45621 6.0361e+11 6.0361e+11 6.0361e+11 0.0000e+00 0.0000e+00 134.35674 0.00 0.00000 0.00000 0.00000 0.00000 0.00000 0.00000 0.00000 0.00000 0.00000 0.00000 0.00000 0.0000 4.227e+12 0.000e+00
181 187 9.3560e+12 422.39 340.58 510.548 76.153 46 23.51902 31.97134 54.60849 125.73 -85.36 -57.77 8.398e+13 -4.046e+13 2.866e+13 0.06508 76.15270 9.3560e+12 9.3560e+12 8.7524e+12 6.6398e+12 1.2072e+12 21.93707 11.16 0.06955 0.91468 0.57892 85.64764 -40.71149 -53.37553 0.46888 0.14098 77.07453 -23.74578 -29.15063 0.4881 9.157e+12 6.640e+12
182 182 1.2072e+12 212.38 177.46 257.990 39.588 45 65.76223 49.42467 47.40228 -100.56 70.60 70.78 -5.805e+11 -8.139e+11 -1.762e+11 0.00386 39.58758 1.2072e+12 1.5090e+12 1.2072e+12 0.0000e+00 0.0000e+00 91.81367 0.00 0.02197 0.50376 0.06455 107.83259 -14.09080 -63.48371 0.00000 0.00000 0.00000 0.00000 0.00000 1.0519 4.762e+12 6.036e+11
183 170 3.9235e+12 300.69 209.53 382.147 78.660 45 48.68203 54.43790 37.67332 536.01 -188.80 238.08 9.946e+11 -2.316e+12 2.847e+12 0.00807 78.65997 3.9235e+12 3.9235e+12 3.9235e+12 0.0000e+00 0.0000e+00 92.61553 31.22 0.01154 0.56393 0.00000 86.22750 142.42409 -33.57653 0.00000 0.00000 0.00000 0.00000 0.00000 0.5415 6.029e+12 3.018e+12
184 145 1.2072e+12 226.15 114.45 257.990 28.585 44 71.79285 24.13811 84.02429 -10.55 -143.32 189.94 2.021e+12 -3.356e+12 -2.401e+12 0.05799 28.58527 1.2072e+12 1.2072e+12 1.2072e+12 3.0181e+11 0.0000e+00 50.09106 0.00 0.09945 0.47295 0.40175 -36.09372 -46.54446 87.98950 0.00000 0.00000 0.00000 0.00000 0.00000 0.4641 4.704e+12 3.018e+11
185 191 7.8470e+12 412.28 317.80 481.475 59.798 44 70.07719 82.78900 12.40140 -44.93 141.42 240.45 1.288e+13 -3.670e+13 1.380e+13 0.03746 59.79780 7.8470e+12 7.8470e+12 7.5452e+12 6.0361e+12 0.0000e+00 12.52805 9.28 0.03946 0.55097 0.39266 -85.31387 -58.84480 86.59978 0.82305 0.58544 60.40287 39.43146 -67.54198 0.4734 8.280e+12 4.527e+12
186 190 4.8289e+12 313.72 238.43 409.534 106.087 43 73.78207 32.28677 55.67692 -151.75 22.52 163.06 -4.619e+13 2.297e+12 -3.618e+12 0.08060 106.08680 4.8289e+12 4.8289e+12 4.5271e+12 1.5090e+12 0.0000e+00 43.58492 10.63 0.09961 0.97139 0.46080 106.12482 69.44463 67.73478 0.52055 0.13196 35.89790 80.95509 111.60635 0.4719 5.320e+12 4.829e+12
187 -1 6.0361e+11 220.53 0.00 204.767 9.983 42 24.67570 4.89105 98.23906 -154.52 321.11 516.10 0.000e+00 0.000e+00 0.000e+00 0.00000 9.98307 6.0361e+11 6.0361e+11 6.0361e+11 6.0361e+11 0.0000e+00 68.87527 0.00 0.00000 0.00000 0.00000 0.00000 0.00000 0.00000 0.00000 0.00000 0.00000 0.00000 0.00000 0.0000 2.569e+12 0.000e+00
188 188 2.4145e+12 253.45 146.89 325.047 71.815 42 46.80150 28.17607 68.58922 19.68 11.44 -154.40 3.759e+12 1.508e+11 7.678e+12 0.04338 71.81507 2.4145e+12 2.4145e+12 2.1127e+12 3.0181e+11 0.0000e+00 29.60141 0.00 0.05829 0.33367 0.11122 -68.15730 107.20471 74.07738 0.00000 0.00000 0.00000 0.00000 0.00000 0.3777 4.826e+12 2.113e+12
189 185 2.7163e+12 254.55 183.26 338.063 107.874 40 76.29338 30.30633 58.66438 -51.99 114.59 137.64 -9.305e+12 2.128e+13 -1.125e+13 0.07162 107.87431 2.7163e+12 2.7163e+12 6.0361e+11 0.0000e+00 0.0000e+00 68.54474 82.60 0.14457 0.28918 0.05052 135.35295 18.35515 176.28539 0.00000 0.00000 0.00000 0.00000 0.00000 0.7016 3.362e+12 3.320e+12
190 31 2.1127e+12 256.40 172.91 310.896 47.212 40 69.23230 4.55194 28.05403 394.98 -128.13 29.24 -2.444e+12 -1.347e+13 -2.751e+12 0.06806 47.21249 2.1127e+12 3.0181e+12 2.1127e+12 0.0000e+00 0.0000e+00 57.98367 0.00 0.11897 0.82506 0.19696 105.36921 0.83619 -79.59557 0.00000 0.00000 0.00000 0.00000 0.00000 0.6045 3.730e+12 6.036e+11
191 193 4.2253e+12 303.81 198.68 391.705 90.446 39 30.87575 65.37765 14.11813 263.12 -34.27 -25.72 -2.101e+13 2.126e+13 -2.191e+12 0.07258 90.44593 4.2253e+12 4.8289e+12 3.9235e+12 2.1127e+12 0.0000e+00 47.51792 0.00 0.08041 0.46125 0.01741 -87.03334 -85.08528 138.48784 0.00000 0.00000 30.11513 87.20398 95.20149 0.3594 4.432e+12 3.923e+12
192 -1 2.1127e+12 231.73 227.22 310.896 123.360 38 88.68113 33.29169 67.29301 148.32 58.58 -76.81 2.177e+12 2.105e+12 -1.421e+13 0.02877 123.35974 2.1127e+12 2.1127e+12 1.8108e+12 0.0000e+00 0.0000e+00 93.13401 16.32 0.12377 0.43826 0.07157 80.15609 108.12979 144.99451 0.00000 0.00000 0.00000 0.00000 0.00000 1.0684 2.597e+12 3.622e+12
193 199 1.2072e+12 198.15 110.80 257.990 65.114 38 18.22759 11.89821 4.32639 228.95 -373.93 -195.36 -6.827e+11 3.345e+12 -1.614e+12 0.02172 65.11385 1.2072e+12 1.2072e+12 0.0000e+00 0.0000e+00 0.0000e+00 115.29041 38.96 0.08173 0.40590 0.38305 184.22655 51.62403 57.17432 0.00000 0.00000 0.00000 0.00000 0.00000 0.8304 4.165e+12 1.207e+12
194 196 1.2072e+12 196.70 94.98 257.990 70.205 37 72.46816 96.26231 64.99213 -254.59 96.92 -91.64 -2.396e+12 1.593e+12 -7.212e+12 0.03842 70.20530 1.2072e+12 1.2072e+12 3.0181e+11 3.0181e+11 0.0000e+00 139.08838 80.23 0.16807 0.32396 0.11159 164.81685 55.70245 12.74649 0.00000 0.00000 0.00000 0.00000 0.00000 0.8797 3.835e+12 1.207e+12
195 195 6.0361e+12 412.82 295.69 441.157 36.636 37 24.29746 61.60568 35.77984 273.20 23.42 64.07 -1.696e+13 1.843e+13 1.717e+13 0.04495 36.63640 6.0361e+12 6.0361e+12 5.7343e+12 4.8289e+12 0.0000e+00 31.00189 0.00 0.04495 0.83511 0.16112 -43.19070 77.82742 -52.07970 0.60945 0.03339 42.95856 -80.88705 82.83397 0.4550 7.021e+12 1.811e+12
196 -1 9.0542e+11 175.12 43.56 234.400 86.792 37 42.59221 75.91035 3.18233 186.43 144.30 0.81 -1.092e+12 -2.178e+12 1.522e+12 0.02757 86.79246 9.0542e+11 9.0542e+11 0.0000e+00 0.0000e+00 0.0000e+00 84.26398 100.33 0.10044 0.00000 0.00000 0.00000 0.00000 0.00000 0.00000 0.00000 0.00000 0.00000 0.00000 1.3300 3.360e+12 9.054e+11
197 198 2.4145e+12 245.97 144.03 325.047 96.750 36 67.87125 31.58381 51.03635 -128.71 50.69 -8.93 -1.721e+12 -3.885e+12 -7.342e+12 0.04190 96.74957 2.4145e+12 2.4145e+12 1.5090e+12 6.0361e+11 0.0000e+00 62.19075 13.45 0.05784 0.00000 0.00000 43.99109 -14.54544 34.85870 0.00000 0.00000 0.00000 0.00000 0.00000 0.3916 4.639e+12 3.622e+12
198 203 1.8108e+12 220.99 201.25 295.325 105.362 34 99.26324 11.94520 9.12137 74.82 -71.70 -162.90 -1.311e+13 -6.864e+12 -6.648e+12 0.06003 105.36166 1.8108e+12 1.8108e+12 1.2072e+12 3.0181e+11 0.0000e+00 57.92550 89.18 0.17862 0.69708 0.30152 91.23594 19.44742 55.57787 0.00000 0.00000 0.00000 0.00000 0.00000 1.1552 4.253e+12 3.320e+12
199 200 3.9235e+12 293.83 195.59 382.147 95.434 34 47.75390 61.76603 69.28355 102.09 -107.42 -85.31 -2.271e+13 2.498e+12 -2.039e+13 0.06825 95.43356 3.9235e+12 3.9235e+12 1.5090e+12 9.0542e+11 0.0000e+00 42.82743 0.00 0.09295 0.33501 0.15265 95.02311 67.97675 -91.82557 0.99737 0.46493 51.42310 20.78640 -33.60304 0.4825 3.962e+12 3.923e+12
200 208 1.5090e+12 311.88 147.64 277.911 11.757 33 88.94194 29.66578 99.40695 -274.15 -637.11 159.72 -1.470e+12 -8.824e+11 1.759e+12 0.03586 11.75747 1.5090e+12 1.5090e+12 1.5090e+12 1.2072e+12 1.2072e+12 19.08134 0.00 0.03665 0.29169 0.10185 -26.51587 48.78738 -2.63588 0.29169 0.10185 -26.51587 48.78737 -2.63588 0.2991 3.394e+12 6.036e+11
201 210 6.3380e+12 414.49 330.98 448.390 39.193 33 38.12033 35.43246 67.28940 231.34 -395.16 -109.25 -1.144e+13 -2.886e+12 9.934e+12 0.02076 39.19305 6.3380e+12 6.3380e+12 6.3380e+12 5.7343e+12 2.4145e+12 64.50490 0.00 0.02105 0.18098 0.12892 93.32983 -36.95613 124.51947 0.21908 0.17849 84.09796 -29.02888 107.38830 0.5025 7.363e+12 3.320e+12
202 205 3.6217e+12 280.54 182.49 372.086 116.425 33 15.84625 32.41645 65.53228 -130.08 -140.75 -108.85 8.628e+12 7.969e+12 1.023e+13 0.04225 116.42547 3.6217e+12 3.6217e+12 2.7163e+12 0.0000e+00 0.0000e+00 32.91515 28.49 0.05402 0.04306 0.00000 240.02493 56.45966 146.51640 0.00000 0.00000 0.00000 0.00000 0.00000 0.3933 4.662e+12 3.923e+12
203 206 2.1127e+12 246.03 135.43 310.896 61.372 33 7.61551 87.46222 39.73660 -35.40 286.22 -31.53 5.004e+12 -1.460e+12 4.092e+11 0.03223 61.37178 2.1127e+12 3.6217e+12 1.8108e+12 0.0000e+00 0.0000e+00 109.37381 21.14 0.04454 0.80624 0.37829 82.50024 -90.79275 26.18643 0.00000 0.00000 0.00000 0.00000 0.00000 0.4053 5.021e+12 1.811e+12
204 -1 1.8108e+12 225.69 154.14 295.325 78.407 32 97.93088 98.02192 10.96122 35.96 333.99 57.85 -1.404e+12 -1.114e+12 9.252e+12 0.01692 78.40653 1.8108e+12 1.8108e+12 0.0000e+00 0.0000e+00 0.0000e+00 77.01727 97.61 0.10378 0.45832 0.00000 162.31451 -31.75654 -70.80379 0.00000 0.00000 0.00000 0.00000 0.00000 0.9602 1.992e+12 1.811e+12
205 204 1.5090e+12 218.35 111.14 277.911 57.854 32 77.09469 96.92783 62.73722 -308.43 143.84 -91.23 7.018e+11 -1.394e+11 2.880e+12 0.02753 57.85443 1.5090e+12 1.5090e+12 1.5090e+12 0.0000e+00 0.0000e+00 168.19867 0.00 0.04429 0.28614 0.11343 -28.37281 -105.05058 151.06676 0.00000 0.00000 0.00000 0.00000 0.00000 0.3963 4.709e+12 9.054e+11
206 211 1.2072e+12 201.03 118.56 257.990 57.298 32 70.73347 12.23738 66.62843 37.35 190.60 165.60 5.148e+12 -2.250e+12 3.227e+12 0.05105 57.29750 1.2072e+12 1.2072e+12 9.0542e+11 3.0181e+11 0.0000e+00 110.49714 67.67 0.14024 0.72814 0.10723 80.28154 -20.78256 -70.25515 0.00000 0.00000 0.00000 0.00000 0.00000 0.7593 2.105e+12 9.054e+11
207 201 9.0542e+11 175.64 70.52 234.400 81.340 32 3.23476 3.71310 97.55112 -135.15 660.07 -345.66 1.093e+12 2.972e+12 -5.789e+11 0.06260 81.33974 9.0542e+11 9.0542e+11 0.0000e+00 0.0000e+00 0.0000e+00 165.14912 69.58 0.11255 0.00000 0.00000 0.00000 0.00000 0.00000 0.00000 0.00000 0.00000 0.00000 0.00000 2.2453 3.680e+12 1.811e+12
208 183 1.5090e+12 229.80 146.58 277.911 41.574 32 87.66581 24.78349 33.39833 -177.15 -291.04 62.86 3.358e+12 -3.898e+12 -2.507e+12 0.05376 41.57352 1.5090e+12 1.5090e+12 1.2072e+12 6.0361e+11 0.0000e+00 83.89130 35.71 0.08540 0.29238 0.15037 38.57846 -63.01163 127.55861 0.00000 0.00000 0.00000 0.00000 0.00000 0.5147 3.233e+12 9.054e+11
209 213 3.3199e+12 276.32 181.32 361.449 95.585 32 59.11205 42.11320 13.05049 -35.06 -214.61 262.90 -8.871e+12 9.551e+11 -4.671e+12 0.02896 95.58489 3.3199e+12 3.3199e+12 2.4145e+12 3.0181e+11 0.0000e+00 51.45846 0.00 0.04038 0.24297 0.09616 38.44166 113.94733 119.33319 0.00000 0.00000 0.00000 0.00000 0.00000 0.4763 4.339e+12 3.320e+12
210 214 5.1307e+12 329.02 233.65 417.894 85.636 32 28.08508 58.74695 33.49489 221.70 -30.16 19.03 5.015e+12 -2.640e+12 1.439e+13 0.02648 85.63582 5.1307e+12 5.1307e+12 5.1307e+12 2.7163e+12 0.0000e+00 61.18148 0.00 0.03002 0.39360 0.06224 83.86295 107.08218 -59.10648 0.55273 0.04956 60.49861 75.26424 -53.26321 0.4307 4.830e+12 4.225e+12
211 -1 1.5090e+12 207.21 142.83 277.911 108.978 31 82.58334 81.82790 0.99736 -133.86 379.96 427.87 -5.031e+12 7.881e+12 2.548e+11 0.05880 108.97801 1.5090e+12 1.5090e+12 0.0000e+00 0.0000e+00 0.0000e+00 80.67384 49.48 0.13958 0.00000 0.00000 139.90021 -8.10242 179.09557 0.00000 0.00000 0.00000 0.00000 0.00000 0.6878 2.981e+12 2.414e+12
212 223 2.1127e+12 232.24 272.38 310.896 115.483 31 78.37222 25.01062 81.30050 -145.37 -226.99 -221.31 -3.773e+12 -9.363e+12 2.127e+13 0.19692 115.48290 2.1127e+12 2.1127e+12 0.0000e+00 0.0000e+00 0.0000e+00 169.11084 161.89 0.20051 0.35890 0.00923 -79.92283 194.11569 -95.10455 0.00000 0.00000 0.00000 0.00000 0.00000 2.4206 3.355e+12 3.018e+12
213 217 2.1127e+12 235.65 129.29 310.896 90.583 31 40.51448 92.78044 97.57492 182.79 185.69 18.79 1.494e+12 1.377e+12 -1.394e+13 0.09504 90.58267 2.1127e+12 2.1127e+12 1.8108e+12 3.0181e+11 0.0000e+00 69.36118 39.16 0.11998 0.17552 0.06362 15.62307 204.25160 -24.57084 0.00000 0.00000 0.00000 0.00000 0.00000 0.3122 2.525e+12 2.414e+12
214 216 6.0361e+11 192.14 0.00 204.767 16.813 31 67.32095 60.64305 43.31742 -50.24 240.94 338.33 0.000e+00 0.000e+00 0.000e+00 0.00000 16.81291 6.0361e+11 9.0542e+11 6.0361e+11 6.0361e+11 0.0000e+00 107.95237 0.00 0.00000 0.00000 0.00000 0.00000 0.00000 0.00000 0.00000 0.00000 0.00000 0.00000 0.00000 0.0000 2.516e+12 0.000e+00
215 -1 6.0361e+11 187.15 0.00 204.767 18.788 30 32.76189 60.73129 4.29014 241.70 161.06 28.31 0.000e+00 0.000e+00 0.000e+00 0.00000 18.78848 6.0361e+11 6.0361e+11 6.0361e+11 6.0361e+11 0.0000e+00 109.82758 0.00 0.00000 0.00000 0.00000 0.00000 0.00000 0.00000 0.00000 0.00000 0.00000 0.00000 0.00000 0.0000 2.867e+12 0.000e+00
216 -1 1.8108e+12 240.96 170.13 295.325 47.760 30 32.65810 16.53209 11.80742 29.36 -63.46 -136.28 -6.432e+12 -4.042e+12 8.870e+12 0.06064 47.75961 1.8108e+12 2.1127e+12 1.8108e+12 0.0000e+00 0.0000e+00 57.84018 0.00 0.12861 0.24128 0.00965 146.11105 75.73685 55.26507 0.00000 0.00000 0.00000 0.00000 0.00000 0.6983 3.151e+12 6.036e+11
217 197 2.4145e+12 261.61 171.05 325.047 57.227 29 68.91985 89.93098 12.40275 76.44 173.49 203.25 1.959e+11 5.766e+12 -1.716e+12 0.03113 57.22665 2.4145e+12 2.4145e+12 2.1127e+12 3.0181e+11 0.0000e+00 42.40157 0.00 0.04103 0.66276 0.00734 24.24985 91.56524 -67.97797 0.00000 0.00000 0.00000 0.00000 0.00000 0.4512 3.339e+12 1.811e+12
218 212 1.2072e+12 197.18 99.40 257.990 68.423 29 66.79836 5.17598 30.31021 267.17 -56.55 -99.82 1.985e+12 -1.712e+12 -1.316e+12 0.03493 68.42326 1.2072e+12 1.2072e+12 9.0542e+11 6.0361e+11 0.0000e+00 55.87029 50.93 0.06349 0.81314 0.22030 -13.57619 86.60108 11.22674 0.00000 0.00000 0.00000 0.00000 0.00000 0.4867 3.056e+12 1.207e+12
219 222 4.2253e+12 292.84 171.70 391.705 142.679 28 35.41365 62.98296 10.15747 137.18 41.83 62.80 -3.548e+12 1.783e+12 -3.692e+12 0.01269 142.67934 4.2253e+12 4.2253e+12 3.6217e+12 3.0181e+11 0.0000e+00 17.76748 28.51 0.01455 0.20114 0.03936 -16.16755 138.37790 65.18060 0.00000 0.00000 0.00000 0.00000 0.00000 0.3247 4.738e+12 6.036e+12
220 -1 1.2072e+12 192.16 282.53 257.990 105.224 27 24.03234 13.37851 32.59922 153.67 110.54 57.72 1.392e+13 -1.151e+13 1.185e+13 0.53595 105.22408 1.2072e+12 1.2072e+12 0.0000e+00 0.0000e+00 0.0000e+00 84.76054 47.98 0.46765 0.15418 0.00000 100.77637 199.89064 -71.84015 0.00000 0.00000 0.00000 0.00000 0.00000 4.2571 3.441e+12 2.414e+12
221 69 4.8289e+12 320.55 230.16 409.534 87.767 26 68.48669 22.16788 87.16079 109.22 257.05 168.81 -1.025e+13 -3.723e+12 -1.577e+13 0.03493 87.76723 4.8289e+12 5.4325e+12 4.2253e+12 1.2072e+12 0.0000e+00 35.01704 0.00 0.04118 0.68372 0.21104 52.06936 10.93888 103.12220 0.34672 0.00000 81.35285 14.26747 -21.16721 0.4487 4.836e+12 3.923e+12
222 227 1.2072e+12 205.31 81.53 257.990 48.970 25 85.18180 26.50026 55.00003 -44.44 -4.18 138.41 5.918e+11 1.740e+12 3.905e+11 0.02501 48.96969 1.2072e+12 1.2072e+12 1.2072e+12 3.0181e+11 0.0000e+00 74.42350 0.00 0.04068 0.63060 0.13871 95.89199 36.56672 22.27314 0.00000 0.00000 0.00000 0.00000 0.00000 0.3047 2.346e+12 9.054e+11
223 230 6.0361e+11 195.02 0.00 204.767 15.821 25 52.49349 41.10717 54.91334 228.28 -372.45 106.95 0.000e+00 0.000e+00 0.000e+00 0.00000 15.82123 6.0361e+11 6.0361e+11 6.0361e+11 6.0361e+11 0.0000e+00 87.11649 0.00 0.00000 0.00000 0.00000 0.00000 0.00000 0.00000 0.00000 0.00000 0.00000 0.00000 0.00000 0.0000 3.998e+12 0.000e+00
224 220 9.0542e+11 180.69 52.47 234.400 57.155 25 70.41908 74.17842 18.12436 -303.56 251.93 21.22 2.557e+12 -5.474e+11 -6.509e+10 0.03959 57.15540 9.0542e+11 9.0542e+11 0.0000e+00 0.0000e+00 0.0000e+00 128.95515 34.64 0.09144 0.00000 0.00000 0.00000 0.00000 0.00000 0.00000 0.00000 0.00000 0.00000 0.00000 0.3063 2.596e+12 9.054e+11
225 233 1.2072e+12 204.15 91.70 257.990 50.947 25 77.20795 3.91292 17.19292 -107.77 111.67 86.18 -6.291e+11 -6.916e+11 -1.243e+12 0.01766 50.94673 1.2072e+12 1.5090e+12 1.2072e+12 0.0000e+00 0.0000e+00 111.42802 0.00 0.03367 0.48624 0.03639 107.82098 118.02976 44.90885 0.00000 0.00000 0.00000 0.00000 0.00000 0.3969 3.178e+12 6.036e+11
226 228 1.8108e+12 221.09 287.39 295.325 104.347 25 52.59067 49.52614 41.31748 128.45 -72.55 -43.18 -9.228e+12 -1.334e+13 1.233e+13 0.26781 104.34743 1.8108e+12 1.8108e+12 9.0542e+11 3.0181e+11 0.0000e+00 93.58998 196.92 0.22436 0.59033 0.00000 94.64136 -78.44948 -22.43292 0.00000 0.00000 0.00000 0.00000 0.00000 3.1071 2.203e+12 2.414e+12
227 202 1.2072e+12 204.46 109.26 257.990 50.399 25 3.83117 23.22566 10.95114 -42.92 -526.62 -186.80 -2.086e+12 6.527e+11 -6.837e+11 0.02751 50.39864 1.2072e+12 1.2072e+12 9.0542e+11 0.0000e+00 0.0000e+00 53.61485 24.02 0.04957 0.24644 0.19203 78.48970 -19.17050 135.11940 0.00000 0.00000 0.00000 0.00000 0.00000 0.4632 2.776e+12 9.054e+11
