#ID DescID Mvir Vmax Vrms Rvir Rs Np X Y Z VX VY VZ JX JY JZ Spin rs_klypin Mvir_all M200b M200c M500c M2500c Xoff Voff spin_bullock b_to_a c_to_a A[x] A[y] A[z] b_to_a(500c) c_to_a(500c) A[x](500c) A[y](500c) A[z](500c) T/|U| M_pe_Behroozi M_pe_Diemer
#a = 0.385198
#Om = 0.285000; Ol = 0.715000; h = 0.695000
#FOF linking length: 0.280000
#Unbound Threshold: 0.500000; FOF Refinement Threshold: 0.700000
#Particle mass: 3.01807e+11 Msun/h
#Box size: 100.000000 Mpc/h
#Force resolution assumed: 0.0976562 Mpc/h
#Units: Masses in Msun / h
#Units: Positions in Mpc / h (comoving)
#Units: Velocities in km / s (physical, peculiar)
#Units: Halo Distances, Lengths, and Radii in kpc / h (comoving)
#Units: Angular Momenta in (Msun/h) * (Mpc/h) * km/s (physical)
#Units: Spins are dimensionless
#Np is an internal debugging quantity.
#Rockstar Version: 0.99.9-RC3
0 7 1.8108e+12 282.55 174.32 306.050 48.893 29 21.84929 9.91201 2.07263 632.04 -42.22 338.96 -4.015e+12 -1.294e+12 -4.854e+12 0.05372 48.89305 1.8108e+12 1.8108e+12 1.8108e+12 3.0181e+11 0.0000e+00 68.38457 0.00 0.08287 0.69005 0.09033 66.57092 47.08942 -21.64728 0.00000 0.00000 0.00000 0.00000 0.00000 0.4930 2.094e+12 9.054e+11
1 8 6.4889e+13 853.38 871.03 1008.994 306.388 309 23.29272 10.46463 2.65705 -92.34 167.39 131.21 1.024e+15 1.146e+15 -3.913e+13 0.04094 352.89896 6.4889e+13 6.3380e+13 5.9758e+13 3.4708e+13 8.7524e+12 55.59296 31.23 0.05085 0.63020 0.39159 145.03719 87.64610 61.78320 0.64148 0.33661 74.66566 89.35767 61.36237 0.6215 5.344e+13 7.364e+13
2 24 8.1488e+12 452.14 543.40 505.278 98.764 70 28.47128 12.12569 4.56160 -221.73 119.23 168.55 -4.427e+13 1.085e+14 -1.494e+13 0.01234 98.76367 8.1488e+12 8.1488e+12 8.1488e+12 5.4325e+12 1.8108e+12 30.04002 68.09 0.12409 0.57295 0.22423 -19.59587 50.71784 91.87023 0.35762 0.11026 -26.04685 19.55576 83.13249 0.9939 1.284e+13 6.942e+12
3 25 7.5452e+12 417.96 428.94 492.480 161.817 35 29.94254 12.04523 4.60781 -60.21 175.90 141.96 2.404e+13 -9.603e+12 -2.791e+12 0.01588 161.81651 7.5452e+12 7.5452e+12 6.6398e+12 3.9235e+12 1.5090e+12 77.36152 181.18 0.03110 0.60340 0.22707 93.15746 6.88730 73.86110 0.38808 0.00147 62.58506 2.80850 53.64476 0.8238 7.568e+12 1.026e+13
4 26 6.6398e+12 422.80 445.58 471.936 91.486 25 31.11358 12.02722 4.78350 -278.09 246.42 207.45 -1.595e+13 -1.829e+13 3.326e+12 0.02235 91.48598 6.6398e+12 6.6398e+12 6.0361e+12 4.2253e+12 1.2072e+12 118.19467 0.00 0.03620 0.64928 0.21226 5.15539 10.74836 105.58536 0.60060 0.18266 -3.31131 33.23593 96.23788 0.7572 5.707e+12 4.829e+12
5 27 9.0542e+11 213.79 98.84 242.912 53.844 30 32.59591 12.21494 4.78307 -326.55 132.25 257.26 -1.581e+12 5.156e+12 2.088e+12 0.58407 53.84404 9.0542e+11 9.0542e+11 9.0542e+11 0.0000e+00 0.0000e+00 119.41857 253.43 0.23658 0.00000 0.00000 0.00000 0.00000 0.00000 0.00000 0.00000 0.00000 0.00000 0.00000 21.1919 1.996e+12 6.036e+11
6 3 2.7163e+12 305.69 276.67 350.340 83.578 25 71.28577 57.32309 49.60977 -36.89 545.41 16.77 8.314e+12 2.672e+12 6.456e+12 0.02391 83.57848 2.7163e+12 2.7163e+12 2.7163e+12 0.0000e+00 0.0000e+00 129.18387 0.00 0.07120 0.44371 0.00000 -28.96128 -25.01513 158.73068 0.00000 0.00000 0.00000 0.00000 0.00000 0.8735 2.698e+12 2.716e+12
7 3 2.4748e+13 705.42 702.27 731.723 92.251 139 71.55020 59.16887 49.29576 -58.73 205.59 -10.18 -1.933e+13 3.966e+13 -1.460e+13 0.00654 92.25092 2.4748e+13 2.4446e+13 2.4446e+13 2.0221e+13 7.5452e+12 60.44885 0.00 0.00767 0.58050 0.52689 58.38793 147.16190 8.75124 0.46488 0.42353 68.53870 116.52910 17.75770 0.6420 2.455e+13 1.600e+13
8 4 6.0361e+11 179.85 0.00 212.203 71.386 27 71.77300 61.20900 48.11141 -7.02 -103.99 207.08 6.341e+11 -8.208e+11 1.868e+12 0.16903 71.38564 9.0542e+11 6.0361e+11 0.0000e+00 0.0000e+00 0.0000e+00 174.10303 137.86 0.17182 0.00000 0.00000 0.00000 0.00000 0.00000 0.00000 0.00000 0.00000 0.00000 0.00000 0.0000 3.031e+12 9.054e+11
9 6 9.0542e+11 224.99 113.40 242.912 38.070 87 73.06725 62.02721 47.52540 -745.80 -101.41 443.19 -8.304e+11 1.972e+12 6.667e+11 0.03475 38.07045 9.0542e+11 9.0542e+11 9.0542e+11 3.0181e+11 0.0000e+00 106.25890 0.00 0.09168 0.00000 0.00000 0.00000 0.00000 0.00000 0.00000 0.00000 0.00000 0.00000 0.00000 0.5898 5.825e+12 3.018e+11
10 4 2.1127e+12 281.36 363.06 322.187 76.282 37 71.74617 62.07961 47.26117 11.96 -237.38 244.61 1.266e+13 -4.228e+12 -4.162e+12 0.12099 76.28165 2.1127e+12 2.1127e+12 2.1127e+12 0.0000e+00 0.0000e+00 66.93233 0.00 0.13937 0.23218 0.00000 42.11870 -77.63159 120.52258 0.00000 0.00000 0.00000 0.00000 0.00000 1.9168 1.167e+13 2.113e+12
11 0 6.3380e+12 421.67 391.95 464.674 82.600 75 8.61033 1.67000 89.61214 -243.91 575.16 321.00 2.946e+12 6.869e+12 1.130e+12 0.00776 82.60011 6.3380e+12 6.3380e+12 6.3380e+12 3.0181e+12 0.0000e+00 37.03130 0.00 0.01207 0.33108 0.08776 116.48486 -42.15677 -30.96657 0.38903 0.03947 92.13681 -41.37970 -19.06368 0.7048 9.118e+12 4.225e+12
12 0 2.4145e+12 287.08 321.84 336.852 103.856 30 7.72442 3.20905 91.08627 -364.15 588.31 136.22 -3.355e+12 -2.048e+13 9.896e+12 0.08979 103.85577 2.4145e+12 2.4145e+12 1.8108e+12 0.0000e+00 0.0000e+00 53.20599 27.95 0.18343 0.26718 0.00000 40.56544 145.15250 -70.11975 0.00000 0.00000 0.00000 0.00000 0.00000 1.2835 3.413e+12 2.414e+12
13 2 3.8028e+13 722.43 734.69 844.369 271.903 193 6.29054 4.47281 92.69753 -276.05 156.26 308.68 7.635e+13 7.548e+13 7.280e+13 0.00830 247.18456 3.8028e+13 3.7726e+13 3.3199e+13 1.6901e+13 9.0542e+12 92.52989 43.70 0.01046 0.46273 0.35628 118.31845 -32.94042 -117.79543 0.73620 0.54086 66.93253 -45.20903 -70.87955 0.6279 3.239e+13 4.587e+13
14 9 4.7384e+13 838.37 836.22 908.606 156.158 209 58.87529 31.72222 31.67411 -131.51 -251.00 51.60 -4.055e+14 2.088e+14 -1.703e+14 0.02264 145.62831 4.7384e+13 4.7384e+13 4.6177e+13 3.4708e+13 1.2072e+13 19.18167 29.64 0.02720 0.72797 0.63855 77.53587 116.16375 -56.51855 0.66926 0.42539 67.64840 108.47479 -24.65600 0.6373 4.212e+13 3.652e+13
15 11 7.2434e+12 459.59 338.11 485.824 67.613 40 53.68035 41.40874 58.92587 -341.62 359.92 -163.62 1.170e+13 -2.886e+13 5.064e+12 0.04141 67.61288 7.2434e+12 6.9416e+12 6.3380e+12 5.1307e+12 2.4145e+12 60.77526 6.66 0.04034 0.42915 0.35493 40.11190 -23.79734 84.42555 0.37317 0.15237 51.81678 -25.80720 92.66499 0.3946 6.652e+12 4.527e+12
16 12 5.0704e+13 893.50 921.89 929.349 110.662 219 53.20257 42.24318 59.36633 157.51 -384.85 -296.75 -2.253e+14 1.130e+14 4.088e+14 0.01946 118.80634 5.0704e+13 5.0704e+13 5.0402e+13 3.9537e+13 1.3581e+13 48.89228 64.18 0.02397 0.46353 0.27150 91.76296 -22.02803 172.67062 0.32868 0.16554 94.74948 -7.79043 162.79515 0.6818 4.835e+13 3.109e+13
17 17 1.1469e+13 516.13 468.72 566.244 97.824 86 70.88402 60.11550 57.02332 -30.76 212.59 -738.51 -1.791e+13 -1.451e+13 6.716e+12 0.01177 97.82432 1.1469e+13 1.1167e+13 1.0261e+13 7.5452e+12 1.8108e+12 51.73259 17.19 0.01427 0.53962 0.29477 -38.47829 106.56546 83.88190 0.70199 0.40401 19.98005 92.21218 33.08893 0.5895 1.027e+13 7.847e+12
18 18 3.3199e+13 691.41 727.28 806.999 373.158 146 71.16172 62.06645 55.44045 15.69 11.38 -368.76 2.913e+14 -1.842e+14 -3.037e+14 0.03485 232.26353 3.3199e+13 3.2293e+13 2.9577e+13 1.7203e+13 7.2434e+12 89.04456 25.16 0.04643 0.51447 0.41509 52.66347 82.10954 -80.65657 0.45268 0.32055 39.23255 76.33351 -60.93802 0.6733 2.985e+13 5.101e+13
19 13 9.6578e+12 456.74 394.00 534.719 159.881 58 51.94986 12.89383 40.43701 116.02 462.43 -15.77 -2.881e+13 -1.373e+13 3.812e+12 0.01744 159.88139 9.6578e+12 9.6578e+12 9.0542e+12 1.8108e+12 0.0000e+00 31.14851 0.00 0.02544 0.07052 0.01380 192.44318 328.95447 57.52714 0.52045 0.00000 39.24820 74.98097 71.99798 0.6337 8.369e+12 1.147e+13
20 14 6.6398e+12 411.65 335.05 471.936 112.930 55 52.55668 14.30712 40.74521 -163.85 259.75 -133.40 5.015e+12 -1.178e+13 -1.004e+13 0.01742 112.92995 6.6398e+12 6.6398e+12 6.6398e+12 1.2072e+12 0.0000e+00 33.79136 25.88 0.02405 0.41874 0.16186 65.08674 143.84634 137.92572 0.65416 0.37107 2.97521 67.94151 123.50158 0.5771 8.736e+12 6.640e+12
21 15 1.5996e+13 592.25 547.43 632.656 93.275 85 53.42565 16.00117 41.01633 -275.65 -17.74 -14.71 8.971e+12 -6.813e+13 4.360e+12 0.02085 93.27499 1.5996e+13 1.5996e+13 1.5694e+13 1.2072e+13 3.6217e+12 69.88509 0.00 0.02351 0.77593 0.56003 106.79927 65.93610 12.15524 0.95914 0.48956 32.71791 29.78781 84.45158 0.5762 1.541e+13 1.087e+13
22 16 1.8108e+12 259.79 174.75 306.050 100.271 49 51.81788 17.42150 44.08535 -136.37 -11.65 -320.97 -6.633e+12 3.535e+11 5.813e+10 0.03933 100.27090 1.8108e+12 1.8108e+12 1.2072e+12 0.0000e+00 0.0000e+00 52.29099 94.95 0.08561 0.56489 0.00000 137.53922 3.79132 111.49091 0.00000 0.00000 0.00000 0.00000 0.00000 0.7193 2.936e+12 1.811e+12
23 1 5.3722e+13 848.91 890.78 947.434 295.009 246 4.26076 4.17654 95.39449 -35.00 217.29 -135.31 -2.059e+14 5.753e+14 -2.860e+14 0.02345 183.48225 5.3722e+13 5.3420e+13 5.0704e+13 3.0483e+13 1.5090e+13 58.77258 85.31 0.03058 0.72236 0.49534 104.45747 26.47039 -103.48850 0.67839 0.51623 -27.11688 -17.97278 105.34917 0.6818 4.472e+13 6.066e+13
24 22 3.5010e+13 725.16 721.92 821.413 240.509 154 37.99825 16.05223 42.18243 143.42 120.40 60.51 -2.592e+14 2.421e+14 1.144e+14 0.02864 177.63097 3.5010e+13 3.4708e+13 3.3501e+13 2.0221e+13 7.5452e+12 60.09579 56.33 0.03448 0.74940 0.40770 44.96452 117.33937 62.63037 0.71003 0.46256 24.50259 82.59063 58.53785 0.6176 3.037e+13 3.833e+13
25 20 1.8410e+13 700.41 675.11 663.008 55.112 124 93.98415 42.82060 61.04998 -217.92 -216.05 122.46 -4.573e+13 -8.246e+12 -1.971e+13 0.01140 55.11180 1.8410e+13 1.8410e+13 1.7505e+13 1.2978e+13 8.7524e+12 51.40622 0.00 0.01363 0.61877 0.43798 93.82603 -13.15422 43.59614 0.83577 0.57813 59.96414 33.19997 48.71436 0.6824 1.873e+13 9.356e+12
26 21 5.4325e+12 382.25 326.37 441.401 113.029 34 95.58244 42.11211 62.56596 -319.83 -384.13 -335.49 -4.292e+12 3.304e+12 4.451e+11 0.00843 113.02931 5.4325e+12 5.4325e+12 5.1307e+12 2.1127e+12 1.5090e+12 38.50564 0.00 0.01122 0.21331 0.00382 65.30046 -18.28735 51.36838 0.17179 0.00318 62.31004 -13.55695 42.76786 0.5869 5.710e+12 5.433e+12
27 23 3.3802e+13 718.32 721.67 811.861 293.423 177 54.50518 28.33875 36.33664 -66.21 -101.94 -118.78 -1.991e+13 5.440e+13 5.297e+13 0.00636 172.53543 3.3802e+13 3.3802e+13 3.3199e+13 2.0825e+13 6.6398e+12 125.52078 6.56 0.00770 0.47262 0.34736 -56.49752 11.46099 123.76356 0.40515 0.31627 -13.32932 14.46754 95.68773 0.6245 2.984e+13 4.014e+13
28 32 2.4748e+13 706.21 677.63 731.723 91.730 170 74.85522 4.53581 30.72763 -193.94 -120.67 -117.72 -6.276e+13 7.006e+13 -4.213e+13 0.01484 91.73001 2.4748e+13 2.4748e+13 2.3541e+13 1.7807e+13 9.0542e+12 45.41147 0.00 0.01700 0.76325 0.49544 75.72527 6.77904 111.14936 0.84415 0.61673 13.17692 42.59359 99.64451 0.6138 2.293e+13 1.449e+13
29 28 1.8712e+13 581.69 574.20 666.612 158.921 158 73.51385 69.49901 53.49196 -187.17 -179.25 -219.73 -5.282e+13 -7.792e+13 1.136e+14 0.02775 158.92102 1.8712e+13 1.8712e+13 1.8410e+13 1.1167e+13 0.0000e+00 101.63763 0.00 0.03878 0.46631 0.28845 149.39494 133.67459 58.46740 0.33014 0.17541 96.29568 108.40305 63.81526 0.6806 1.863e+13 1.841e+13
30 39 3.6217e+12 325.15 416.09 385.599 144.412 57 71.36983 23.03779 98.59132 165.67 -384.73 443.19 -3.386e+13 -3.229e+12 -4.748e+11 0.11129 144.41222 3.6217e+12 3.0181e+12 2.4145e+12 0.0000e+00 0.0000e+00 73.05163 27.20 0.13809 0.64278 0.22661 204.14653 -126.39092 -35.41832 0.00000 0.00000 0.00000 0.00000 0.00000 1.6788 5.194e+12 6.338e+12
31 39 1.5694e+13 602.83 688.49 628.652 81.451 76 71.61314 22.29973 99.92471 113.05 -142.17 231.48 -9.680e+13 3.207e+13 4.764e+13 0.01918 81.45075 1.6298e+13 1.5392e+13 1.4487e+13 1.1770e+13 5.4325e+12 96.90060 20.04 0.03967 0.93722 0.39295 108.07042 -4.25959 5.03345 0.68754 0.34004 92.04222 -51.05566 -12.11191 0.8797 1.452e+13 1.026e+13
32 34 1.2072e+12 230.98 214.32 267.360 70.131 27 72.39400 20.55110 0.74613 14.92 63.90 -132.19 3.462e+12 -2.710e+12 -6.551e+12 0.11278 70.13059 1.2072e+12 1.2072e+12 9.0542e+11 6.0361e+11 0.0000e+00 40.23446 112.70 0.19983 0.93199 0.00000 67.70255 -54.54714 45.02135 0.00000 0.00000 0.00000 0.00000 0.00000 1.5637 2.757e+12 1.207e+12
33 35 1.0261e+13 490.29 713.09 545.635 103.590 92 71.67766 22.20291 0.11333 178.67 -101.57 67.54 -2.903e+13 -2.275e+13 1.232e+13 0.02355 103.58965 1.1167e+13 1.0261e+13 1.0261e+13 6.3380e+12 0.0000e+00 76.67876 21.72 0.02782 0.74576 0.34091 -71.42542 118.97738 -16.66608 0.23820 0.15343 -67.93178 91.03027 -35.95665 1.4253 8.968e+12 8.149e+12
34 42 1.5996e+13 658.35 621.83 632.656 56.030 111 41.96684 42.52990 82.83524 106.16 -230.13 -245.53 -6.945e+13 -6.244e+12 4.146e+13 0.02637 56.02954 1.5996e+13 1.5996e+13 1.5996e+13 1.4789e+13 3.9235e+12 25.01501 0.00 0.02769 0.86173 0.65680 -25.24284 12.14938 96.80212 0.84669 0.64809 90.17283 8.65753 -16.00021 0.6001 1.799e+13 6.942e+12
35 30 8.4506e+12 438.21 423.51 511.440 147.078 75 82.15448 14.91712 2.05823 -77.46 110.03 -20.76 -1.094e+13 -4.774e+13 4.979e+13 0.04495 147.07788 8.4506e+12 8.4506e+12 7.5452e+12 4.5271e+12 0.0000e+00 98.25551 48.97 0.06906 0.51395 0.02889 -74.88776 146.97195 43.00384 0.60451 0.45404 -62.37798 138.90565 77.50638 0.6986 7.407e+12 9.658e+12
36 47 2.7163e+12 325.35 199.32 350.340 54.059 52 39.05298 2.40847 4.46687 39.52 361.95 112.43 1.277e+12 2.681e+12 6.656e+12 0.04101 54.05903 2.7163e+12 2.7163e+12 2.7163e+12 1.5090e+12 0.0000e+00 27.37162 0.00 0.04778 0.23713 0.03912 35.65866 49.49658 119.27625 0.00000 0.00000 4.54712 21.39902 105.52073 0.3732 6.337e+12 1.509e+12
37 48 8.7524e+12 465.09 358.51 517.458 98.068 57 40.19666 3.91768 6.37845 -163.90 210.13 -54.32 4.066e+12 -4.901e+12 4.610e+13 0.03894 98.06830 8.7524e+12 8.7524e+12 8.7524e+12 4.8289e+12 0.0000e+00 29.72334 0.00 0.04340 0.62729 0.19259 40.29321 37.25348 129.18042 0.71070 0.18087 54.64626 -4.05696 109.25656 0.4633 8.205e+12 6.942e+12
38 40 1.0563e+13 467.77 396.42 550.932 179.767 75 99.36964 22.15519 75.21754 -2.81 29.09 123.14 -2.192e+13 1.173e+13 -1.900e+13 0.01628 179.76654 1.0563e+13 1.0563e+13 9.0542e+12 2.7163e+12 0.0000e+00 19.44859 0.00 0.02133 0.62769 0.29619 54.03070 -14.25965 149.55956 0.71516 0.31453 71.92968 47.04009 39.72949 0.5684 1.070e+13 1.328e+13
39 41 5.4325e+12 374.17 340.21 441.401 148.001 33 99.57337 21.99280 76.41956 -49.46 42.76 -161.25 -2.930e+13 -5.211e+12 -2.090e+12 0.03979 148.00148 5.4325e+12 5.1307e+12 4.8289e+12 1.8108e+12 0.0000e+00 10.66528 6.03 0.06161 0.46949 0.29007 20.67058 18.27074 135.06258 0.57329 0.18500 53.11858 32.79219 89.50689 0.6637 5.078e+12 7.243e+12
40 51 2.5955e+13 696.64 679.55 743.433 109.002 105 65.16211 4.55002 72.04755 -57.79 38.68 -73.27 1.090e+14 -1.165e+14 -7.154e+13 0.02252 109.00188 2.5955e+13 2.5955e+13 2.5955e+13 1.9316e+13 5.1307e+12 58.86019 0.00 0.02665 0.55421 0.45020 105.09457 86.26949 5.50428 0.32501 0.26508 76.85238 73.82619 -26.51445 0.6254 2.408e+13 1.781e+13
41 36 1.5090e+12 262.71 123.22 288.004 49.520 38 23.98512 29.93271 63.64693 342.58 61.79 -78.98 -6.370e+11 8.561e+11 3.331e+12 0.04890 49.52032 1.5090e+12 1.5090e+12 1.2072e+12 9.0542e+11 0.0000e+00 68.99123 16.70 0.06108 0.44644 0.05794 98.18503 15.04492 -0.65431 0.65383 0.00000 68.03001 -19.94641 -0.85635 0.2523 3.070e+12 9.054e+11
42 37 4.5271e+12 361.03 328.23 415.374 102.675 65 27.03456 28.84455 63.71381 92.97 32.67 -28.80 -2.087e+13 6.580e+12 -1.123e+13 0.03442 102.67545 4.5271e+12 4.5271e+12 4.2253e+12 1.2072e+12 0.0000e+00 70.79232 0.00 0.06884 0.43679 0.03012 36.55755 115.98409 68.56648 0.37785 0.22248 16.79815 114.23660 84.59628 0.7753 5.365e+12 4.527e+12
43 49 6.3380e+12 404.47 303.49 464.674 113.320 101 60.01073 28.76336 86.23871 185.32 -234.90 54.61 -9.208e+11 9.061e+12 1.347e+13 0.01893 113.32023 6.3380e+12 6.3380e+12 6.3380e+12 3.0181e+11 0.0000e+00 32.75595 26.56 0.02597 0.51966 0.13255 5.36301 29.75492 233.00520 0.00000 0.00000 0.00000 0.00000 0.00000 0.5313 7.377e+12 6.338e+12
44 33 2.3541e+13 701.52 662.57 719.627 85.823 98 65.78508 64.13710 38.36644 -25.42 31.17 187.32 -4.538e+13 -1.336e+14 2.918e+13 0.02392 85.82295 2.3843e+13 2.3541e+13 2.2937e+13 1.9316e+13 6.3380e+12 82.80768 12.12 0.02583 0.84046 0.73014 69.93055 98.01520 2.58362 0.81489 0.49735 43.75957 99.11324 13.92321 0.5840 2.359e+13 1.418e+13
45 52 2.7163e+12 315.26 236.97 350.340 65.857 42 80.84108 83.37588 2.54782 -182.58 326.65 324.48 6.862e+12 5.924e+12 -7.569e+11 0.03667 65.85747 2.7163e+12 2.7163e+12 2.7163e+12 0.0000e+00 0.0000e+00 31.16232 0.00 0.05964 0.71160 0.39344 -14.10635 142.20459 111.69498 0.00000 0.00000 0.00000 0.00000 0.00000 0.6222 3.821e+12 2.113e+12
46 52 7.2434e+12 424.85 340.60 485.824 113.646 55 79.29082 85.13665 4.62328 5.59 35.86 131.14 6.392e+12 -4.550e+12 -2.067e+13 0.02345 113.64626 7.2434e+12 7.2434e+12 4.8289e+12 3.6217e+12 1.2072e+12 75.43573 24.04 0.02826 0.93218 0.21841 94.15484 -17.68533 28.00640 0.72834 0.23497 10.12609 47.00907 129.15410 0.5071 7.066e+12 6.338e+12
47 53 8.7524e+12 469.03 372.32 517.458 92.672 95 73.89597 17.22632 0.96791 -8.58 238.04 92.32 6.543e+12 -6.776e+12 1.606e+13 0.01485 92.67207 8.7524e+12 8.7524e+12 8.7524e+12 4.8289e+12 0.0000e+00 51.24175 40.12 0.01736 0.15015 0.00325 28.02176 123.84842 0.37382 0.34951 0.02264 23.27655 112.47244 -5.47452 0.5085 1.079e+13 7.243e+12
48 44 1.2374e+13 606.38 559.50 580.769 50.707 95 66.66542 93.83382 67.52653 -63.32 340.89 -225.36 3.819e+13 2.803e+13 -1.622e+12 0.02175 50.70681 1.2374e+13 1.2374e+13 1.2072e+13 9.0542e+12 5.4325e+12 38.23973 0.00 0.02482 0.95809 0.44612 -62.50293 65.96389 24.85146 0.87475 0.24645 73.31451 3.59245 9.05627 0.6363 1.282e+13 5.433e+12
49 43 1.4185e+13 599.27 532.09 607.820 68.620 93 46.04399 28.91978 45.51060 236.74 -189.20 12.26 6.096e+13 6.788e+12 -1.075e+13 0.02363 68.61955 1.4185e+13 1.3883e+13 1.3280e+13 1.0563e+13 4.2253e+12 36.71578 17.10 0.02597 0.85926 0.51615 -30.84307 7.66777 112.18806 0.80336 0.55139 40.47103 -42.69892 84.09660 0.5749 1.388e+13 8.149e+12
50 55 1.5694e+13 607.46 501.17 628.652 78.332 90 71.56152 67.88280 55.56795 129.89 -103.01 -562.60 8.817e+13 -1.801e+13 -1.107e+13 0.02915 78.33163 1.5694e+13 1.5694e+13 1.4185e+13 8.1488e+12 5.1307e+12 128.36058 0.00 0.03195 0.42471 0.28328 -34.76064 -2.21749 104.92731 0.52138 0.26575 -47.68762 -18.87160 71.01789 0.5253 1.320e+13 7.545e+12
51 58 1.2676e+13 494.63 433.87 585.453 209.399 88 89.91335 35.62590 67.16142 -42.83 -158.16 -189.21 3.229e+13 -1.462e+13 -5.306e+12 0.01465 209.39883 1.2676e+13 1.2374e+13 1.0261e+13 7.2434e+12 0.0000e+00 30.42688 13.59 0.01803 0.21661 0.05595 -81.05426 -155.04671 153.20177 0.69130 0.42434 82.19109 153.58029 -54.55204 0.5533 1.132e+13 1.690e+13
52 59 9.0542e+11 260.44 200.15 242.912 19.000 85 96.40456 94.47232 91.32576 56.78 295.21 345.15 -2.382e+11 7.754e+11 1.601e+12 0.02469 19.00039 9.0542e+11 9.0542e+11 9.0542e+11 9.0542e+11 0.0000e+00 86.54794 0.00 0.07342 0.00000 0.00000 0.00000 0.00000 0.00000 0.54410 0.00554 -48.64417 -68.46655 66.00709 1.2152 5.013e+12 0.000e+00
53 56 7.5452e+12 419.92 369.04 492.480 150.835 78 65.29457 91.18238 27.13759 126.75 187.95 40.15 -1.380e+13 3.065e+13 4.696e+13 0.04990 150.83467 7.5452e+12 7.2434e+12 6.6398e+12 2.7163e+12 0.0000e+00 26.67841 32.27 0.06898 0.52266 0.26516 118.19130 155.54277 -53.91459 0.93045 0.51907 105.73867 2.78702 -18.44697 0.6072 8.346e+12 7.847e+12
54 50 1.3883e+13 561.63 479.69 603.478 91.986 72 67.61456 81.01587 48.13909 -14.97 55.24 -121.69 -4.283e+13 -5.435e+13 5.811e+13 0.03657 91.98563 1.3883e+13 1.3280e+13 1.3280e+13 9.9596e+12 1.5090e+12 30.08152 9.65 0.03906 0.92683 0.42016 71.14643 -71.68631 65.15041 0.56667 0.12336 -29.74307 85.11797 -12.06978 0.5019 1.214e+13 9.658e+12
55 67 5.1307e+12 379.52 260.48 433.071 99.467 71 70.15454 39.41738 56.03083 -136.68 -164.46 -148.62 -2.747e+12 3.908e+13 2.315e+12 0.07894 99.46661 5.1307e+12 5.1307e+12 5.1307e+12 1.5090e+12 0.0000e+00 16.94047 0.00 0.08915 0.42232 0.26567 99.59526 14.62303 -60.85091 0.44369 0.28882 -78.09175 7.93972 79.29070 0.4054 6.355e+12 4.829e+12
56 62 1.0865e+13 661.98 684.14 556.130 29.253 65 34.66210 4.83733 41.01974 36.32 382.87 -17.29 -1.311e+13 1.526e+13 -6.302e+12 0.00751 29.25280 1.0865e+13 1.0865e+13 1.0563e+13 9.3560e+12 7.5452e+12 103.42166 0.00 0.01371 0.29384 0.16430 86.87010 91.93880 26.33126 0.26292 0.10820 88.60346 89.87771 27.07891 0.8771 1.542e+13 1.509e+12
57 68 3.3199e+12 315.23 240.93 374.576 149.218 64 42.80014 17.54001 47.15277 106.49 85.83 -389.93 9.406e+12 -2.182e+13 -4.438e+12 0.07199 149.21848 3.3199e+12 3.0181e+12 1.2072e+12 1.2072e+12 0.0000e+00 53.92619 32.99 0.11342 0.46891 0.40030 -71.98168 -12.92607 132.77158 0.71302 0.40086 100.75969 -13.80551 -61.68747 0.5871 5.904e+12 6.338e+12
58 66 8.4506e+12 438.06 422.01 511.440 147.711 63 86.81982 14.15127 99.79945 -147.28 56.53 88.17 -1.820e+13 3.714e+12 1.989e+13 0.01602 147.71101 8.4506e+12 8.1488e+12 7.5452e+12 3.3199e+12 0.0000e+00 43.48913 16.03 0.02691 0.25075 0.07442 167.27226 -38.88272 -69.84474 0.61602 0.38472 158.73203 -22.83655 -86.54828 0.7320 8.392e+12 9.960e+12
59 69 5.4325e+12 392.78 311.41 441.401 89.838 63 31.86008 13.77444 43.59442 433.12 25.10 -106.85 -1.458e+13 9.205e+12 2.930e+13 0.05888 89.83803 5.4325e+12 5.1307e+12 5.1307e+12 3.3199e+12 0.0000e+00 62.34993 11.50 0.07021 0.36125 0.02900 155.98790 51.03173 -0.81539 0.31437 0.06466 121.69024 48.91681 9.57594 0.5005 6.626e+12 4.225e+12
60 78 6.0361e+11 209.21 0.00 212.203 23.962 61 2.54973 12.72676 9.62513 76.84 -89.68 -171.68 0.000e+00 0.000e+00 0.000e+00 0.00000 23.96222 6.0361e+11 6.0361e+11 6.0361e+11 0.0000e+00 0.0000e+00 124.96875 0.00 0.00000 0.00000 0.00000 0.00000 0.00000 0.00000 0.00000 0.00000 0.00000 0.00000 0.00000 0.0000 4.612e+12 0.000e+00
61 64 1.1770e+13 561.49 505.81 571.168 65.393 60 38.02336 83.08779 96.05372 151.42 121.86 81.59 3.039e+13 -4.471e+12 -3.159e+13 0.02361 65.39317 1.1770e+13 1.1469e+13 1.1469e+13 9.3560e+12 4.2253e+12 22.68614 0.00 0.02508 0.52583 0.18820 56.15025 61.42763 48.22050 0.58054 0.16472 34.21273 64.09052 37.71873 0.5590 1.160e+13 6.338e+12
62 63 5.4325e+12 377.33 266.09 441.401 130.658 60 4.77112 3.24582 76.77528 -24.38 293.29 211.96 -2.686e+12 3.379e+12 1.463e+13 0.02485 130.65833 5.4325e+12 5.4325e+12 4.2253e+12 3.0181e+11 0.0000e+00 70.17159 0.00 0.03150 0.60983 0.30608 -78.76130 127.97838 -90.69678 0.00000 0.00000 0.00000 0.00000 0.00000 0.4620 5.661e+12 6.036e+12
63 57 8.7524e+12 457.76 357.50 517.458 110.108 60 38.64643 21.20719 61.13750 111.80 384.04 -210.92 -9.354e+12 1.594e+12 1.037e+13 0.01116 110.10785 8.7524e+12 8.4506e+12 6.6398e+12 4.2253e+12 0.0000e+00 46.62149 15.09 0.01311 0.49636 0.40863 -45.51741 -80.61283 116.31726 0.78901 0.67484 -32.49312 -35.49555 83.02150 0.5031 7.735e+12 6.640e+12
64 65 9.6578e+12 650.86 586.35 534.719 25.989 60 41.93244 85.35061 45.82402 120.83 8.38 -60.52 7.366e+12 -1.034e+13 -1.253e+13 0.01348 25.98931 9.6578e+12 9.6578e+12 9.6578e+12 8.4506e+12 6.3380e+12 16.14331 0.00 0.01412 0.71438 0.43097 81.20477 6.81637 3.99301 0.74589 0.31659 73.37669 23.22454 -0.56727 0.6510 1.318e+13 3.320e+12
65 72 3.9235e+12 345.18 207.59 396.026 95.404 56 21.45820 13.63689 29.98112 193.94 5.26 -15.96 3.814e+12 6.485e+12 9.210e+11 0.02099 95.40384 3.9235e+12 3.9235e+12 3.9235e+12 6.0361e+11 0.0000e+00 102.66180 0.00 0.02693 0.44337 0.00000 95.81217 -23.34366 60.94129 0.00000 0.00000 0.00000 0.00000 0.00000 0.3915 5.400e+12 3.923e+12
66 84 1.2072e+12 230.84 137.79 267.360 70.577 55 70.68604 26.87817 3.69005 194.81 -343.99 -38.55 6.997e+12 -4.546e+12 5.950e+12 0.15052 70.57685 1.2072e+12 1.2072e+12 6.0361e+11 0.0000e+00 0.0000e+00 166.88338 177.90 0.25957 0.68972 0.00000 17.04688 117.25545 52.58327 0.00000 0.00000 0.00000 0.00000 0.00000 1.6974 4.612e+12 1.207e+12
67 60 4.2253e+12 342.62 199.24 405.930 148.531 54 38.01213 9.04001 9.17614 43.68 184.27 5.33 -4.097e+12 1.211e+13 1.076e+12 0.03490 148.53127 4.2253e+12 3.6217e+12 3.6217e+12 1.2072e+12 0.0000e+00 67.91010 27.09 0.04026 0.29859 0.00653 -67.25005 -66.25753 77.82170 0.78068 0.03974 33.76804 -33.76508 52.23610 0.3280 6.244e+12 7.847e+12
68 70 4.5271e+12 359.01 254.02 415.374 108.462 53 96.67822 23.00304 1.61484 -315.97 -311.61 -59.83 -7.658e+12 -6.071e+12 -1.227e+13 0.03669 108.46186 4.5271e+12 3.9235e+12 3.6217e+12 2.1127e+12 0.0000e+00 86.96986 38.46 0.04389 0.54392 0.48874 125.02972 -10.36435 -26.95482 0.60746 0.21870 59.56108 36.93134 23.69486 0.4406 5.601e+12 4.527e+12
69 -1 1.2072e+12 224.56 112.08 267.360 119.822 53 67.01295 25.61156 14.77304 5.10 -31.14 -60.30 -3.619e+12 -1.170e+12 2.871e+11 0.03914 119.82178 1.2072e+12 0.0000e+00 0.0000e+00 0.0000e+00 0.0000e+00 90.36252 67.71 0.09660 0.25446 0.00037 12.98099 174.64362 122.73804 0.00000 0.00000 0.00000 0.00000 0.00000 0.6018 3.012e+12 2.113e+12
70 73 1.5090e+12 264.02 226.70 288.004 48.016 48 78.68726 3.81157 32.81670 -337.95 141.55 -136.63 1.794e+12 -9.815e+11 -2.650e+12 0.01483 48.01586 1.5090e+12 1.5090e+12 1.5090e+12 3.0181e+11 0.0000e+00 92.65865 0.00 0.05845 0.82388 0.20550 -55.99747 106.72981 -44.05525 0.00000 0.00000 0.00000 0.00000 0.00000 1.0952 4.349e+12 3.018e+11
71 71 6.0361e+11 188.72 0.00 212.203 43.379 47 76.86391 57.03977 50.60816 -434.28 61.15 -37.57 -2.137e+12 2.274e+12 -4.662e+10 0.20668 43.37915 6.0361e+11 6.0361e+11 6.0361e+11 0.0000e+00 0.0000e+00 142.53032 213.38 0.25099 0.00000 0.00000 0.00000 0.00000 0.00000 0.00000 0.00000 0.00000 0.00000 0.00000 0.0000 3.180e+12 3.018e+11
72 81 8.4506e+12 431.36 344.56 511.440 190.449 46 5.58817 13.20542 11.71390 -112.31 -140.99 -236.66 1.521e+13 5.014e+13 -1.396e+13 0.04464 190.44876 8.4506e+12 8.1488e+12 7.2434e+12 3.0181e+12 0.0000e+00 90.82899 12.15 0.05361 0.35273 0.08148 116.76443 -24.08365 -97.00745 0.58014 0.01402 -46.40562 47.55503 46.76180 0.4808 7.319e+12 1.056e+13
73 79 7.5452e+12 451.72 354.13 492.480 81.824 44 51.56348 53.15242 39.84288 182.17 -200.19 -78.21 -8.020e+12 -1.132e+13 2.170e+12 0.01638 81.82365 7.5452e+12 7.5452e+12 7.5452e+12 5.4325e+12 2.1127e+12 23.22540 0.00 0.01677 0.48555 0.41308 -57.87672 68.05447 50.36953 0.46829 0.25636 -39.31620 49.15364 43.55523 0.4323 7.034e+12 5.433e+12
74 77 3.0181e+12 308.11 205.74 362.863 118.277 43 2.34042 17.35185 53.59884 -139.21 294.72 -81.84 8.549e+12 5.130e+12 -1.323e+13 0.05958 118.27656 3.0181e+12 3.0181e+12 1.5090e+12 6.0361e+11 0.0000e+00 42.36600 60.85 0.09112 0.34920 0.04853 -72.16622 116.50902 42.39702 0.00000 0.00000 0.00000 0.00000 0.00000 0.5397 4.745e+12 3.923e+12
75 76 2.4145e+12 283.93 254.80 336.852 127.514 43 52.79678 46.24259 44.23026 131.73 -277.18 -57.46 -5.479e+12 8.325e+12 1.699e+13 0.04951 127.51396 2.4145e+12 1.5090e+12 1.5090e+12 0.0000e+00 0.0000e+00 120.43340 118.23 0.15717 0.60844 0.07763 138.24310 78.09208 -17.16904 0.00000 0.00000 0.00000 0.00000 0.00000 1.1242 4.821e+12 3.923e+12
76 74 1.8108e+12 273.27 285.27 306.050 60.760 42 64.88005 25.60690 88.74555 133.09 -160.33 161.69 1.667e+12 -6.348e+12 8.939e+12 0.07677 60.75954 1.8108e+12 1.8108e+12 1.8108e+12 0.0000e+00 0.0000e+00 83.53673 0.00 0.14290 0.72203 0.50861 139.86421 29.90174 87.20893 0.00000 0.00000 0.00000 0.00000 0.00000 1.3885 4.599e+12 1.509e+12
77 80 4.8289e+12 387.67 249.33 424.407 72.348 42 37.54725 52.54620 42.84758 263.44 -127.22 -31.85 -1.027e+13 -1.067e+13 1.223e+13 0.04508 72.34791 4.8289e+12 4.8289e+12 4.5271e+12 2.7163e+12 0.0000e+00 66.53197 0.00 0.04825 0.08845 0.03757 131.13213 -120.89851 79.79752 0.85401 0.64680 28.89675 -19.05720 79.55841 0.3678 5.342e+12 3.320e+12
78 85 1.8108e+12 263.07 169.69 306.050 84.797 41 35.55013 27.88028 50.76806 417.00 -244.69 -99.46 3.898e+12 3.869e+12 3.065e+12 0.04235 84.79691 1.8108e+12 1.8108e+12 9.0542e+11 3.0181e+11 0.0000e+00 63.81287 72.52 0.08105 0.70892 0.10599 55.17982 -17.92016 88.92314 0.00000 0.00000 0.00000 0.00000 0.00000 0.6251 3.789e+12 1.811e+12
79 86 1.2072e+12 262.71 124.52 267.360 30.675 37 60.67927 8.88645 87.07166 191.84 100.61 50.41 -1.900e+12 1.204e+11 -6.212e+11 0.03041 30.67494 1.2072e+12 1.2072e+12 1.2072e+12 6.0361e+11 0.0000e+00 76.49155 80.38 0.05073 0.38843 0.23833 22.69988 60.53883 -22.26753 0.00000 0.00000 0.00000 0.00000 0.00000 0.5028 2.786e+12 6.036e+11
80 87 1.2072e+12 227.26 76.32 267.360 85.693 36 38.47728 19.91541 42.98612 223.41 -334.87 -95.42 -4.686e+11 1.075e+12 -2.512e+12 0.04648 85.69314 1.2072e+12 1.2072e+12 9.0542e+11 3.0181e+11 0.0000e+00 42.06149 30.09 0.07021 0.54190 0.00000 -56.91740 50.03151 87.30420 0.00000 0.00000 0.00000 0.00000 0.00000 0.2007 3.253e+12 1.509e+12
81 88 5.4325e+12 430.23 309.72 441.401 52.679 35 71.51832 65.46975 55.58292 81.21 -132.49 -596.58 2.075e+13 -2.211e+13 -3.917e+12 0.06092 52.67914 5.4325e+12 5.4325e+12 5.1307e+12 4.5271e+12 9.0542e+11 46.50980 30.16 0.06314 0.26934 0.05537 36.36864 -13.12002 165.32613 0.34225 0.11407 29.10681 -5.79170 128.06659 0.4160 5.636e+12 3.018e+12
82 31 1.5090e+12 242.35 143.59 288.004 115.074 34 85.74535 14.35276 0.37865 29.90 18.26 -0.70 1.984e+12 -2.158e+12 4.565e+12 0.02190 115.07441 1.5090e+12 0.0000e+00 0.0000e+00 0.0000e+00 0.0000e+00 169.12535 139.83 0.09473 0.36261 0.00000 -88.52235 202.21492 95.92467 0.00000 0.00000 0.00000 0.00000 0.00000 1.1048 3.198e+12 3.320e+12
83 89 6.0361e+11 178.35 0.00 212.203 89.789 32 82.37799 30.20981 66.89485 -74.47 -31.71 8.48 5.817e+11 -5.114e+11 7.008e+11 0.02741 89.78875 6.0361e+11 3.0181e+11 3.0181e+11 0.0000e+00 0.0000e+00 140.08043 74.87 0.08399 0.00000 0.00000 0.00000 0.00000 0.00000 0.00000 0.00000 0.00000 0.00000 0.00000 0.0000 2.976e+12 1.811e+12
84 90 1.8108e+12 270.12 146.90 306.050 66.319 31 96.27847 28.29476 63.60243 -12.02 87.34 99.77 -2.313e+12 -3.717e+12 1.412e+12 0.04378 66.31915 1.8108e+12 1.8108e+12 1.8108e+12 6.0361e+11 0.0000e+00 51.18533 0.00 0.05928 0.57376 0.49538 -2.73503 9.99035 104.51886 0.00000 0.00000 0.00000 0.00000 0.00000 0.3521 3.473e+12 1.509e+12
85 93 1.8108e+12 266.40 101.04 306.050 74.639 31 61.76492 42.53443 69.58124 -34.36 -149.40 -279.20 -4.683e+12 -1.806e+12 6.731e+11 0.05457 74.63893 1.8108e+12 1.8108e+12 1.8108e+12 0.0000e+00 0.0000e+00 110.68993 0.00 0.06526 0.22188 0.00000 26.74093 -86.91000 114.06022 0.00000 0.00000 0.00000 0.00000 0.00000 0.1597 3.678e+12 1.811e+12
86 94 6.0361e+11 178.23 0.00 212.203 95.840 29 87.93101 52.91402 71.42939 -135.94 -294.91 -217.19 -1.563e+11 -2.607e+11 1.995e+12 0.12476 95.83972 6.0361e+11 3.0181e+11 3.0181e+11 3.0181e+11 0.0000e+00 107.80842 188.45 0.16227 0.00000 0.00000 0.00000 0.00000 0.00000 0.00000 0.00000 0.00000 0.00000 0.00000 0.0000 2.979e+12 9.054e+11
87 2 6.0361e+11 187.39 0.00 212.203 45.787 28 4.60210 6.49653 91.66795 50.93 -260.55 434.02 -4.996e+10 6.865e+11 -8.958e+11 0.03575 45.78674 6.0361e+11 6.0361e+11 6.0361e+11 3.0181e+11 0.0000e+00 109.82486 93.68 0.09084 0.00000 0.00000 0.00000 0.00000 0.00000 0.00000 0.00000 0.00000 0.00000 0.00000 0.0000 2.255e+12 3.018e+11
88 96 2.1127e+12 315.49 217.39 322.187 37.591 27 62.17331 8.95244 89.43046 4.55 94.21 -37.35 -5.780e+09 -6.382e+12 4.901e+12 0.05644 37.59086 2.1127e+12 2.1127e+12 1.8108e+12 1.8108e+12 0.0000e+00 110.03689 40.52 0.08020 0.45339 0.00080 106.42618 -16.93233 37.58380 0.41405 0.00000 125.57596 13.39426 -43.47127 0.5521 3.804e+12 6.036e+11
89 -1 6.0361e+11 184.04 0.00 212.203 53.567 26 86.98555 49.62807 71.77906 -26.59 -208.71 -158.43 1.955e+11 2.602e+10 4.971e+11 0.00569 53.56691 6.0361e+11 6.0361e+11 6.0361e+11 0.0000e+00 0.0000e+00 151.64337 30.34 0.04301 0.00000 0.00000 0.00000 0.00000 0.00000 0.00000 0.00000 0.00000 0.00000 0.00000 0.0000 2.894e+12 6.036e+11
90 95 9.0542e+11 211.64 120.15 242.912 58.715 26 86.84811 70.47101 9.46706 -270.49 174.01 106.92 8.346e+11 1.531e+12 7.497e+11 0.02605 58.71460 9.0542e+11 9.0542e+11 9.0542e+11 0.0000e+00 0.0000e+00 161.09135 66.39 0.07766 0.00000 0.00000 0.00000 0.00000 0.00000 0.00000 0.00000 0.00000 0.00000 0.00000 1.4591 2.621e+12 9.054e+11
91 -1 1.8108e+12 275.82 140.35 306.050 56.951 25 56.36227 99.81619 67.09100 297.29 109.59 6.47 2.583e+12 2.451e+11 3.377e+12 0.03852 56.95056 1.8108e+12 1.8108e+12 1.8108e+12 0.0000e+00 0.0000e+00 129.37164 0.00 0.05488 0.46357 0.16034 -122.44294 19.05311 139.79417 0.00000 0.00000 0.00000 0.00000 0.00000 0.3511 3.064e+12 1.207e+12
92 61 4.5271e+12 386.94 256.87 415.374 62.971 25 38.68510 10.48614 10.01549 -191.62 5.01 -100.40 5.145e+12 -5.824e+12 -5.003e+12 0.02374 62.97128 4.5271e+12 4.5271e+12 4.5271e+12 1.5090e+12 9.0542e+11 47.67295 0.00 0.02586 0.34882 0.30692 120.88047 74.05999 41.98824 0.60779 0.45066 75.98306 10.89317 31.40795 0.3963 4.346e+12 2.113e+12
