#ID DescID Mvir Vmax Vrms Rvir Rs Np X Y Z VX VY VZ JX JY JZ Spin rs_klypin Mvir_all M200b M200c M500c M2500c Xoff Voff spin_bullock b_to_a c_to_a A[x] A[y] A[z] b_to_a(500c) c_to_a(500c) A[x](500c) A[y](500c) A[z](500c) T/|U| M_pe_Behroozi M_pe_Diemer
#a = 0.265453
#Om = 0.285000; Ol = 0.715000; h = 0.695000
#FOF linking length: 0.280000
#Unbound Threshold: 0.500000; FOF Refinement Threshold: 0.700000
#Particle mass: 3.01807e+11 Msun/h
#Box size: 100.000000 Mpc/h
#Force resolution assumed: 0.0976562 Mpc/h
#Units: Masses in Msun / h
#Units: Positions in Mpc / h (comoving)
#Units: Velocities in km / s (physical, peculiar)
#Units: Halo Distances, Lengths, and Radii in kpc / h (comoving)
#Units: Angular Momenta in (Msun/h) * (Mpc/h) * km/s (physical)
#Units: Spins are dimensionless
#Np is an internal debugging quantity.
#Rockstar Version: 0.99.9-RC3
0 1 1.6599e+13 707.44 648.57 650.455 103.406 156 23.46299 9.66696 1.98381 -93.90 159.79 89.67 9.480e+13 4.880e+13 -1.278e+13 0.03489 103.40569 1.6599e+13 1.6599e+13 1.5694e+13 1.1167e+13 4.2253e+12 43.78411 0.00 0.04120 0.52180 0.36108 -63.08508 123.31031 -35.57704 0.54924 0.37322 -67.63168 90.31668 -19.35893 0.5911 1.505e+13 1.177e+13
1 4 9.0542e+12 613.00 475.37 531.459 61.805 122 4.76376 3.46467 95.64288 -108.95 143.91 -81.25 -2.814e+12 -1.535e+12 -1.089e+13 0.01130 61.80528 9.0542e+12 9.0542e+12 9.0542e+12 7.2434e+12 0.0000e+00 33.40195 0.00 0.01196 0.54685 0.25726 116.69113 -7.09546 -77.98912 0.14735 0.09960 90.34576 -40.67212 -55.21058 0.4851 8.813e+12 5.433e+12
2 5 2.1127e+12 329.63 260.31 327.187 95.357 72 58.85427 32.39722 31.60167 114.56 -191.24 -43.88 6.582e+12 -3.813e+11 1.046e+13 0.07877 95.35748 2.1127e+12 2.1127e+12 1.5090e+12 6.0361e+11 0.0000e+00 60.24935 15.42 0.14734 0.26565 0.03279 99.34423 153.63393 -138.44760 0.00000 0.00000 0.00000 0.00000 0.00000 0.6726 4.706e+12 2.716e+12
3 6 2.4145e+12 359.54 237.86 342.079 67.910 37 52.31834 43.91630 59.55330 144.81 -403.81 -126.94 3.696e+11 -8.313e+12 -2.156e+12 0.06058 67.90977 2.4145e+12 2.1127e+12 2.1127e+12 9.0542e+11 0.0000e+00 42.53716 20.45 0.08198 0.76847 0.40345 75.00134 -95.22415 111.35035 0.20287 0.00000 108.13697 8.86971 65.18305 0.4548 4.781e+12 2.113e+12
4 6 1.2072e+12 279.69 195.59 271.508 63.097 34 53.09111 43.39111 61.19150 245.52 -306.55 -503.64 -6.255e+11 -8.562e+10 1.099e+12 0.01997 63.09651 1.2072e+12 9.0542e+11 9.0542e+11 6.0361e+11 0.0000e+00 54.11161 200.42 0.03839 0.75786 0.00000 -19.99497 80.29043 11.73593 0.00000 0.00000 0.00000 0.00000 0.00000 1.4715 3.846e+12 9.054e+11
5 7 2.7163e+12 361.44 281.91 355.776 94.303 41 66.06548 64.10865 37.89465 62.35 -13.20 117.29 9.054e+12 -1.578e+13 -4.260e+11 0.08519 94.30333 2.7163e+12 2.1127e+12 2.1127e+12 9.0542e+11 0.0000e+00 71.91245 104.32 0.14261 0.79561 0.30389 12.54479 -2.48818 104.00291 0.63680 0.33838 -42.32805 44.16146 29.22838 0.6445 4.425e+12 2.716e+12
6 9 3.6217e+12 392.52 283.00 391.583 122.106 39 37.38065 15.35663 41.75511 222.25 113.70 88.42 2.573e+11 4.833e+12 -9.552e+12 0.03417 122.10575 3.6217e+12 2.1127e+12 2.1127e+12 1.2072e+12 0.0000e+00 84.57017 109.80 0.05196 0.42798 0.00000 10.62347 39.47195 105.51908 0.86553 0.49921 -36.15459 45.03897 67.02933 0.5902 4.326e+12 4.225e+12
7 11 5.4325e+12 477.16 332.66 448.250 81.506 33 71.22260 62.09056 56.55801 25.37 5.38 -262.54 -6.627e+12 -6.169e+12 6.222e+12 0.02302 81.50565 5.4325e+12 5.4325e+12 5.4325e+12 2.1127e+12 0.0000e+00 36.46542 31.90 0.02712 0.53993 0.07177 6.58056 -75.26892 130.35513 0.76741 0.48564 -36.06449 26.04714 122.66766 0.4543 4.981e+12 3.923e+12
8 13 1.2072e+12 322.25 172.30 271.508 27.616 31 54.84122 28.52898 36.31123 -155.31 -28.67 -73.92 -1.097e+12 -1.026e+12 6.274e+11 0.02582 27.61616 1.2072e+12 1.2072e+12 1.2072e+12 1.2072e+12 0.0000e+00 112.26175 0.00 0.04927 0.56949 0.04464 102.60571 -1.82786 9.44234 0.34217 0.00000 121.49185 46.09555 -30.54013 0.5336 4.055e+12 3.018e+11
9 14 2.1127e+12 332.06 214.40 327.187 87.641 30 67.45407 81.17869 48.47280 61.90 -1.12 -121.30 -1.228e+11 -7.093e+11 -2.288e+12 0.01982 87.64137 2.1127e+12 2.1127e+12 2.1127e+12 3.0181e+11 0.0000e+00 39.37872 0.00 0.02858 0.40654 0.01713 29.58810 30.27385 109.53384 0.00000 0.00000 0.00000 0.00000 0.00000 0.4601 2.498e+12 2.414e+12
10 8 4.2253e+12 467.74 339.16 412.229 52.003 27 65.40488 4.39537 72.03613 -40.04 -3.64 40.17 1.662e+12 1.662e+11 -1.060e+12 0.00662 52.00285 4.2253e+12 4.2253e+12 4.2253e+12 3.3199e+12 1.2072e+12 81.53130 0.00 0.00742 0.75082 0.26418 28.60661 84.33416 -39.07692 0.29435 0.01260 -25.77469 59.90638 -53.01556 0.4672 4.915e+12 2.113e+12
11 10 2.1127e+12 388.43 238.55 327.187 33.244 26 70.97266 59.60339 59.38092 -109.44 92.18 -531.85 -2.248e+12 1.173e+12 8.599e+10 0.02543 33.24434 2.1127e+12 2.1127e+12 2.1127e+12 2.1127e+12 0.0000e+00 45.25185 0.00 0.03023 0.63197 0.11676 83.98063 -6.46087 43.35437 0.80637 0.16283 58.67364 -47.24009 15.26446 0.4117 2.843e+12 6.036e+11
