#ID DescID Mvir Vmax Vrms Rvir Rs Np X Y Z VX VY VZ JX JY JZ Spin rs_klypin Mvir_all M200b M200c M500c M2500c Xoff Voff spin_bullock b_to_a c_to_a A[x] A[y] A[z] b_to_a(500c) c_to_a(500c) A[x](500c) A[y](500c) A[z](500c) T/|U| M_pe_Behroozi M_pe_Diemer
#a = 0.559736
#Om = 0.285000; Ol = 0.715000; h = 0.695000
#FOF linking length: 0.280000
#Unbound Threshold: 0.500000; FOF Refinement Threshold: 0.700000
#Particle mass: 3.01807e+11 Msun/h
#Box size: 100.000000 Mpc/h
#Force resolution assumed: 0.0976562 Mpc/h
#Units: Masses in Msun / h
#Units: Positions in Mpc / h (comoving)
#Units: Velocities in km / s (physical, peculiar)
#Units: Halo Distances, Lengths, and Radii in kpc / h (comoving)
#Units: Angular Momenta in (Msun/h) * (Mpc/h) * km/s (physical)
#Units: Spins are dimensionless
#Np is an internal debugging quantity.
#Rockstar Version: 0.99.9-RC3
0 0 4.5573e+13 638.42 697.77 862.360 562.206 247 7.07524 4.55135 91.40747 -486.68 536.98 518.06 -6.710e+14 -1.336e+14 -1.537e+14 0.02185 346.14468 4.5573e+13 4.6780e+13 3.3501e+13 1.7807e+13 5.7343e+12 192.43993 42.17 0.03537 0.45736 0.25851 -23.71266 138.58861 -62.00806 0.56802 0.24282 8.98178 91.19077 -48.41541 0.7564 4.133e+13 7.998e+13
1 2 2.1941e+14 1138.85 1272.71 1456.155 284.439 674 4.81176 5.26117 94.32587 91.20 106.03 14.14 -1.002e+16 -3.819e+15 -6.774e+15 0.03028 298.79916 2.1941e+14 2.2273e+14 2.0945e+14 1.3702e+14 3.1388e+13 281.59134 205.92 0.04659 0.25001 0.19096 -128.71509 18.44917 260.33386 0.23504 0.14492 -76.95890 14.58984 197.81538 0.7701 1.976e+14 1.889e+14
2 2 3.3501e+13 668.33 706.46 778.282 110.704 146 4.51964 5.29394 94.95999 -360.86 241.38 743.25 -6.761e+14 -7.116e+14 -5.476e+14 0.07430 92.29214 3.7726e+13 3.4708e+13 3.0784e+13 2.2032e+13 1.2072e+13 60.72130 91.16 0.09469 0.47765 0.43870 88.24629 10.95417 -76.97079 0.48082 0.42798 -65.17221 -22.05686 67.43512 0.7128 3.058e+13 2.203e+13
3 13 6.5794e+13 761.00 805.45 974.649 268.035 287 74.01947 18.49187 1.32925 -51.04 335.28 82.74 2.978e+13 -1.115e+14 5.537e+14 0.01211 202.51083 6.5794e+13 6.5794e+13 6.0965e+13 3.7122e+13 1.4487e+13 50.74616 23.79 0.01547 0.84864 0.66501 -88.22703 114.53627 -49.25517 0.83612 0.66306 28.08504 113.33521 0.73851 0.6724 5.794e+13 6.942e+13
4 14 9.8993e+13 864.66 908.16 1116.831 279.200 369 72.37714 21.41847 0.63673 214.48 -242.40 238.90 -1.094e+15 1.968e+15 1.038e+15 0.02825 248.00351 9.8993e+13 9.9596e+13 9.2957e+13 5.9456e+13 2.4446e+13 104.51655 39.81 0.03432 0.86755 0.78396 125.54611 -85.36226 45.63009 0.87784 0.73377 100.69692 -14.32057 64.55319 0.6439 8.919e+13 9.899e+13
5 14 9.0542e+11 186.57 58.02 233.563 41.394 29 71.67242 22.59915 2.45895 3.79 -597.99 -182.36 5.059e+11 -4.365e+12 -2.685e+12 0.17788 41.39420 1.2072e+12 9.0542e+11 9.0542e+11 0.0000e+00 0.0000e+00 84.73654 229.34 0.17824 0.00000 0.00000 0.00000 0.00000 0.00000 0.00000 0.00000 0.00000 0.00000 0.00000 4.1005 1.780e+12 6.036e+11
6 93 6.9416e+12 389.51 318.85 460.545 58.937 64 71.11339 24.64466 4.06052 135.50 -578.75 89.88 3.028e+13 -1.006e+13 4.951e+13 0.05643 58.93671 6.9416e+12 7.5452e+12 5.7343e+12 3.9235e+12 2.4145e+12 35.88991 47.83 0.06839 0.29809 0.15853 -9.62166 98.62870 25.09226 0.21994 0.08015 -1.17301 88.69653 32.11049 0.5684 1.006e+13 3.923e+12
7 9 1.2072e+12 201.39 80.43 257.069 52.092 25 15.75083 9.30880 0.94761 187.03 128.71 283.10 2.241e+12 2.973e+11 3.573e+11 0.03051 52.09166 1.2072e+12 1.2072e+12 6.0361e+11 6.0361e+11 0.0000e+00 125.57718 16.37 0.04904 0.34387 0.09971 60.33068 121.32557 105.90889 0.00000 0.00000 0.00000 0.00000 0.00000 0.3031 2.681e+12 6.036e+11
8 10 7.2434e+12 364.40 343.48 467.125 97.717 86 20.41094 9.71805 2.23026 509.99 -58.47 153.96 3.019e+13 4.559e+13 -6.648e+13 0.06560 97.71738 7.8470e+12 7.2434e+12 6.3380e+12 3.0181e+12 1.2072e+12 59.97590 33.78 0.09311 0.75834 0.31279 81.90955 5.28813 -38.51588 0.13393 0.00344 79.47118 8.07536 -35.96027 0.6635 6.405e+12 6.036e+12
9 11 1.2072e+14 894.90 930.84 1193.208 319.414 559 22.91672 10.86751 3.38520 1.75 106.01 149.64 1.635e+15 1.252e+15 9.473e+14 0.01896 367.01715 1.2072e+14 1.2193e+14 1.0141e+14 6.4587e+13 2.5050e+13 84.31824 47.35 0.02255 0.79174 0.40800 158.65881 40.61990 47.81564 0.66514 0.40728 116.77534 27.69066 44.48225 0.6139 1.033e+14 1.259e+14
10 12 9.3560e+12 411.89 355.95 508.725 82.885 58 24.55268 11.54196 4.28731 -510.89 -148.79 -54.28 -2.343e+13 -2.276e+13 1.535e+12 0.02072 82.88526 9.6578e+12 9.3560e+12 9.0542e+12 5.4325e+12 2.1127e+12 13.70957 18.11 0.02309 0.50580 0.28157 93.01628 -72.02242 24.59943 0.51373 0.45397 59.95182 -44.94121 39.55526 0.5292 9.137e+12 6.942e+12
11 16 1.3581e+13 450.15 406.42 576.015 118.874 74 93.56631 40.78510 61.22350 -718.78 183.44 -242.52 -2.254e+13 1.179e+14 -1.018e+14 0.05054 118.87355 1.3883e+13 1.3581e+13 1.1770e+13 7.5452e+12 2.1127e+12 73.47594 2.52 0.05971 0.64441 0.46980 -83.91495 82.35193 -31.35052 0.45877 0.13216 -43.14988 53.16555 -34.19400 0.5584 1.226e+13 1.177e+13
12 15 9.2957e+13 819.22 800.38 1093.653 551.481 379 93.37747 41.51674 61.37325 -122.42 -347.39 17.16 2.167e+15 8.491e+14 -4.479e+15 0.05937 342.38132 9.2957e+13 9.5069e+13 7.7263e+13 4.1046e+13 9.6578e+12 96.76151 113.10 0.07761 0.68126 0.47266 141.69778 -121.08171 63.03038 0.74422 0.45103 -80.69129 83.21939 -57.02286 0.6343 8.012e+13 1.183e+14
13 -1 2.1127e+12 252.90 178.87 309.786 48.054 54 97.50637 37.67676 63.21625 -458.73 -219.45 -189.35 -5.451e+12 2.363e+12 -1.172e+13 0.07268 48.05439 2.1127e+12 2.1127e+12 2.1127e+12 0.0000e+00 0.0000e+00 102.99771 0.00 0.11081 0.73303 0.20537 -91.06481 88.45651 80.52886 0.00000 0.00000 0.00000 0.00000 0.00000 0.5384 4.380e+12 9.054e+11
14 20 1.2072e+12 196.67 159.02 257.069 63.327 46 48.80900 18.68240 43.99944 31.99 161.73 -467.21 8.871e+12 -4.691e+12 -5.304e+12 0.09530 63.32686 1.2072e+12 1.2072e+12 9.0542e+11 6.0361e+11 0.0000e+00 84.01962 108.77 0.24322 0.44012 0.00000 -17.72885 -54.61137 78.76395 0.00000 0.00000 0.00000 0.00000 0.00000 1.2504 4.553e+12 1.207e+12
15 21 2.1127e+13 600.88 676.20 667.414 63.579 113 51.97803 15.48289 40.41048 -123.04 -425.45 -510.37 -1.300e+14 -1.946e+14 1.677e+14 0.02902 63.57936 2.4145e+13 2.1428e+13 1.9316e+13 1.4789e+13 9.0542e+12 89.84196 47.37 0.05230 0.74138 0.52071 0.75348 61.73300 88.57190 0.93273 0.66160 -38.76472 -20.68556 67.94044 0.8598 2.047e+13 1.026e+13
16 22 1.0593e+14 941.07 1034.26 1142.348 138.847 373 52.09233 15.62000 40.43464 -224.33 334.13 -39.85 8.316e+14 -2.547e+15 3.954e+15 0.04685 168.27165 1.0593e+14 1.0624e+14 1.0050e+14 7.8470e+13 3.0784e+13 63.81256 64.76 0.05906 0.75911 0.41865 19.93687 148.69484 50.47726 0.63938 0.34854 42.14066 120.87498 21.53368 0.7082 1.036e+14 6.157e+13
17 23 1.4577e+14 999.99 1080.82 1270.609 255.047 439 72.21691 68.24719 52.71439 -111.07 -422.80 -201.92 4.679e+15 2.959e+15 1.123e+16 0.05809 249.08958 1.4577e+14 1.4728e+14 1.3732e+14 7.8470e+13 1.2978e+13 265.85834 276.43 0.09096 0.74184 0.50525 155.56963 178.59831 -48.06058 0.57703 0.33474 79.95058 127.85203 68.40089 0.7667 1.313e+14 1.277e+14
18 24 2.5955e+13 576.73 609.46 714.818 118.969 129 72.59694 68.57589 52.25176 -9.08 679.92 -536.74 1.368e+14 -4.531e+14 2.368e+13 0.04616 118.96941 2.6861e+13 2.6559e+13 2.1730e+13 1.7203e+13 7.2434e+12 93.90789 13.51 0.06109 0.75276 0.52309 -55.28438 99.15751 12.84419 0.68030 0.39874 -55.08075 72.76861 -27.90153 0.6994 2.348e+13 1.811e+13
19 139 3.9235e+12 282.85 217.35 380.783 138.532 88 52.04522 25.28634 33.58424 367.85 -15.33 405.82 -9.568e+10 1.317e+13 6.841e+12 0.03092 138.53188 3.9235e+12 3.9235e+12 3.0181e+12 3.0181e+11 0.0000e+00 108.38602 17.42 0.04461 0.61579 0.19835 -66.82298 140.40401 -43.44429 0.00000 0.00000 0.00000 0.00000 0.00000 0.5526 6.354e+12 6.640e+12
20 29 3.0181e+12 302.92 199.16 348.896 39.231 47 54.07217 27.54480 34.49503 233.39 275.61 737.17 -1.456e+13 -1.163e+13 1.154e+12 0.07692 39.23066 3.0181e+12 3.0181e+12 3.0181e+12 1.8108e+12 0.0000e+00 58.23961 0.00 0.08687 0.46321 0.29263 35.82228 -30.59692 92.42580 0.82701 0.05391 -45.16430 51.32105 -15.70525 0.4129 3.639e+12 1.207e+12
21 29 9.7182e+13 842.72 905.37 1109.979 468.526 399 54.47655 27.86905 35.72874 -140.05 -67.14 -84.05 5.822e+14 -2.446e+14 1.706e+15 0.02011 294.86569 9.7182e+13 9.8691e+13 8.9939e+13 5.1609e+13 2.2334e+13 90.82381 89.12 0.02598 0.59975 0.39209 -55.21354 15.87140 154.44791 0.67294 0.42208 -67.24520 -21.84391 93.25932 0.6746 8.510e+13 1.228e+14
22 27 5.1307e+12 328.53 233.78 416.402 80.216 32 39.78693 17.84061 42.55295 197.54 -718.51 -69.56 -2.739e+12 -2.927e+13 9.145e+12 0.05289 80.21618 5.1307e+12 5.1307e+12 3.6217e+12 2.7163e+12 0.0000e+00 51.03708 19.81 0.05916 0.96169 0.47062 26.94132 52.62550 67.28664 0.61816 0.26144 21.27542 -31.41839 67.32307 0.4183 4.602e+12 3.622e+12
23 27 9.4768e+13 827.09 855.80 1100.709 353.457 335 39.29571 17.08408 42.43140 334.41 193.65 95.22 -1.915e+15 1.472e+15 -1.035e+15 0.03086 329.98047 9.4768e+13 9.5673e+13 8.2695e+13 5.1307e+13 1.5694e+13 67.61413 120.91 0.03912 0.59917 0.42327 118.64895 120.26482 21.43894 0.72581 0.50456 99.08887 65.59396 13.13112 0.6452 8.169e+13 1.065e+14
24 27 9.0542e+12 403.93 523.39 503.195 86.431 50 38.82399 16.94383 42.42791 -251.95 295.12 176.49 5.142e+13 8.816e+13 -3.759e+13 0.03682 86.43116 1.2978e+13 1.0261e+13 9.0542e+12 4.8289e+12 1.8108e+12 90.05626 22.10 0.08110 0.81489 0.31931 6.71214 30.35082 107.30769 0.52863 0.14670 -43.72049 -15.09698 73.89026 1.1228 9.029e+12 5.734e+12
25 28 9.9596e+12 403.07 382.86 519.438 113.246 80 39.40585 19.04419 43.01883 423.89 -611.69 -2.58 1.202e+14 -3.866e+13 -8.096e+13 0.05953 113.24601 9.9596e+12 1.0261e+13 9.3560e+12 2.4145e+12 0.0000e+00 94.09270 0.00 0.09541 0.51042 0.02378 51.26358 75.45937 86.90032 0.61126 0.07099 64.22771 38.87397 -21.40843 0.7170 1.092e+13 9.356e+12
26 25 1.3642e+14 960.67 998.86 1242.822 520.759 357 71.31596 60.50380 49.39858 -245.49 405.75 167.86 5.462e+15 3.064e+15 6.487e+15 0.05170 279.61612 1.3672e+14 1.3793e+14 1.2676e+14 6.7303e+13 1.8108e+13 117.55945 260.73 0.07316 0.39413 0.36899 -81.22723 193.37202 -2.58332 0.42944 0.28738 -58.29778 127.89988 20.78131 0.7106 1.208e+14 1.527e+14
27 26 4.3460e+13 635.46 716.93 848.823 534.936 147 70.93755 60.91567 49.44087 -242.46 -668.78 580.81 1.336e+13 -5.935e+14 -8.980e+14 0.03758 268.00375 4.3460e+13 4.4667e+13 3.7726e+13 2.0221e+13 9.0542e+12 69.08978 41.86 0.05877 0.48922 0.37852 140.09500 -26.20769 22.01914 0.57172 0.38816 86.34561 -29.29679 14.40923 0.7623 3.757e+13 4.829e+13
28 3 1.7807e+13 476.98 475.61 630.444 173.945 99 70.87324 2.01221 25.16225 162.99 441.28 313.94 2.728e+13 9.539e+13 3.654e+13 0.01676 173.94450 1.7807e+13 1.8108e+13 1.5996e+13 7.8470e+12 0.0000e+00 133.07695 0.00 0.02554 0.33807 0.10730 -42.19884 117.98377 142.04216 0.15574 0.02779 -34.69385 92.21357 132.86116 0.7081 1.637e+13 1.871e+13
29 5 3.8631e+13 607.87 579.25 816.143 643.923 133 70.90022 2.68404 25.75910 135.00 -73.09 187.60 5.592e+14 1.387e+13 -7.756e+13 0.02800 280.77109 3.8631e+13 3.9235e+13 2.9275e+13 1.5090e+13 1.8108e+12 106.67760 71.89 0.03752 0.23315 0.18950 33.48012 151.23871 89.05756 0.11144 0.05992 33.83173 132.83458 82.99222 0.6341 3.938e+13 1.035e+14
30 4 8.4506e+12 372.48 308.01 491.755 133.948 51 72.17715 1.29081 24.06877 -292.55 328.84 296.01 -5.908e+13 -2.723e+13 3.406e+12 0.03677 133.94821 8.4506e+12 8.7524e+12 4.2253e+12 0.0000e+00 0.0000e+00 53.75023 0.00 0.05450 0.09449 0.00083 256.05771 -119.95011 -79.14702 0.00000 0.00000 0.00000 0.00000 0.00000 0.6106 8.719e+12 9.658e+12
31 6 1.1770e+13 414.68 386.47 549.184 154.983 65 71.15650 3.94089 27.65027 -103.09 -280.07 -37.87 1.995e+14 1.017e+14 -2.933e+12 0.08335 154.98346 1.1770e+13 1.2978e+13 1.0563e+13 5.7343e+12 0.0000e+00 66.02819 0.00 0.10785 0.87639 0.42837 112.72299 -26.46577 -85.74812 0.47208 0.25195 61.38315 94.89852 32.60977 0.6008 1.136e+13 1.388e+13
32 30 1.0382e+14 914.17 951.55 1134.703 175.573 445 53.60156 40.99014 57.95594 102.53 -290.03 -377.25 4.379e+14 6.794e+14 5.202e+14 0.01048 190.54977 1.0382e+14 1.0593e+14 9.2655e+13 6.8510e+13 3.0784e+13 29.76906 86.78 0.01229 0.69154 0.36154 37.61130 48.53752 140.15572 0.71609 0.35010 28.49319 38.83594 111.83696 0.6393 8.943e+13 7.213e+13
33 31 1.0261e+14 845.32 859.75 1130.288 451.462 389 58.15080 30.65716 31.68057 -218.36 -306.21 -9.37 -1.204e+15 1.124e+15 -1.049e+15 0.02148 362.42673 1.0261e+14 1.0563e+14 8.8430e+13 4.7987e+13 2.3541e+13 70.51423 61.91 0.02546 0.57118 0.41927 123.55601 11.09142 -115.23241 0.62212 0.46892 96.60938 8.97560 -73.03712 0.6006 8.901e+13 1.222e+14
34 32 6.6398e+12 440.30 333.74 453.771 31.734 107 27.31548 12.12755 5.09453 -148.90 -50.95 159.11 2.343e+13 3.127e+13 4.281e+12 0.04953 31.73360 8.1488e+12 7.5452e+12 6.3380e+12 4.5271e+12 3.3199e+12 49.93290 48.56 0.04915 0.57070 0.38500 64.68909 -33.93887 -18.96979 0.29731 0.11848 67.45329 -38.34059 -7.10828 0.4793 1.014e+13 3.018e+12
35 33 1.4185e+13 481.26 472.19 584.425 86.285 151 29.75496 12.75139 5.63157 -275.88 92.53 266.06 -1.327e+14 -4.017e+13 6.710e+13 0.04155 86.28470 1.4185e+13 1.4487e+13 1.3581e+13 8.4506e+12 3.0181e+12 40.57846 17.63 0.05434 0.76281 0.40047 85.12011 -35.21453 -3.60731 0.67094 0.24461 59.14368 -36.35309 43.86611 0.6751 2.722e+13 8.752e+12
36 35 2.1127e+12 232.21 118.81 309.786 96.038 94 33.68677 13.45487 5.95273 -336.59 -218.59 377.49 -1.419e+12 -3.775e+12 -2.430e+12 0.02707 96.03831 2.1127e+12 2.4145e+12 1.5090e+12 0.0000e+00 0.0000e+00 75.33330 63.65 0.03971 0.29745 0.00000 144.89528 111.52142 -9.00647 0.00000 0.00000 0.00000 0.00000 0.00000 0.3797 1.002e+13 2.716e+12
37 34 4.2253e+12 316.77 266.57 390.306 62.682 57 31.84309 12.85623 5.81648 -398.02 129.05 208.46 2.315e+13 1.042e+13 -3.111e+12 0.05115 62.68158 4.5271e+12 4.2253e+12 4.2253e+12 2.4145e+12 0.0000e+00 101.42663 6.79 0.06792 0.53547 0.27715 81.35842 119.38858 -111.44781 0.44243 0.00000 -38.12949 -81.86883 118.88833 0.5910 5.754e+12 3.018e+12
38 36 9.8691e+13 891.80 936.70 1115.695 241.354 301 71.10626 61.66316 53.30311 -53.24 20.19 -736.30 2.490e+15 -2.269e+15 -1.101e+15 0.03877 196.91856 9.8691e+13 1.0261e+14 9.3258e+13 6.7001e+13 1.7505e+13 134.41711 139.21 0.04932 0.35350 0.28191 86.63425 148.86128 -86.32699 0.29998 0.14146 83.73714 122.70765 -77.49895 0.6771 9.023e+13 9.205e+13
39 36 1.7505e+13 571.61 656.08 626.862 56.500 83 71.40144 62.11384 53.02255 379.39 438.57 -1010.86 1.497e+14 -1.351e+14 2.412e+13 0.02413 56.49990 2.0221e+13 1.9316e+13 1.6599e+13 1.2676e+13 6.9416e+12 124.90726 38.70 0.05047 0.92510 0.48505 5.31651 90.17601 -7.11847 0.57357 0.52410 -42.43528 52.53597 38.80497 0.8956 1.780e+13 8.752e+12
40 7 5.2514e+13 695.12 701.60 904.092 212.887 259 73.77917 4.20890 30.13354 -233.45 -122.01 -154.99 4.782e+14 3.597e+14 -5.274e+14 0.02719 212.88742 5.2514e+13 5.4627e+13 4.5271e+13 3.0181e+13 1.4185e+13 74.89371 50.15 0.03177 0.85856 0.45359 90.83405 30.66699 102.60848 0.76769 0.49670 53.43928 39.52122 79.91343 0.6011 4.655e+13 4.950e+13
41 8 1.9617e+13 506.61 491.90 651.129 139.000 103 77.05035 4.11413 32.43861 -536.74 68.41 -226.71 8.834e+13 -2.271e+14 6.493e+13 0.04285 138.99974 1.9617e+13 2.1127e+13 1.8410e+13 1.1770e+13 2.7163e+12 39.00373 0.00 0.05184 0.93862 0.57915 -42.98914 93.03352 69.87441 0.83108 0.40007 83.05137 -5.44457 51.19049 0.6037 1.792e+13 1.811e+13
42 41 7.0019e+13 735.60 769.30 995.082 479.472 288 47.04502 28.21774 45.51197 203.94 -171.23 -37.20 -8.466e+14 3.598e+13 6.628e+14 0.02027 431.73203 7.0925e+13 7.4245e+13 5.8249e+13 3.3199e+13 1.2978e+13 35.07639 51.08 0.02652 0.59993 0.57048 -75.88100 73.70332 110.50807 0.71580 0.69774 14.08542 48.47381 87.32281 0.6591 6.206e+13 9.356e+13
43 42 1.1469e+13 483.85 453.03 544.449 54.955 62 47.89199 28.61643 45.85301 -521.56 -90.54 -513.30 -5.294e+13 9.312e+12 6.236e+13 0.03801 54.95535 1.1469e+13 1.1770e+13 1.1167e+13 9.3560e+12 4.2253e+12 46.00302 0.00 0.04140 0.71134 0.39198 20.99062 -31.22025 91.11855 0.42901 0.15600 1.57648 2.02377 70.92854 0.5925 1.243e+13 5.433e+12
44 43 2.1127e+12 230.44 291.90 309.786 109.275 79 70.77443 27.49150 5.76013 301.78 -454.12 43.32 3.446e+12 3.082e+12 -4.137e+12 0.04226 109.27508 2.1127e+12 2.1127e+12 1.8108e+12 0.0000e+00 0.0000e+00 96.91209 23.67 0.05231 0.65087 0.04665 -58.04275 38.33555 128.38153 0.00000 0.00000 0.00000 0.00000 0.00000 1.8447 1.144e+13 4.527e+12
45 45 1.4789e+13 450.34 433.83 592.600 155.899 90 71.67690 31.01557 5.73794 34.93 -699.65 285.66 -1.132e+14 -6.798e+13 -5.945e+13 0.02742 155.89870 1.4789e+13 1.5694e+13 1.2374e+13 0.0000e+00 0.0000e+00 201.68150 0.00 0.04767 0.43234 0.28377 -43.95345 263.22751 78.15654 0.00000 0.00000 0.00000 0.00000 0.00000 0.7540 2.023e+13 1.569e+13
46 46 9.6578e+12 403.63 335.68 514.138 102.596 103 72.93040 30.68786 6.58511 -299.88 -529.79 -91.22 7.831e+12 2.256e+13 -5.351e+13 0.03599 102.59577 9.6578e+12 9.9596e+12 9.6578e+12 4.8289e+12 1.2072e+12 38.00260 16.23 0.03924 0.56157 0.22691 98.99901 -35.91547 -44.54647 0.30973 0.12097 75.50874 -53.28551 -14.47827 0.4870 9.193e+12 8.149e+12
47 40 4.5573e+13 714.55 689.09 862.360 98.664 266 99.32877 22.40592 75.70919 -31.81 93.31 85.80 1.489e+14 2.521e+14 -3.817e+14 0.02136 123.01003 4.5573e+13 4.6780e+13 4.1348e+13 2.4748e+13 1.2676e+13 61.38919 22.94 0.02426 0.73334 0.38254 28.39409 -36.64392 115.67754 0.86893 0.41066 30.22365 -9.48142 93.27324 0.6000 3.962e+13 2.264e+13
48 55 5.1911e+13 675.30 661.45 900.615 361.767 226 42.57449 41.48444 81.67836 163.30 -260.98 -313.90 3.993e+14 4.469e+14 -3.566e+14 0.02354 277.92136 5.1911e+13 5.3118e+13 4.3158e+13 2.5654e+13 7.8470e+12 59.89124 58.67 0.02832 0.63176 0.41508 -27.98016 109.11330 107.24849 0.76413 0.51349 -3.11085 7.09989 103.56176 0.5904 4.469e+13 6.428e+13
49 50 6.0361e+11 186.32 0.00 204.036 18.277 122 76.49945 18.37304 3.33154 -289.16 -276.29 -315.49 0.000e+00 0.000e+00 0.000e+00 0.00000 18.27749 6.0361e+11 6.0361e+11 6.0361e+11 6.0361e+11 0.0000e+00 105.64313 0.00 0.00000 0.00000 0.00000 0.00000 0.00000 0.00000 0.00000 0.00000 0.00000 0.00000 0.00000 0.0000 6.588e+12 0.000e+00
50 50 2.1428e+13 509.28 490.00 670.577 177.544 149 81.34843 15.49071 2.02485 -168.36 146.66 -25.01 -1.747e+14 -5.380e+13 1.599e+13 0.02575 177.54424 2.1428e+13 2.1730e+13 1.8410e+13 1.1167e+13 0.0000e+00 86.69886 0.00 0.03256 0.56819 0.35129 179.48755 -46.44988 -65.94230 0.17635 0.01720 164.42651 -56.16689 -29.47107 0.6090 2.079e+13 2.264e+13
51 51 3.3501e+13 639.79 629.64 778.282 129.818 150 96.59596 23.81390 50.56161 -42.87 -203.73 368.12 -2.498e+14 2.159e+13 2.245e+14 0.02466 116.02744 3.3501e+13 3.3802e+13 3.1690e+13 2.3843e+13 8.1488e+12 49.19770 15.10 0.02835 0.85959 0.56977 94.79519 -69.08077 -68.36286 0.55372 0.31044 66.35956 -49.60224 82.49723 0.6142 3.180e+13 2.656e+13
52 52 1.8712e+13 569.48 539.24 640.954 64.764 103 97.18400 23.54946 52.86364 -96.99 -30.82 -68.11 9.035e+13 4.856e+13 2.285e+14 0.04943 64.76414 1.8712e+13 1.8712e+13 1.6901e+13 1.2978e+13 5.4325e+12 69.88276 6.28 0.05570 0.83203 0.59753 -52.90609 -6.45114 89.91888 0.82495 0.53865 -20.74204 6.87983 90.36079 0.6231 1.966e+13 1.056e+13
53 56 2.9275e+13 576.18 585.63 744.081 164.969 141 4.77472 4.76266 77.70950 -26.50 408.35 189.14 -1.293e+14 -1.783e+14 -9.565e+13 0.02080 164.96863 2.9275e+13 2.9577e+13 2.5654e+13 1.6901e+13 6.3380e+12 72.48643 4.75 0.02533 0.88285 0.44510 -17.54945 121.94916 -6.34338 0.62256 0.42167 -6.28943 87.17156 -18.46681 0.6289 2.515e+13 2.626e+13
54 57 1.2978e+13 429.14 444.56 567.352 156.952 107 4.61987 6.50665 75.81014 -153.20 62.97 408.69 -1.475e+14 1.103e+14 6.954e+13 0.04413 156.95154 1.2978e+13 1.4185e+13 1.0563e+13 4.8289e+12 0.0000e+00 107.82169 0.00 0.08056 0.62355 0.14711 -63.09687 -72.99075 118.12782 0.11295 0.00000 -75.34079 -37.19663 102.05942 0.7896 1.500e+13 1.418e+13
55 60 9.9596e+12 396.09 384.66 519.438 132.029 86 91.40279 24.18046 1.14577 -115.89 -602.05 -107.64 -9.254e+13 -3.181e+13 2.533e+13 0.03343 132.02876 9.9596e+12 1.2072e+13 9.0542e+12 0.0000e+00 0.0000e+00 53.62242 0.00 0.06430 0.65482 0.16370 -89.96311 169.36253 16.03217 0.00000 0.00000 0.00000 0.00000 0.00000 0.7861 1.883e+13 1.026e+13
56 59 7.5452e+12 363.87 420.71 473.525 112.063 94 92.38503 22.96366 1.10507 -275.46 -227.09 -76.20 1.103e+14 -4.983e+13 -3.950e+13 0.01027 112.06261 7.5452e+12 8.1488e+12 6.9416e+12 2.4145e+12 0.0000e+00 28.40161 0.00 0.12867 0.09658 0.00000 9.81194 88.80671 109.81503 0.00000 0.00000 14.08386 87.23450 96.39728 1.0047 1.354e+13 7.545e+12
57 61 6.0361e+11 200.69 0.00 204.036 13.539 44 90.41390 25.99060 1.12991 -18.07 -615.28 158.83 0.000e+00 0.000e+00 0.000e+00 0.00000 13.53884 6.0361e+11 6.0361e+11 6.0361e+11 6.0361e+11 0.0000e+00 91.56564 0.00 0.00000 0.00000 0.00000 0.00000 0.00000 0.00000 0.00000 0.00000 0.00000 0.00000 0.00000 0.0000 2.081e+12 0.000e+00
58 53 3.0181e+12 263.19 334.60 348.896 99.589 54 42.94284 83.15961 45.31216 112.90 271.79 90.00 9.670e+12 -4.482e+13 2.769e+13 0.20112 99.58904 3.0181e+12 7.8470e+12 0.0000e+00 0.0000e+00 0.0000e+00 108.63367 0.00 0.24926 0.35451 0.16139 39.73734 121.97639 206.86806 0.00000 0.00000 0.00000 0.00000 0.00000 1.7470 8.727e+12 3.622e+12
59 54 3.0181e+13 610.22 640.39 751.674 120.514 162 42.65844 85.45797 45.73421 216.39 40.84 -26.75 -5.286e+13 -8.082e+13 -3.501e+13 0.00766 120.51386 3.0181e+13 3.2897e+13 2.6861e+13 1.7505e+13 8.1488e+12 58.94962 1.39 0.01030 0.51657 0.36830 120.40474 29.00122 30.45614 0.57984 0.37744 85.60606 43.80315 26.93098 0.7094 2.831e+13 2.052e+13
60 66 2.2636e+13 505.95 502.33 682.941 267.260 155 33.46460 14.02459 43.05318 414.52 189.17 -138.12 -2.900e+13 7.643e+13 -1.482e+14 0.01681 267.26050 2.2636e+13 2.3239e+13 1.6901e+13 3.6217e+12 0.0000e+00 165.42691 0.00 0.02741 0.22443 0.07533 207.55905 20.83784 104.25506 0.10899 0.03674 163.78627 -2.47593 87.62476 0.7253 2.470e+13 3.682e+13
61 67 1.5090e+12 205.21 155.94 276.919 107.386 58 35.20448 15.27413 43.57732 388.64 43.48 -517.11 -1.240e+12 -8.307e+12 -2.994e+12 0.03597 107.38569 1.5090e+12 1.5090e+12 6.0361e+11 3.0181e+11 0.0000e+00 63.05192 86.34 0.13172 0.55801 0.12289 153.24063 -71.42705 74.40362 0.00000 0.00000 0.00000 0.00000 0.00000 1.1218 7.729e+12 3.320e+12
62 75 3.0483e+13 635.45 612.16 754.171 98.403 127 43.17292 18.22222 44.79665 62.39 209.69 -641.88 6.179e+13 6.202e+13 -2.331e+14 0.02242 98.40279 3.0483e+13 3.0483e+13 2.9275e+13 2.4446e+13 8.1488e+12 80.90335 0.00 0.02455 0.77350 0.54441 -58.04415 42.49357 114.35217 0.58514 0.47073 2.52675 49.15776 95.85281 0.5899 3.126e+13 1.992e+13
63 76 1.1770e+13 447.31 374.54 549.184 86.339 66 44.64627 18.31863 43.57359 -235.43 168.00 71.59 -2.360e+13 -9.258e+13 -1.265e+14 0.06554 86.33910 1.1770e+13 1.2072e+13 8.7524e+12 4.8289e+12 3.3199e+12 89.74948 34.34 0.07634 0.66991 0.38315 81.84521 -71.84745 9.57325 0.80563 0.44164 -33.99353 37.26530 57.44527 0.5415 1.051e+13 6.640e+12
64 62 1.8108e+12 224.47 129.44 294.270 74.534 51 25.74501 29.53683 63.21982 409.34 -132.76 -32.37 6.904e+10 9.373e+11 4.048e+12 0.02913 74.53371 1.8108e+12 1.8108e+12 1.2072e+12 0.0000e+00 0.0000e+00 172.34727 0.00 0.04531 0.54344 0.00000 -45.87398 108.77881 51.29963 0.00000 0.00000 0.00000 0.00000 0.00000 0.4283 5.819e+12 1.811e+12
65 63 1.6901e+13 493.33 456.19 619.572 112.141 96 27.50020 29.02843 63.59430 102.35 -3.81 -27.60 1.071e+14 -4.402e+13 5.135e+13 0.02653 112.14071 1.6901e+13 1.6901e+13 1.5694e+13 1.0261e+13 0.0000e+00 37.31540 0.00 0.03337 0.86846 0.23366 -70.66568 34.44847 168.03096 0.62662 0.14467 125.24940 -42.19091 31.42766 0.6074 2.104e+13 1.388e+13
66 64 1.2072e+13 434.28 404.16 553.838 111.481 61 28.78907 28.54405 64.11010 -29.53 76.73 -310.22 -1.906e+13 5.160e+13 -6.115e+13 0.03167 111.48087 1.2072e+13 1.2374e+13 9.6578e+12 6.3380e+12 1.2072e+12 67.43367 0.00 0.03797 0.51828 0.29196 101.11209 -62.45906 20.34183 0.66036 0.06630 86.67613 10.80924 36.89650 0.5803 1.053e+13 9.658e+12
67 58 4.7082e+13 686.97 725.35 871.775 209.809 230 34.79007 6.72395 41.04160 97.33 492.05 8.26 -2.320e+14 1.895e+14 8.939e+13 0.01154 169.37534 4.7082e+13 4.8289e+13 4.0744e+13 2.6861e+13 1.1167e+13 87.21046 53.93 0.01494 0.64521 0.46720 -18.95730 120.43952 -53.73767 0.72724 0.51205 -8.64797 71.09212 -69.19354 0.6808 4.117e+13 4.527e+13
68 65 4.8893e+13 679.29 673.11 882.811 254.857 213 39.16676 22.80437 60.45721 228.31 267.01 -205.17 3.768e+14 -1.938e+14 3.177e+13 0.01605 206.45312 4.8893e+13 4.9798e+13 4.5875e+13 2.4446e+13 8.7524e+12 41.76513 39.91 0.01906 0.55693 0.38300 -28.78098 14.46218 140.34286 0.76189 0.51248 -31.38724 34.37029 83.11279 0.6025 4.379e+13 5.221e+13
69 49 6.3380e+12 333.79 241.05 446.789 145.721 37 68.51777 22.24458 87.16205 97.86 251.17 208.48 -1.598e+13 -1.645e+13 -8.743e+12 0.02938 145.72139 6.3380e+12 6.3380e+12 5.1307e+12 3.0181e+12 0.0000e+00 40.59507 0.00 0.03317 0.71026 0.22506 27.97597 5.54743 109.46084 0.48438 0.01576 95.02267 26.07792 -22.86725 0.4164 5.493e+12 7.243e+12
70 48 8.7524e+12 369.92 413.43 497.541 177.341 164 66.65736 24.30893 89.33064 -52.94 -159.68 146.47 -3.510e+13 1.035e+14 6.948e+13 0.02986 177.34102 8.7524e+12 9.3560e+12 6.0361e+12 3.3199e+12 0.0000e+00 34.60106 53.09 0.10220 0.39437 0.25222 -97.27631 115.63554 56.76868 0.42083 0.17059 -72.65373 39.44134 71.77650 0.9368 2.007e+13 1.418e+13
71 74 4.6478e+13 724.08 694.97 868.033 249.997 220 64.86337 4.73467 71.60374 2.62 144.09 -146.21 3.321e+14 4.843e+13 -2.805e+14 0.01839 119.41032 4.6478e+13 4.7082e+13 4.1951e+13 2.4145e+13 1.3883e+13 35.90865 60.72 0.02135 0.70499 0.40181 95.74471 85.70008 25.79392 0.79711 0.50392 75.46558 45.03758 -31.02321 0.6124 4.012e+13 5.040e+13
72 73 1.2676e+13 416.05 438.14 562.919 249.335 209 79.09103 74.36755 56.17210 -441.90 -122.42 -255.28 1.026e+13 4.329e+13 -1.687e+13 0.00870 249.33540 1.2676e+13 1.2676e+13 9.3560e+12 6.0361e+11 0.0000e+00 146.42589 18.70 0.02025 0.19477 0.04001 256.23828 96.43130 80.66930 0.00000 0.00000 0.00000 0.00000 0.00000 0.8618 1.260e+13 2.113e+13
73 69 5.4325e+12 319.24 215.91 424.411 125.513 127 52.14872 56.71785 37.05146 474.50 -341.25 75.16 -5.958e+12 -2.534e+13 1.560e+13 0.04259 125.51286 5.4325e+12 5.4325e+12 2.7163e+12 1.2072e+12 0.0000e+00 95.03844 20.15 0.05302 0.52521 0.11278 7.03810 92.73219 65.27402 0.20878 0.00000 -30.13463 71.84507 62.16171 0.4428 1.478e+13 6.338e+12
74 69 1.5090e+12 219.01 196.05 276.919 52.450 32 53.35635 56.94666 36.88098 132.97 -517.47 -6.04 1.015e+13 1.095e+13 -3.120e+11 0.00773 52.45034 1.5090e+12 1.5090e+12 1.5090e+12 6.0361e+11 0.0000e+00 42.95662 0.00 0.22063 0.49772 0.00163 -65.78690 95.22761 59.45003 0.00000 0.00000 0.00000 0.00000 0.00000 1.0018 2.050e+12 9.054e+11
75 69 9.0542e+11 225.13 36.21 233.563 16.763 47 54.47273 55.78529 35.27054 -1.99 11.93 394.99 -3.283e+11 1.880e+11 9.029e+11 0.02160 16.76321 9.0542e+11 1.5090e+12 9.0542e+11 9.0542e+11 0.0000e+00 65.58559 0.00 0.03388 0.00000 0.00000 0.00000 0.00000 0.00000 0.77857 0.00000 75.64964 -10.69238 28.90406 0.0778 3.596e+12 0.000e+00
76 77 4.6780e+13 693.34 673.27 869.908 181.607 203 65.60320 64.24510 39.08259 -78.78 -6.05 213.18 -2.560e+14 -7.914e+14 1.331e+14 0.03663 156.43513 4.6780e+13 4.8591e+13 4.1046e+13 2.9275e+13 1.1469e+13 58.63733 26.97 0.04068 0.79560 0.76839 -0.70046 -3.93753 125.60954 0.96183 0.86367 78.85931 -2.62738 53.43158 0.5755 4.057e+13 4.044e+13
77 80 2.2636e+13 588.18 568.18 682.941 79.833 114 39.51311 4.02992 5.11726 102.03 461.16 196.75 4.586e+13 8.696e+12 1.971e+14 0.02941 79.83308 2.2636e+13 2.3239e+13 2.1127e+13 1.8410e+13 6.0361e+12 53.24137 0.00 0.03280 0.82497 0.42754 100.90606 -27.96608 48.66683 0.89292 0.34911 61.31612 -4.86939 75.92412 0.6105 2.495e+13 1.358e+13
78 81 1.6901e+13 481.79 417.77 619.572 132.835 88 39.50982 4.87001 5.97372 -180.01 183.59 -134.78 8.702e+13 3.914e+13 2.521e+14 0.06350 132.83479 1.6901e+13 1.8410e+13 1.5694e+13 8.1488e+12 2.4145e+12 18.78687 10.52 0.07103 0.78262 0.53041 -68.28818 95.63699 -87.79976 0.76750 0.52169 -5.57116 26.39894 100.17241 0.5084 1.829e+13 1.539e+13
79 70 3.1086e+13 610.90 609.80 759.117 141.193 168 66.59087 95.31737 66.46532 -114.95 379.28 -218.96 2.130e+14 -2.439e+14 -2.215e+11 0.02381 128.35715 3.1086e+13 3.3501e+13 2.4446e+13 1.5694e+13 9.6578e+12 105.50455 23.74 0.03090 0.62457 0.47909 -67.88964 100.28549 6.83518 0.71120 0.39063 70.89161 -60.45906 12.52201 0.6694 3.131e+13 2.113e+13
80 71 2.7464e+13 552.07 540.26 728.411 197.098 150 52.60120 44.41410 44.64569 4.32 -169.83 52.64 -6.273e+14 2.636e+13 -4.351e+13 0.05306 197.09833 2.7464e+13 2.7464e+13 2.4748e+13 1.0865e+13 3.6217e+12 143.20023 0.00 0.07383 0.38924 0.14901 -49.19320 -88.04733 118.54360 0.75119 0.18001 -46.05362 -50.00574 65.37621 0.6702 2.510e+13 2.897e+13
81 71 8.4506e+12 377.48 264.53 491.755 117.468 49 52.70373 44.76046 44.22679 -36.42 -628.73 126.96 -1.476e+13 2.644e+13 -2.217e+13 0.03079 117.46789 8.4506e+12 8.4506e+12 6.3380e+12 4.2253e+12 1.8108e+12 37.85347 0.00 0.03139 0.24065 0.21014 -17.59815 60.50656 89.37301 0.36150 0.25864 -11.12425 51.75327 79.38943 0.3466 7.811e+12 7.847e+12
82 86 8.7524e+12 382.30 303.80 497.541 117.814 50 42.26976 29.83206 75.12405 335.34 81.69 -194.63 2.769e+13 3.071e+12 7.146e+12 0.01915 117.81363 8.7524e+12 8.7524e+12 7.5452e+12 3.6217e+12 0.0000e+00 56.28285 0.00 0.02270 0.76245 0.23943 130.47020 59.14971 49.41375 0.20081 0.02877 87.10547 57.20037 91.68914 0.4942 8.834e+12 7.847e+12
83 89 2.7163e+12 255.21 161.80 336.855 91.536 39 44.62062 30.54701 74.12982 88.69 -78.66 -85.64 7.602e+12 1.319e+12 -5.521e+12 0.03835 91.53568 2.7163e+12 2.7163e+12 2.4145e+12 6.0361e+11 0.0000e+00 58.44353 0.00 0.05262 0.68099 0.30549 -67.87905 61.56686 54.48227 0.00000 0.00000 0.00000 0.00000 0.00000 0.4374 5.066e+12 2.716e+12
84 87 7.2434e+12 345.64 266.82 467.125 191.617 39 43.41960 30.44253 75.46968 45.21 -99.44 -382.84 6.680e+12 3.203e+13 1.639e+13 0.02930 191.61662 7.2434e+12 7.5452e+12 4.2253e+12 1.8108e+12 0.0000e+00 51.15282 32.38 0.03958 0.10416 0.05573 16.35861 209.68050 -68.01456 0.74374 0.17930 -26.91464 112.07953 24.85491 0.5374 6.755e+12 9.960e+12
85 88 7.2434e+12 350.19 257.04 467.125 144.586 62 46.43781 30.43650 73.52146 -145.88 -74.69 -115.99 -2.128e+13 9.929e+12 -7.072e+12 0.02305 144.58585 7.2434e+12 7.2434e+12 6.0361e+12 3.0181e+12 0.0000e+00 24.92894 0.00 0.02653 0.71553 0.22037 -28.06902 87.70950 104.89767 0.64907 0.40257 -18.86622 -39.61709 75.56310 0.4443 7.213e+12 8.149e+12
86 79 8.4506e+12 394.47 343.10 491.755 84.844 85 66.56032 25.82687 15.84235 22.21 -34.72 -144.50 -9.837e+12 -9.085e+11 -3.291e+12 0.00732 84.84362 8.4506e+12 8.4506e+12 8.1488e+12 5.1307e+12 0.0000e+00 44.47304 22.97 0.00871 0.62194 0.41585 154.66225 1.83784 5.45790 0.75222 0.40454 -53.79619 90.77539 54.35120 0.5581 1.049e+13 6.640e+12
87 85 5.4325e+12 338.63 229.36 424.411 75.784 51 79.89244 85.12865 4.51958 -334.09 481.26 567.80 2.243e+13 -3.793e+12 -9.448e+12 0.04153 75.78384 5.4325e+12 6.0361e+12 5.1307e+12 2.7163e+12 1.5090e+12 24.96914 22.93 0.04303 0.43598 0.26713 49.30719 92.29257 -68.92963 0.45558 0.03297 75.69585 17.29237 11.49016 0.3782 7.168e+12 3.923e+12
88 84 3.4104e+13 590.19 568.54 782.929 416.763 133 79.34537 85.48388 5.09173 16.71 126.58 104.56 1.074e+14 -2.820e+14 -1.819e+14 0.02437 225.39769 3.4104e+13 3.5613e+13 2.9577e+13 1.6901e+13 6.9416e+12 81.55923 8.77 0.02882 0.74236 0.39156 -51.26248 105.89902 47.94322 0.73035 0.34293 -39.88082 74.90128 20.76485 0.5806 3.063e+13 5.010e+13
89 146 6.6398e+12 472.78 319.55 453.771 24.321 84 2.84185 12.28075 9.10670 -34.46 -108.81 -156.21 7.296e+13 1.962e+13 -6.569e+12 0.09749 24.32104 6.6398e+12 6.6398e+12 5.4325e+12 4.5271e+12 3.6217e+12 36.81866 66.30 0.09483 0.52673 0.51167 70.77800 20.08647 36.23245 0.60702 0.51873 63.59407 20.82443 31.98008 0.4736 9.566e+12 9.054e+11
90 124 2.5955e+13 543.81 545.19 714.818 185.937 96 5.02134 12.59906 10.63553 -153.97 -158.05 -297.48 1.399e+14 2.055e+14 -1.078e+14 0.02929 185.93684 2.5955e+13 2.5955e+13 2.2032e+13 1.3581e+13 6.3380e+12 101.23805 0.00 0.03492 0.88454 0.51914 -7.98799 -15.24214 116.31306 0.67511 0.52033 84.36664 -5.19827 -32.14688 0.6037 2.291e+13 2.626e+13
91 208 6.0361e+11 173.88 0.00 204.036 25.126 28 59.74934 8.30458 84.37395 297.40 15.98 110.71 0.000e+00 0.000e+00 0.000e+00 0.00000 25.12588 6.0361e+11 6.0361e+11 6.0361e+11 3.0181e+11 0.0000e+00 89.38655 0.00 0.00000 0.00000 0.00000 0.00000 0.00000 0.00000 0.00000 0.00000 0.00000 0.00000 0.00000 0.0000 2.361e+12 3.018e+11
92 102 1.6298e+13 491.03 454.22 612.107 105.587 80 62.38573 9.51106 89.09889 89.23 153.45 -45.06 6.966e+13 -2.404e+13 2.889e+13 0.01785 105.58747 1.6298e+13 1.6298e+13 1.4487e+13 9.6578e+12 0.0000e+00 35.90323 0.00 0.02216 0.74861 0.33032 6.91865 0.51348 150.16808 0.19420 0.06145 -64.41278 -55.41562 102.62111 0.6075 1.515e+13 1.298e+13
93 90 2.4145e+13 559.86 533.77 697.792 120.238 175 38.87713 83.64049 96.23223 184.21 155.31 64.86 3.398e+13 -4.694e+13 9.219e+12 0.00743 120.23827 2.4145e+13 2.5050e+13 2.2032e+13 1.5090e+13 5.4325e+12 65.52491 0.00 0.00853 0.70570 0.58219 58.07847 100.91086 64.42805 0.80011 0.75721 43.55983 53.22985 73.19718 0.5858 2.316e+13 1.720e+13
94 91 2.0221e+13 526.81 567.36 657.740 114.591 153 90.33774 12.12896 99.33287 -102.06 353.94 162.03 -1.828e+13 -4.701e+13 3.099e+14 0.03054 114.59120 2.0221e+13 2.0221e+13 1.8712e+13 1.2676e+13 0.0000e+00 125.69194 0.00 0.06136 0.19515 0.15421 137.84419 -133.70694 -74.02075 0.11013 0.01228 -70.07426 149.00539 66.86655 0.8494 1.761e+13 1.418e+13
95 92 2.9577e+13 591.91 612.65 746.629 139.145 165 86.51357 14.27760 0.17328 -64.73 20.03 93.11 -6.015e+13 -1.712e+14 -1.820e+13 0.01496 139.14479 2.9577e+13 2.9879e+13 2.6861e+13 1.5996e+13 8.7524e+12 108.05032 0.00 0.01891 0.81149 0.38831 109.67043 14.74024 -34.89030 0.82077 0.28496 81.46395 -5.90734 -24.33276 0.6636 2.833e+13 2.233e+13
96 97 2.6257e+13 549.68 531.49 717.578 174.691 120 78.61771 25.51754 79.53054 -167.35 -181.59 -95.07 -3.171e+14 -3.290e+14 2.088e+14 0.04363 174.69148 2.6257e+13 2.7464e+13 2.4446e+13 9.9596e+12 3.0181e+12 144.68974 0.00 0.06352 0.31959 0.17997 -63.36597 -1.77711 151.22606 0.69000 0.30054 -33.15354 9.07881 85.81856 0.6901 2.345e+13 2.596e+13
97 97 6.9416e+12 381.98 292.72 460.545 65.337 45 78.74704 25.53829 79.15513 -80.61 -370.04 366.84 -4.921e+12 -1.907e+13 3.397e+12 0.02284 65.33718 7.5452e+12 7.2434e+12 6.3380e+12 4.8289e+12 0.0000e+00 29.39684 14.67 0.02321 0.46994 0.20971 -0.45736 -68.87491 114.68077 0.57426 0.20209 1.99051 -18.38518 100.81047 0.4247 6.988e+12 4.527e+12
98 96 2.2032e+13 502.86 488.91 676.816 244.975 161 67.52903 81.56872 47.58989 -4.09 109.27 -170.62 -2.033e+13 3.343e+13 -6.683e+13 0.00991 244.97542 2.2032e+13 2.2032e+13 1.7505e+13 9.3560e+12 2.1127e+12 68.51221 0.00 0.01312 0.75222 0.44292 -33.33627 136.25903 -39.37694 0.60639 0.49463 -17.91919 102.84193 -10.83468 0.6322 2.012e+13 2.958e+13
99 78 3.4104e+13 613.29 591.08 782.929 200.478 160 89.77419 34.99796 66.28712 -34.97 -205.12 -210.98 -1.656e+14 2.393e+13 -9.933e+13 0.01399 158.78604 3.4104e+13 3.6821e+13 3.0483e+13 1.8712e+13 7.8470e+12 50.39600 27.19 0.01591 0.74855 0.58007 68.12136 80.81236 -61.40020 0.76035 0.63828 -31.95532 -31.81557 78.39186 0.5778 3.147e+13 3.471e+13
100 94 2.0825e+13 509.21 485.54 664.221 160.523 145 66.07234 92.47389 27.14205 188.07 342.69 22.11 1.108e+14 -7.984e+12 1.497e+14 0.02991 160.52336 2.0825e+13 2.1730e+13 1.7505e+13 1.2072e+13 3.6217e+12 91.44672 6.10 0.03468 0.71491 0.35227 -4.70279 7.81654 120.79115 0.50077 0.32292 13.28960 62.44063 -49.97237 0.5650 1.909e+13 1.992e+13
101 95 2.6257e+13 563.92 528.24 717.578 142.150 133 52.27981 52.60250 39.43683 181.11 -124.53 -151.62 -8.247e+13 -1.668e+14 1.672e+13 0.02059 142.14978 2.6257e+13 2.6257e+13 2.5654e+13 1.5996e+13 2.7163e+12 42.55042 0.00 0.02363 0.80059 0.58393 -31.67447 114.31483 -81.97743 0.62200 0.25984 -10.38340 -70.78948 114.75176 0.5658 2.428e+13 2.264e+13
102 100 3.3501e+13 649.38 660.26 778.282 112.961 130 69.52835 38.13594 55.48130 -45.55 -153.25 -13.65 -5.314e+14 2.663e+14 2.963e+13 0.04236 106.91053 3.3501e+13 3.3802e+13 3.2293e+13 2.5352e+13 8.1488e+12 76.16295 39.18 0.05014 0.53851 0.43005 39.31507 127.72144 31.17138 0.40783 0.30338 40.93041 111.76035 36.20055 0.6506 3.300e+13 2.384e+13
103 98 4.0744e+13 716.62 737.48 830.757 69.901 151 37.84433 10.38763 9.29981 -129.56 163.37 -109.81 1.174e+15 -4.308e+14 9.539e+14 0.07756 96.37014 4.0744e+13 4.0744e+13 3.8330e+13 3.0784e+13 9.0542e+12 88.72711 47.75 0.09563 0.59320 0.51265 -38.91262 69.26293 113.48823 0.65609 0.51174 -14.33892 55.37727 100.27654 0.6889 4.233e+13 1.630e+13
104 103 2.3843e+13 586.39 540.33 694.872 89.947 109 1.78936 18.79852 53.23672 -132.16 311.99 -155.45 7.021e+13 -9.640e+13 1.739e+12 0.01574 89.94666 2.3843e+13 2.3843e+13 2.2334e+13 1.9316e+13 4.5271e+12 36.04429 0.00 0.01771 0.71305 0.51401 7.51201 113.21322 26.29505 0.59370 0.33012 15.22726 79.93157 0.05318 0.5854 2.476e+13 1.449e+13
105 104 4.5271e+12 301.86 284.81 399.386 111.455 26 0.97689 20.30409 53.81075 -24.78 69.69 -142.14 2.435e+13 -1.091e+13 -4.853e+13 0.07080 111.45483 4.5271e+12 4.8289e+12 2.7163e+12 1.5090e+12 0.0000e+00 30.08153 33.33 0.13112 0.21987 0.01052 43.10840 111.51070 -105.16153 0.29132 0.18182 47.46991 88.65907 -67.73616 0.7533 4.331e+12 5.131e+12
106 167 6.3380e+12 389.17 267.88 446.789 49.474 31 59.18574 0.67689 63.07237 162.13 2.97 152.30 2.769e+13 4.656e+12 -7.291e+12 0.03639 49.47427 6.3380e+12 6.3380e+12 4.2253e+12 3.9235e+12 1.2072e+12 64.52830 20.74 0.03920 0.60245 0.15558 69.15865 64.32686 7.67859 0.47809 0.02772 61.62973 70.84402 6.57860 0.4404 6.221e+12 3.622e+12
107 143 1.7807e+13 489.85 453.11 630.444 136.014 88 57.59261 0.36349 67.15096 272.29 46.38 -40.65 7.671e+13 6.283e+12 2.251e+14 0.05025 136.01363 1.7807e+13 1.8108e+13 1.6298e+13 9.0542e+12 3.9235e+12 36.40127 0.00 0.05745 0.76079 0.63345 90.51998 29.03136 -73.31290 0.76793 0.39574 52.32719 57.67741 -15.45709 0.5542 1.619e+13 1.630e+13
108 119 2.1428e+13 540.03 510.04 670.577 112.890 136 61.00201 27.85848 86.81282 267.12 -246.11 105.92 7.298e+13 -4.467e+13 -4.113e+13 0.01386 112.88953 2.1428e+13 2.1428e+13 1.9316e+13 1.5090e+13 1.8108e+12 37.95470 4.95 0.01684 0.59588 0.47014 19.37946 -39.01642 131.91315 0.26340 0.11279 10.29789 -44.34146 110.57239 0.6109 2.050e+13 1.600e+13
109 105 1.8108e+13 519.54 499.57 633.986 96.210 136 90.33544 90.88186 23.14326 -90.37 346.26 -36.51 -4.116e+13 -1.001e+14 2.168e+14 0.05015 96.20972 1.8108e+13 1.8410e+13 1.7505e+13 1.2978e+13 5.1307e+12 115.84193 0.00 0.05692 0.68280 0.52120 27.13253 87.56219 82.82674 0.77420 0.55657 -32.39260 67.46590 49.80872 0.5969 1.762e+13 1.328e+13
110 157 9.6578e+12 386.99 321.77 514.138 150.787 76 20.31318 12.74565 44.72861 385.17 29.57 -106.40 -1.670e+11 1.432e+13 -3.936e+13 0.01970 150.78731 9.6578e+12 1.0865e+13 4.8289e+12 1.5090e+12 0.0000e+00 20.69179 0.00 0.02805 0.03311 0.00898 221.35251 -51.69862 -89.17172 0.45917 0.19513 119.45735 13.62521 -57.43112 0.6048 1.109e+13 1.177e+13
111 165 3.9235e+12 287.75 238.06 380.783 106.470 60 22.00343 12.55152 44.02968 145.02 3.04 -168.40 2.525e+12 -1.679e+13 1.339e+13 0.04561 106.46974 3.9235e+12 3.9235e+12 3.0181e+12 0.0000e+00 0.0000e+00 45.25780 37.00 0.06498 0.68281 0.10293 45.79626 -99.44235 138.64575 0.00000 0.00000 0.00000 0.00000 0.00000 0.5681 4.386e+12 4.225e+12
112 107 1.1469e+13 487.61 401.84 544.449 53.082 54 51.77644 40.75389 48.77875 161.36 99.08 -196.39 1.501e+14 2.654e+13 -1.844e+12 0.07073 53.08241 1.1469e+13 1.1469e+13 9.3560e+12 7.8470e+12 4.8289e+12 76.13057 0.00 0.07668 0.46351 0.31506 5.77716 7.62163 106.84603 0.55112 0.27627 21.84165 -1.22066 85.58681 0.5421 1.075e+13 5.131e+12
113 106 2.5050e+13 586.80 594.41 706.408 99.389 81 51.92266 40.79868 48.36346 104.86 -287.57 -123.99 -4.574e+14 1.117e+14 -1.275e+14 0.04835 99.38935 2.5050e+13 2.5654e+13 2.1127e+13 1.4487e+13 6.6398e+12 174.61336 0.00 0.06671 0.37579 0.14384 -49.01769 -32.22379 146.31354 0.75865 0.13687 -16.03168 -10.41058 96.08583 0.7168 2.197e+13 1.449e+13
114 110 5.7343e+12 326.78 276.88 432.130 119.900 81 75.77557 32.03740 61.89388 91.41 -166.78 -72.39 -1.740e+13 -9.789e+12 -1.866e+13 0.02573 119.90003 5.7343e+12 6.0361e+12 9.0542e+11 9.0542e+11 0.0000e+00 68.15831 0.00 0.04363 0.45084 0.30793 7.37982 121.87575 -63.38584 0.70444 0.04297 -12.52063 -23.31697 84.57322 0.6806 6.490e+12 6.036e+12
115 111 1.8108e+12 238.34 255.96 294.270 47.843 48 78.45374 30.43371 63.98529 7.15 -44.57 -70.10 -9.990e+11 -5.392e+12 8.532e+12 0.07037 47.84261 1.8108e+12 1.8108e+12 1.8108e+12 0.0000e+00 0.0000e+00 53.76341 0.00 0.11057 0.75062 0.50241 88.34364 71.34759 -77.53007 0.00000 0.00000 0.00000 0.00000 0.00000 1.5162 4.413e+12 6.036e+11
116 140 8.1488e+12 365.72 297.15 485.830 142.301 74 50.40316 63.60028 14.54511 178.28 -29.63 329.01 -1.582e+13 6.977e+13 2.767e+12 0.04596 142.30127 8.1488e+12 8.4506e+12 7.2434e+12 0.0000e+00 0.0000e+00 136.08057 36.13 0.06363 0.36943 0.04670 67.00061 3.85523 133.20972 0.00000 0.00000 0.00000 0.00000 0.00000 0.5809 7.168e+12 8.451e+12
117 183 4.5271e+12 301.20 221.33 399.386 114.372 53 53.00589 66.33833 18.42684 169.77 -108.99 99.76 1.214e+12 -1.630e+13 1.379e+13 0.03749 114.37199 4.5271e+12 4.5271e+12 2.4145e+12 1.5090e+12 0.0000e+00 39.89281 0.00 0.05063 0.35228 0.00658 69.55426 84.46511 129.14362 0.86941 0.30669 -20.31204 -27.46842 75.98116 0.5117 6.118e+12 4.829e+12
118 113 1.5090e+12 241.24 117.25 276.919 30.645 46 60.10614 79.29174 32.51757 356.71 182.90 -143.07 -7.951e+11 3.420e+12 -8.940e+11 0.03963 30.64500 1.5090e+12 1.5090e+12 9.0542e+11 9.0542e+11 0.0000e+00 64.33817 36.13 0.05352 0.48864 0.09331 88.77916 16.97435 11.20443 0.55755 0.08694 89.61272 10.08373 10.92890 0.3697 3.699e+12 9.054e+11
119 114 7.2434e+12 355.67 304.97 467.125 120.512 80 59.99295 82.99297 33.72259 306.57 28.20 30.31 6.820e+12 -4.795e+13 -2.225e+13 0.04013 120.51218 7.2434e+12 7.2434e+12 6.6398e+12 1.2072e+12 0.0000e+00 51.72644 0.00 0.05765 0.12003 0.00079 2.37218 136.60587 -6.96599 0.27829 0.25724 11.61565 74.50573 -2.12867 0.6229 8.269e+12 7.243e+12
120 99 1.9919e+13 542.36 498.78 654.451 93.271 124 81.79976 29.91341 66.94934 -38.02 -74.83 12.01 1.575e+14 -6.716e+13 -5.625e+12 0.03072 93.27150 1.9919e+13 2.0523e+13 1.8712e+13 1.2072e+13 3.0181e+12 12.60583 0.00 0.03433 0.82828 0.68165 -89.13449 71.22154 68.83839 0.59785 0.47808 86.75860 -9.29015 -82.27614 0.5760 1.982e+13 1.207e+13
121 112 2.0221e+13 565.55 534.32 657.740 77.506 122 87.21625 51.68539 70.38503 -200.45 -429.19 -236.34 1.404e+14 2.838e+13 7.591e+12 0.02438 77.50595 2.0221e+13 2.1127e+13 1.8712e+13 1.5392e+13 3.0181e+12 63.52771 0.00 0.02804 0.74297 0.61485 -21.45693 94.60595 -82.14155 0.78269 0.67945 -25.57987 75.82774 -68.88181 0.6174 2.088e+13 1.268e+13
122 117 1.3280e+13 452.56 394.32 571.716 107.639 78 29.43256 24.96590 15.47191 279.89 -420.74 7.28 -5.495e+12 3.603e+13 -6.470e+12 0.01186 107.63931 1.3280e+13 1.3280e+13 1.1770e+13 8.7524e+12 0.0000e+00 61.70807 5.22 0.01458 0.08851 0.02422 185.26042 -47.24739 51.61246 0.11779 0.03814 165.73167 -44.42968 54.65074 0.5788 1.179e+13 1.026e+13
123 118 1.5090e+12 240.65 166.65 276.919 31.001 41 31.94918 24.66075 16.53798 101.69 -467.03 25.77 3.959e+12 -1.229e+11 -3.045e+12 0.04175 31.00085 1.5090e+12 1.8108e+12 1.5090e+12 9.0542e+11 0.0000e+00 26.22726 0.00 0.07381 0.54105 0.32685 105.49139 17.15632 4.08231 0.88338 0.64435 31.56822 -27.18296 56.93724 0.6266 4.442e+12 9.054e+11
124 -1 1.8108e+12 220.68 289.86 294.270 90.658 117 87.04876 22.37261 97.51543 -127.38 -338.38 225.06 2.623e+13 -2.952e+12 -1.302e+13 0.35492 90.65829 1.8108e+12 4.2253e+12 0.0000e+00 0.0000e+00 0.0000e+00 124.28733 158.88 0.32083 0.48969 0.00000 168.94598 -8.01044 94.56332 0.00000 0.00000 0.00000 0.00000 0.00000 2.9559 8.198e+12 3.320e+12
125 169 1.0865e+13 442.34 437.88 534.725 76.966 116 75.16424 57.48661 50.59367 -593.82 171.36 45.47 6.327e+13 -4.179e+13 -5.973e+13 0.03543 76.96593 1.0865e+13 1.1167e+13 9.6578e+12 7.8470e+12 0.0000e+00 65.26439 0.00 0.05311 0.22493 0.07806 88.71809 117.25849 -96.99256 0.06969 0.00041 111.57307 151.84494 -128.43932 0.7346 1.096e+13 7.545e+12
126 116 9.3560e+12 387.22 321.95 508.725 131.661 114 57.56893 29.96281 28.30071 -38.78 -173.44 374.80 1.153e+13 -2.113e+13 5.812e+12 0.01324 131.66051 9.3560e+12 9.3560e+12 7.8470e+12 3.0181e+11 0.0000e+00 85.74850 0.00 0.01748 0.23465 0.02410 -37.18532 157.59340 -151.27908 0.00000 0.00000 0.00000 0.00000 0.00000 0.5627 1.209e+13 9.356e+12
127 122 2.3541e+13 601.69 574.81 691.928 77.229 105 38.45477 52.06440 42.64516 314.28 -120.30 -48.05 -2.895e+13 7.228e+13 -1.013e+14 0.01655 77.22850 2.3541e+13 2.4446e+13 2.0825e+13 1.5090e+13 6.3380e+12 71.25307 0.00 0.01938 0.73838 0.60903 -9.77611 90.71191 -39.14775 0.80251 0.43569 -0.22757 54.05387 -51.82109 0.6300 2.101e+13 1.147e+13
128 120 6.0361e+12 348.33 270.88 439.582 82.174 103 76.32791 31.32157 9.24499 -310.11 -410.80 -188.24 4.287e+13 9.301e+12 -2.787e+12 0.05468 82.17407 6.0361e+12 6.0361e+12 5.4325e+12 3.0181e+12 0.0000e+00 54.25600 27.68 0.06443 0.59022 0.27073 72.73716 41.46654 107.14278 0.35146 0.02424 46.80748 31.57794 83.11750 0.4860 9.622e+12 4.829e+12
129 136 3.9235e+12 286.51 222.88 380.783 112.212 101 69.89050 24.65406 8.41873 -47.16 -171.82 -242.51 -3.566e+12 -9.385e+12 4.366e+11 0.01958 112.21152 3.9235e+12 3.9235e+12 2.1127e+12 3.0181e+11 0.0000e+00 47.74994 0.00 0.03020 0.53081 0.04004 82.99108 82.01754 -17.57857 0.00000 0.00000 0.00000 0.00000 0.00000 0.5735 8.288e+12 4.527e+12
130 123 1.5090e+12 236.44 301.77 276.919 33.778 98 86.19320 48.54616 79.87256 -10.11 -189.51 -311.17 2.716e+12 -1.785e+12 8.624e+12 0.13864 33.77765 1.5090e+12 1.5090e+12 1.5090e+12 6.0361e+11 0.0000e+00 78.44116 0.00 0.13615 0.71175 0.26908 75.00533 45.61363 -9.72214 0.00000 0.00000 0.00000 0.00000 0.00000 2.4079 5.963e+12 3.018e+11
131 115 1.7203e+13 540.74 515.59 623.239 70.310 83 96.06457 28.73822 63.95303 -70.04 117.70 136.63 8.892e+13 -1.263e+14 -7.722e+13 0.04102 70.30995 1.7203e+13 1.7203e+13 1.6599e+13 1.4185e+13 5.1307e+12 61.12436 0.00 0.04419 0.52305 0.19511 84.52805 20.93841 86.21866 0.52397 0.09418 96.63866 20.65621 54.09749 0.5884 1.913e+13 1.026e+13
132 130 1.7203e+13 570.96 531.75 623.239 55.063 97 25.25472 58.14635 25.30769 284.07 -55.26 158.96 6.175e+13 -5.844e+13 2.659e+13 0.02054 55.06271 1.7203e+13 1.7203e+13 1.5996e+13 1.4789e+13 4.8289e+12 40.04455 0.00 0.02279 0.79481 0.50533 17.88021 84.15964 -61.03479 0.50826 0.28344 -33.89665 81.99457 -53.36362 0.6270 1.929e+13 7.847e+12
133 125 7.8470e+12 381.66 335.44 479.756 87.353 95 66.25476 84.64893 46.45572 184.96 -90.52 -45.13 1.859e+13 2.213e+13 -1.320e+13 0.02249 87.35327 7.8470e+12 8.4506e+12 7.2434e+12 4.2253e+12 0.0000e+00 132.39818 0.00 0.03007 0.42623 0.34155 -84.25492 121.81959 -118.00568 0.55210 0.01163 72.79652 19.33384 88.28014 0.6189 1.060e+13 6.036e+12
134 126 7.8470e+12 364.53 276.04 479.756 126.388 94 41.60181 22.12151 13.82617 3.08 -217.54 156.61 -7.378e+13 -1.598e+13 -3.119e+13 0.06444 126.38818 7.8470e+12 7.8470e+12 6.6398e+12 3.0181e+11 0.0000e+00 60.42602 18.37 0.07731 0.81291 0.60106 97.52009 110.21713 39.73029 0.00000 0.00000 0.00000 0.00000 0.00000 0.4644 8.538e+12 7.847e+12
135 127 1.8410e+13 505.51 475.87 637.489 118.602 93 3.03812 0.77856 1.14595 -168.43 530.93 -70.72 -1.381e+14 -3.538e+13 -5.807e+13 0.02921 118.60207 1.8712e+13 1.8712e+13 1.6901e+13 1.0563e+13 3.3199e+12 54.35270 12.46 0.03517 0.86914 0.50028 -12.28627 -71.99770 109.98244 0.65671 0.36884 -1.81272 78.77573 65.31339 0.5990 1.625e+13 1.237e+13
136 138 1.2072e+12 191.70 193.60 257.069 86.490 69 69.95581 85.31671 41.26952 -277.39 47.04 152.40 -2.262e+11 2.807e+12 1.117e+13 0.16659 86.49026 1.2072e+12 1.2072e+12 9.0542e+11 0.0000e+00 0.0000e+00 103.43126 102.20 0.24680 0.44736 0.00000 50.57188 -31.31232 107.11834 0.00000 0.00000 0.00000 0.00000 0.00000 1.8454 4.248e+12 1.811e+12
137 108 1.2676e+13 430.39 398.13 562.919 139.472 91 95.97842 95.52027 92.13769 82.71 506.61 365.00 -6.190e+13 -1.646e+13 5.470e+13 0.03045 139.47191 1.2676e+13 1.2978e+13 1.1770e+13 6.3380e+12 0.0000e+00 101.38165 14.68 0.03585 0.55286 0.27890 103.40246 92.25984 -19.19752 0.51058 0.05898 43.34423 85.46124 45.17340 0.5527 1.122e+13 1.268e+13
138 135 2.2636e+13 555.63 484.39 682.941 108.083 90 95.08990 21.83898 1.32829 -489.86 -331.49 -36.29 -4.556e+13 -1.833e+14 -1.412e+14 0.03462 108.08324 2.2636e+13 2.2937e+13 2.0825e+13 1.0563e+13 4.8289e+12 72.44376 6.57 0.03819 0.66473 0.38464 -75.36377 75.75581 -43.03366 0.66448 0.36790 53.13934 -29.55618 32.39592 0.5216 1.992e+13 1.388e+13
139 132 9.0542e+12 493.35 375.73 503.195 33.805 47 72.38843 78.90655 17.28843 -224.80 222.00 69.89 -3.660e+12 1.648e+13 -1.268e+13 0.01651 33.80540 9.0542e+12 9.0542e+12 8.4506e+12 6.6398e+12 4.2253e+12 49.09900 13.35 0.01574 0.78557 0.48998 17.10577 72.79504 43.59403 0.68226 0.42727 43.14608 50.56910 35.04466 0.4820 9.997e+12 3.622e+12
140 133 4.5271e+12 322.28 186.08 399.386 66.410 42 73.45770 80.72935 18.50458 -308.46 81.72 -41.64 3.687e+11 2.265e+12 -1.674e+13 0.03747 66.40968 4.5271e+12 4.5271e+12 4.2253e+12 1.8108e+12 0.0000e+00 58.79391 0.00 0.04000 0.92957 0.55951 -60.94437 -28.75570 115.55279 0.45645 0.00000 12.10787 -13.85389 128.74907 0.3124 5.475e+12 2.414e+12
141 128 6.3380e+12 332.91 294.72 446.789 152.494 43 41.51169 1.18179 23.60859 395.31 294.95 52.94 -1.748e+13 9.902e+12 2.897e+13 0.03286 152.49417 6.3380e+12 6.3380e+12 4.8289e+12 3.0181e+12 0.0000e+00 66.43888 30.20 0.04763 0.54560 0.19893 123.14967 36.57132 -78.60674 0.18829 0.00000 34.66165 106.24083 26.00747 0.6297 5.806e+12 8.149e+12
142 129 1.2676e+13 469.27 388.31 562.919 77.700 46 42.74039 1.21199 23.24876 24.87 363.60 89.25 -2.337e+12 8.019e+13 -2.738e+13 0.03365 77.70040 1.2676e+13 1.2978e+13 1.2072e+13 8.4506e+12 1.2072e+12 24.54338 0.00 0.03608 0.65449 0.42760 119.44933 -3.89443 9.66716 0.82545 0.41418 94.44923 8.25588 11.47548 0.5053 1.167e+13 7.847e+12
143 131 1.7505e+13 548.64 494.81 626.862 67.870 88 37.38999 27.26987 50.25584 497.95 -172.76 -132.10 -4.610e+13 1.506e+13 9.571e+12 0.01220 67.87036 1.7505e+13 1.7807e+13 1.6901e+13 1.4789e+13 6.3380e+12 40.01786 0.00 0.01229 0.79131 0.59546 -51.47825 82.20791 44.08001 0.65895 0.54967 -46.00814 80.44225 14.52608 0.5348 1.976e+13 9.658e+12
144 142 2.1428e+13 532.49 502.34 670.577 123.589 88 22.31252 13.81171 29.51723 205.77 -5.71 58.30 -1.957e+14 3.892e+14 3.347e+13 0.06583 123.58913 2.1428e+13 2.1428e+13 2.0221e+13 1.0865e+13 3.9235e+12 83.99309 5.55 0.07752 0.92581 0.20425 91.46062 30.07245 72.47211 0.43094 0.05376 84.15706 57.82258 -30.22214 0.5889 2.045e+13 1.750e+13
145 134 1.8108e+12 223.84 211.34 294.270 76.644 86 71.04507 24.11689 84.76176 18.94 -140.48 165.41 5.476e+12 -2.015e+13 -1.077e+12 0.12894 76.64433 1.8108e+12 1.8108e+12 0.0000e+00 0.0000e+00 0.0000e+00 125.56124 97.92 0.22796 0.74757 0.58777 130.69440 45.91466 114.49339 0.00000 0.00000 0.00000 0.00000 0.00000 1.5071 5.651e+12 1.811e+12
146 149 1.5090e+13 477.24 464.41 596.604 104.787 85 65.30679 86.06647 44.86055 223.72 -42.03 80.72 1.432e+14 -4.148e+13 3.939e+13 0.03797 104.78712 1.5090e+13 1.5694e+13 1.3581e+13 6.0361e+12 4.2253e+12 163.79033 12.75 0.04907 0.54441 0.23253 15.69218 54.78398 112.27817 0.71856 0.26968 13.88363 50.77061 70.77257 0.6489 1.334e+13 1.147e+13
147 137 7.2434e+12 346.82 280.55 467.125 171.874 85 41.45851 29.62775 51.03409 202.24 -264.40 -194.35 -1.412e+13 -2.089e+13 -9.273e+12 0.01849 171.87383 7.2434e+12 7.2434e+12 5.4325e+12 0.0000e+00 0.0000e+00 136.41524 24.26 0.02906 0.12092 0.00000 288.08646 58.73016 -151.19867 0.00000 0.00000 0.00000 0.00000 0.00000 0.6372 1.018e+13 1.056e+13
148 148 1.7505e+13 673.48 638.99 626.862 30.134 83 46.47062 93.66146 76.01873 253.47 88.56 97.11 3.295e+13 1.867e+13 1.386e+13 0.00959 30.13375 1.7505e+13 1.7505e+13 1.7203e+13 1.6599e+13 1.2978e+13 12.52649 0.00 0.01002 0.77223 0.65464 89.97894 -3.13157 9.46526 0.71079 0.61912 81.82060 5.63633 26.56961 0.6753 2.851e+13 5.131e+12
149 141 2.7163e+12 288.28 186.08 336.855 40.621 82 19.63311 31.90248 65.03694 48.68 -219.68 -138.43 3.756e+12 -9.464e+12 -3.715e+12 0.05020 40.62093 2.7163e+12 2.7163e+12 2.7163e+12 1.2072e+12 0.0000e+00 82.18095 0.00 0.06012 0.76223 0.23700 95.47551 27.05407 -64.03317 0.00000 0.00000 57.90138 56.72073 -47.78290 0.4220 4.853e+12 1.207e+12
150 145 5.4325e+12 318.50 236.82 424.411 129.429 81 44.95330 85.52369 74.36353 238.83 253.24 30.21 -6.923e+12 1.872e+13 -1.598e+13 0.03393 129.42931 5.4325e+12 6.0361e+12 4.8289e+12 1.5090e+12 0.0000e+00 61.20300 0.00 0.04467 0.29810 0.18749 133.32008 13.26140 -14.43995 0.67030 0.30394 107.96999 -26.70221 -4.76995 0.5018 8.871e+12 7.545e+12
151 151 8.1488e+12 415.58 334.05 485.830 58.721 79 86.87336 48.57641 71.16732 49.84 -174.53 -108.77 -2.240e+11 -2.590e+13 5.244e+12 0.02054 58.72087 8.1488e+12 8.4506e+12 7.2434e+12 5.4325e+12 0.0000e+00 49.33169 0.00 0.02349 0.80079 0.12501 -19.58729 128.67415 -22.05271 0.53348 0.01763 4.75661 115.24207 106.45737 0.5345 9.972e+12 4.527e+12
152 147 1.8108e+12 234.00 213.85 294.270 53.728 79 95.34151 28.18141 70.75948 -20.29 -72.17 -173.48 -5.489e+12 -1.315e+13 4.330e+12 0.00825 53.72787 1.8108e+12 4.8289e+12 1.8108e+12 3.0181e+11 0.0000e+00 50.08846 0.00 0.16235 0.88253 0.72994 79.34720 62.38736 9.80081 0.00000 0.00000 0.00000 0.00000 0.00000 1.0031 7.594e+12 1.509e+12
153 152 1.5996e+13 487.55 477.27 608.305 105.522 78 85.75526 71.17368 10.03516 -297.72 195.59 109.44 6.307e+13 9.392e+13 2.929e+13 0.02994 105.52215 1.5996e+13 1.5996e+13 1.5694e+13 1.0563e+13 4.8289e+12 88.72390 0.00 0.03375 0.58978 0.45394 100.09829 34.95257 17.23993 0.63498 0.36716 74.01643 28.11184 25.73882 0.5879 1.581e+13 1.207e+13
154 150 6.3380e+12 337.06 237.17 446.789 127.449 78 5.40118 14.57051 92.90213 -96.43 -209.39 78.84 -3.458e+13 -1.263e+13 -1.836e+13 0.04425 127.44860 6.3380e+12 6.3380e+12 5.1307e+12 0.0000e+00 0.0000e+00 17.50834 0.00 0.05559 0.54209 0.27727 -65.19304 141.62656 -100.36689 0.00000 0.00000 0.00000 0.00000 0.00000 0.4509 7.207e+12 6.338e+12
155 17 3.3199e+12 284.19 231.93 360.159 69.312 77 87.51991 48.92192 54.39174 -101.29 -239.10 278.58 -1.048e+13 -4.218e+12 -2.169e+13 0.05613 69.31188 3.3199e+12 3.6217e+12 3.3199e+12 0.0000e+00 0.0000e+00 83.69231 0.00 0.09710 0.80662 0.49352 -53.06243 120.07989 77.82021 0.00000 0.00000 0.00000 0.00000 0.00000 0.6711 5.559e+12 2.113e+12
156 161 5.1307e+12 350.10 213.55 416.402 54.943 75 71.87998 64.70126 52.59788 40.57 -170.48 -632.89 2.379e+13 1.197e+13 4.209e+12 0.05623 54.94260 7.2434e+12 6.0361e+12 5.1307e+12 3.6217e+12 1.2072e+12 33.38552 115.24 0.05182 0.46418 0.22167 -45.12316 33.98574 75.80546 0.41448 0.08409 -21.45565 -2.58584 51.51403 0.3222 7.070e+12 3.320e+12
157 144 1.3883e+13 531.03 466.92 580.250 51.490 73 54.22919 38.31435 52.78772 -258.61 25.57 -87.55 4.999e+13 9.885e+12 1.691e+13 0.01895 51.49028 1.3883e+13 1.3883e+13 1.3581e+13 1.0261e+13 4.5271e+12 56.54925 0.00 0.01964 0.74354 0.51562 68.15542 70.63431 -7.03038 0.83175 0.52125 50.48845 70.53178 -3.19308 0.5588 1.555e+13 7.545e+12
158 155 7.5452e+12 373.24 261.84 473.525 91.828 73 62.33997 75.81577 31.78907 -6.44 77.59 10.77 2.582e+13 -1.284e+13 -1.029e+13 0.02733 91.82755 7.5452e+12 7.5452e+12 7.5452e+12 3.0181e+11 0.0000e+00 53.23169 18.76 0.03094 0.51127 0.15541 1.27666 255.77681 64.41680 0.00000 0.00000 0.00000 0.00000 0.00000 0.4253 8.494e+12 6.036e+12
159 156 1.4185e+13 529.51 467.96 584.425 54.150 73 70.46698 25.82708 18.80698 -316.39 -45.19 -125.80 -1.593e+13 6.759e+12 4.798e+13 0.01629 54.15024 1.4185e+13 1.4185e+13 1.2072e+13 9.9596e+12 3.6217e+12 51.57986 0.00 0.01800 0.66034 0.56894 -54.82399 56.42888 60.19609 0.88179 0.49527 -28.53760 66.52030 34.05772 0.5898 1.545e+13 7.243e+12
160 162 4.5271e+12 305.57 235.82 399.386 98.303 26 90.86975 12.22416 8.73156 22.80 117.80 -189.78 4.253e+13 -3.297e+13 -3.723e+12 0.09253 98.30328 4.5271e+12 4.5271e+12 3.9235e+12 3.0181e+11 0.0000e+00 40.98263 0.00 0.12770 0.00000 0.00000 237.30469 33.00953 -16.98685 0.00000 0.00000 0.00000 0.00000 0.00000 0.5319 4.131e+12 4.527e+12
161 163 5.1307e+12 316.81 270.40 416.402 108.235 47 92.34295 12.28836 8.48091 -45.82 -0.64 -257.06 -4.930e+13 -2.607e+13 -3.281e+13 0.08769 108.23482 5.1307e+12 6.0361e+12 3.3199e+12 2.4145e+12 0.0000e+00 44.98974 45.00 0.12434 0.63911 0.09802 -28.26860 44.28732 80.35623 0.19405 0.02776 -1.45870 -3.33616 86.16418 0.6141 5.876e+12 5.131e+12
162 154 2.4145e+12 261.74 207.36 323.886 53.374 71 52.94349 91.27738 68.33496 69.81 113.92 -3.33 1.199e+13 -1.040e+13 6.454e+12 0.05306 53.37357 2.4145e+12 2.4145e+12 2.4145e+12 0.0000e+00 0.0000e+00 40.94591 0.00 0.11566 0.45165 0.08456 24.09339 -16.56506 152.28490 0.00000 0.00000 0.00000 0.00000 0.00000 0.7592 4.601e+12 6.036e+11
163 -1 6.0361e+11 171.79 0.00 204.036 26.724 71 44.13263 20.59241 41.86772 344.01 -424.62 316.93 0.000e+00 0.000e+00 0.000e+00 0.00000 26.72367 6.0361e+11 6.0361e+11 6.0361e+11 0.0000e+00 0.0000e+00 151.29539 0.00 0.00000 0.00000 0.00000 0.00000 0.00000 0.00000 0.00000 0.00000 0.00000 0.00000 0.00000 0.0000 4.284e+12 0.000e+00
164 159 5.7343e+12 323.26 262.26 432.130 138.037 70 56.63369 55.72001 25.21558 -111.07 -130.22 206.07 -5.080e+12 -1.271e+13 -1.244e+12 0.01633 138.03708 5.7343e+12 6.0361e+12 4.2253e+12 2.1127e+12 0.0000e+00 50.10957 5.45 0.02195 0.95466 0.60483 138.83998 113.32889 61.26939 0.38851 0.04776 -6.46171 67.92874 27.13545 0.5565 7.818e+12 7.847e+12
165 166 4.2253e+12 288.65 164.82 390.306 164.482 69 93.08623 97.64348 13.28630 7.55 391.39 101.47 -1.885e+12 -2.093e+13 3.296e+13 0.08719 164.48250 4.2253e+12 4.2253e+12 2.1127e+12 6.0361e+11 0.0000e+00 78.10132 33.25 0.10381 0.08493 0.00000 137.18297 -28.00682 19.17349 0.00000 0.00000 0.00000 0.00000 0.00000 0.3233 6.663e+12 8.752e+12
166 160 1.5694e+13 545.32 470.67 604.455 57.063 68 78.94067 10.10216 62.37860 -114.02 126.78 14.28 -5.298e+13 -1.818e+13 -4.327e+13 0.01880 57.06314 1.5694e+13 1.5996e+13 1.5090e+13 9.0542e+12 4.2253e+12 48.00229 0.00 0.02110 0.72309 0.49602 87.04850 -37.08167 -30.48952 0.77527 0.51069 -45.39383 52.36689 -6.89911 0.5819 1.483e+13 6.036e+12
167 174 6.0361e+12 328.12 232.68 439.582 145.417 68 25.50295 38.83795 29.29913 277.74 -259.96 8.52 -2.551e+13 -2.106e+13 -1.421e+13 0.04320 145.41678 6.0361e+12 6.0361e+12 4.2253e+12 6.0361e+11 0.0000e+00 63.32120 0.00 0.05278 0.23277 0.00000 -177.66229 201.69054 4.40789 0.00000 0.00000 0.00000 0.00000 0.00000 0.4384 7.001e+12 8.149e+12
168 188 8.4506e+12 427.67 315.29 491.755 54.855 66 2.94200 97.91738 2.00886 -37.25 798.55 65.92 4.604e+13 -1.053e+13 -2.918e+13 0.04333 54.85505 8.4506e+12 8.4506e+12 7.5452e+12 6.3380e+12 0.0000e+00 63.81899 0.00 0.04644 0.64610 0.48569 12.94010 120.30371 -26.83716 0.63846 0.04539 12.92015 72.65471 -32.82204 0.4665 8.907e+12 3.622e+12
169 153 1.5090e+13 460.96 391.70 596.604 134.718 66 61.64009 41.69602 68.20752 -81.55 -243.70 -336.82 -1.088e+14 1.220e+14 -9.117e+12 0.04633 134.71751 1.5090e+13 1.5090e+13 1.4487e+13 6.3380e+12 0.0000e+00 28.16091 0.00 0.05212 0.65827 0.29988 52.74267 -106.61773 101.12093 0.18494 0.06598 -29.96094 123.40775 -30.15533 0.4942 1.383e+13 1.449e+13
170 164 6.0361e+12 331.12 265.64 439.582 127.715 64 48.75026 54.16203 37.79835 551.51 -86.38 190.25 -3.274e+13 3.241e+12 -2.626e+12 0.04062 127.71460 6.0361e+12 6.6398e+12 4.2253e+12 3.0181e+12 0.0000e+00 33.25561 0.00 0.04837 0.71992 0.30216 -14.18032 96.67627 -38.11924 0.84312 0.24063 44.19071 68.75341 36.32362 0.5045 7.541e+12 6.942e+12
171 170 9.6578e+12 450.51 375.11 514.138 55.361 61 2.01156 0.71941 4.44573 -10.02 296.81 -175.17 5.337e+13 -7.216e+13 2.183e+13 0.05765 55.36111 9.6578e+12 1.0261e+13 9.6578e+12 5.4325e+12 3.6217e+12 28.46710 0.00 0.06185 0.39123 0.30840 17.99658 104.68104 28.17603 0.48947 0.37810 1.37091 85.22044 22.04633 0.5298 9.260e+12 4.527e+12
172 168 2.1127e+12 230.17 229.70 309.786 112.022 61 46.08821 31.85904 47.02133 315.04 -595.00 7.64 1.346e+13 1.618e+12 -1.194e+12 0.05090 112.02198 2.1127e+12 2.7163e+12 6.0361e+11 0.0000e+00 0.0000e+00 109.50636 44.73 0.11478 0.51080 0.03931 63.99953 117.89206 67.16206 0.00000 0.00000 0.00000 0.00000 0.00000 1.2559 4.869e+12 3.320e+12
173 171 5.4325e+12 326.67 247.44 424.411 98.988 60 53.35361 20.58431 33.18676 -77.02 241.48 255.93 2.484e+12 -1.473e+12 8.051e+12 0.01223 98.98840 5.4325e+12 5.4325e+12 4.5271e+12 1.8108e+12 0.0000e+00 84.69251 0.00 0.01494 0.70910 0.34373 -7.91832 122.58746 -11.79040 0.55246 0.12363 -24.97881 -19.50539 82.41581 0.5036 8.051e+12 4.829e+12
174 186 1.2978e+13 532.04 563.49 567.352 45.473 58 0.08482 24.93865 70.97516 -420.70 21.83 107.74 6.870e+13 3.401e+13 -1.095e+14 0.04044 45.47253 1.2978e+13 1.2978e+13 1.2072e+13 1.1469e+13 5.7343e+12 105.76041 0.00 0.05472 0.79088 0.65698 75.48067 -3.30371 44.55731 0.74375 0.56855 71.64339 -1.20415 40.91145 0.7646 1.595e+13 6.036e+12
175 175 1.1167e+13 404.18 337.27 539.631 169.195 55 57.06663 48.80906 16.63230 -43.27 -233.63 240.97 7.849e+13 4.231e+12 2.075e+13 0.03474 169.19543 1.1167e+13 1.1469e+13 9.6578e+12 3.9235e+12 0.0000e+00 79.41898 15.32 0.04274 0.76644 0.23046 -23.47598 108.38646 90.69621 0.52762 0.00000 -7.58187 86.28127 31.12312 0.5300 9.985e+12 1.328e+13
176 177 1.0865e+13 613.27 490.65 534.725 20.580 54 99.11726 17.46113 78.74008 -24.17 333.69 134.81 6.651e+13 -4.977e+12 -9.032e+12 0.03674 20.57985 1.0865e+13 1.0865e+13 1.0563e+13 8.1488e+12 6.3380e+12 24.54709 0.00 0.03704 0.78734 0.66386 -19.62565 68.54833 23.18783 0.77391 0.62083 12.82148 40.80444 45.66868 0.6099 1.735e+13 5.131e+12
177 38 2.7163e+12 250.93 257.35 336.855 115.509 54 99.46889 25.67390 69.37069 -84.69 55.03 212.24 -8.207e+11 7.035e+12 7.962e+12 0.01692 115.50866 2.7163e+12 2.7163e+12 2.1127e+12 0.0000e+00 0.0000e+00 98.74399 51.64 0.05911 0.63205 0.15283 51.21423 -2.33457 131.55632 0.00000 0.00000 0.00000 0.00000 0.00000 1.0936 3.642e+12 3.923e+12
178 172 9.0542e+12 459.19 359.49 503.195 45.204 54 0.83850 94.19151 15.36602 -297.79 494.20 -147.02 -6.445e+13 1.170e+13 2.022e+13 0.05093 45.20431 9.0542e+12 9.6578e+12 8.4506e+12 6.9416e+12 1.8108e+12 44.48864 0.00 0.05112 0.91699 0.52186 72.01608 9.79907 60.71113 0.68720 0.13724 83.67255 12.16602 73.31706 0.4859 1.046e+13 3.923e+12
179 178 3.9235e+12 290.26 185.74 380.783 97.125 52 40.81059 89.03350 98.41386 223.89 112.61 9.72 2.027e+13 -2.650e+13 -5.373e+12 0.08868 97.12465 3.9235e+12 5.7343e+12 3.6217e+12 1.2072e+12 0.0000e+00 46.72696 30.28 0.10155 0.47614 0.22108 106.24557 64.09528 73.97714 0.88245 0.24436 23.41991 68.09187 14.94940 0.3612 4.788e+12 3.923e+12
180 173 1.8108e+12 239.07 134.39 294.270 46.973 50 0.29758 22.56328 80.35908 -2.75 -533.01 -342.32 -1.348e+12 2.022e+12 5.230e+12 0.04192 46.97331 1.8108e+12 2.1127e+12 1.5090e+12 3.0181e+11 0.0000e+00 78.20686 34.92 0.06288 0.17566 0.00000 53.76046 80.31905 63.22194 0.00000 0.00000 0.00000 0.00000 0.00000 0.4725 2.877e+12 9.054e+11
181 109 3.0181e+12 265.84 221.42 348.896 89.355 50 97.11358 97.37621 93.14851 35.77 402.60 318.07 5.049e+12 1.033e+13 5.893e+12 0.03387 89.35528 3.0181e+12 3.0181e+12 2.1127e+12 1.2072e+12 0.0000e+00 113.98501 0.00 0.06013 0.51235 0.30678 116.41753 85.99470 133.03952 0.24065 0.19896 -3.74358 99.01157 76.26587 0.6892 5.650e+12 3.018e+12
182 158 1.5090e+12 224.36 144.85 276.919 44.928 50 65.73772 49.35047 47.41623 8.63 110.43 -89.57 4.326e+12 -1.410e+12 8.514e+10 0.03451 44.92809 1.5090e+12 1.5090e+12 1.2072e+12 0.0000e+00 0.0000e+00 105.15462 36.49 0.06724 0.70278 0.23668 96.67248 -74.63127 -73.98425 0.00000 0.00000 0.00000 0.00000 0.00000 0.6377 4.308e+12 6.036e+11
183 179 1.2072e+12 193.28 141.47 257.069 76.494 49 87.84463 24.60369 33.81601 -209.57 -419.85 -48.55 9.126e+12 1.013e+12 4.143e+12 0.16781 76.49389 1.2072e+12 1.2072e+12 6.0361e+11 3.0181e+11 0.0000e+00 72.37837 173.59 0.21587 0.39382 0.03809 7.77297 39.86130 152.75893 0.00000 0.00000 0.00000 0.00000 0.00000 2.2282 4.013e+12 1.509e+12
184 180 8.7524e+12 433.08 349.85 497.541 55.275 49 47.30647 45.05502 77.62327 -77.45 -284.06 -85.65 -1.478e+13 2.805e+13 -1.066e+12 0.02583 55.27541 8.7524e+12 8.7524e+12 8.7524e+12 6.6398e+12 1.8108e+12 69.31564 0.00 0.02503 0.90473 0.79729 -17.86166 77.23709 43.54729 0.08489 0.07579 -39.94721 88.29648 62.87177 0.4623 9.386e+12 5.131e+12
185 181 1.5090e+12 217.94 155.94 276.919 54.289 48 76.39163 30.31150 58.83273 43.95 44.73 69.55 -9.515e+12 -1.024e+13 7.531e+12 0.04344 54.28915 1.5090e+12 1.5090e+12 9.0542e+11 6.0361e+11 0.0000e+00 80.52657 125.41 0.23454 0.72028 0.00667 70.37846 29.20492 21.59163 0.00000 0.00000 0.00000 0.00000 0.00000 1.0478 3.800e+12 9.054e+11
186 92 1.2072e+12 198.48 450.86 257.069 58.391 47 86.64051 14.35655 99.75555 -162.51 -58.49 -54.26 9.043e+12 -7.788e+12 -6.563e+12 0.59409 58.39072 1.8108e+12 1.2072e+12 3.0181e+11 3.0181e+11 0.0000e+00 165.26431 104.79 0.29185 0.46646 0.08262 35.63184 -47.73833 110.12121 0.00000 0.00000 0.00000 0.00000 0.00000 10.7081 2.553e+12 9.054e+11
187 185 1.0261e+13 476.13 372.18 524.633 48.259 47 23.56219 31.96238 54.58651 132.19 -78.54 -47.36 8.850e+13 -2.818e+12 -1.315e+12 0.05303 48.25914 1.0261e+13 1.0261e+13 9.3560e+12 8.4506e+12 1.8108e+12 40.47973 11.02 0.05360 0.79317 0.58766 -68.68819 27.04460 85.07471 0.61899 0.22620 -45.08307 41.48858 93.80749 0.4903 1.205e+13 4.225e+12
188 184 5.1307e+12 326.32 203.87 416.402 84.189 45 46.87688 27.96262 68.22044 8.29 48.78 -44.55 -1.885e+11 -4.458e+12 -1.188e+13 0.02208 84.18894 5.1307e+12 5.4325e+12 5.1307e+12 1.5090e+12 0.0000e+00 38.03219 24.05 0.02438 0.23442 0.12759 -77.42754 108.33707 29.79629 0.70084 0.42338 -23.80383 71.52368 59.84534 0.3630 4.912e+12 4.527e+12
189 -1 9.0542e+11 184.29 287.81 233.563 44.960 44 70.70882 58.63483 55.83794 65.56 225.49 -765.29 -4.988e+12 4.725e+12 6.011e+11 0.41344 44.95979 9.0542e+11 9.0542e+11 9.0542e+11 3.0181e+11 0.0000e+00 124.42274 262.13 0.23870 0.00000 0.00000 0.00000 0.00000 0.00000 0.00000 0.00000 0.00000 0.00000 0.00000 11.3049 3.318e+12 6.036e+11
190 190 5.1307e+12 321.53 245.01 416.402 94.507 44 73.74732 32.29716 55.71757 -143.81 22.65 189.28 -5.261e+13 1.879e+13 -1.647e+12 0.08512 94.50674 5.1307e+12 5.1307e+12 4.8289e+12 9.0542e+11 0.0000e+00 56.40117 0.00 0.10739 0.60103 0.48141 64.21651 54.19883 119.50045 0.47467 0.13245 -51.69668 64.11894 35.20303 0.4980 5.485e+12 4.829e+12
191 176 8.4506e+12 441.84 348.55 491.755 47.262 44 70.08804 82.83412 12.45715 -63.88 122.44 224.43 5.202e+12 -3.512e+13 2.185e+13 0.03540 47.26186 8.4506e+12 8.4506e+12 8.4506e+12 6.9416e+12 2.1127e+12 22.33859 0.00 0.03487 0.60369 0.40026 92.42477 42.99299 -27.72389 0.40190 0.15320 95.67893 21.03511 7.28685 0.4738 9.763e+12 4.225e+12
192 226 6.0361e+12 327.45 275.62 439.582 150.796 41 70.05698 36.25392 55.57147 -41.43 124.36 -94.16 2.186e+13 -3.431e+11 2.145e+13 0.03358 150.79648 6.0361e+12 6.3380e+12 5.1307e+12 2.4145e+12 0.0000e+00 80.78448 21.18 0.04490 0.25719 0.06901 -98.53462 -77.41233 109.73180 0.00000 0.00000 17.82227 72.69669 -7.58362 0.5676 5.338e+12 6.942e+12
193 192 5.4325e+12 330.95 244.00 424.411 89.051 41 30.95521 65.37643 14.07915 254.48 -33.70 -45.61 2.753e+12 -3.828e+11 -8.062e+11 0.00436 89.05066 5.4325e+12 5.4325e+12 3.9235e+12 3.0181e+12 0.0000e+00 11.04653 0.00 0.00506 0.72316 0.13948 -17.72662 12.18393 133.44455 0.00000 0.00000 23.27347 94.58923 175.29297 0.4546 4.778e+12 3.923e+12
194 199 9.0542e+11 182.77 62.36 233.563 47.728 40 58.92443 3.10836 78.11819 59.10 145.58 -135.50 1.284e+12 -5.377e+10 5.176e+11 0.01924 47.72766 9.0542e+11 1.8108e+12 9.0542e+11 0.0000e+00 0.0000e+00 149.94687 43.26 0.04795 0.00000 0.00000 0.00000 0.00000 0.00000 0.00000 0.00000 0.00000 0.00000 0.00000 0.4234 5.305e+12 6.036e+11
195 193 6.0361e+12 462.32 358.61 439.582 22.781 40 24.35691 61.61433 35.79301 277.07 30.46 71.52 -1.587e+13 1.773e+13 1.708e+13 0.04770 22.78111 6.0361e+12 6.0361e+12 6.0361e+12 5.4325e+12 3.3199e+12 14.30804 0.00 0.04293 0.45678 0.25588 -0.47585 -49.35870 66.97439 0.38410 0.22390 1.70585 -51.48051 68.06700 0.4936 9.622e+12 2.414e+12
196 207 2.1127e+12 275.77 152.16 309.786 31.032 38 71.75024 96.01003 65.27609 -201.90 125.76 -93.29 -5.770e+12 -2.980e+12 4.986e+12 0.05925 31.03152 2.1127e+12 2.7163e+12 1.5090e+12 1.5090e+12 0.0000e+00 75.20460 60.56 0.06904 0.69680 0.54865 74.80266 30.40615 48.78860 0.77505 0.61497 17.50875 -14.14270 78.59060 0.3673 3.298e+12 6.036e+11
197 195 2.1127e+12 233.92 144.44 309.786 87.412 38 68.89711 89.69537 12.47307 77.16 268.75 186.51 7.339e+12 5.698e+12 -1.342e+12 0.05109 87.41207 2.1127e+12 2.1127e+12 1.2072e+12 6.0361e+11 0.0000e+00 124.35632 41.51 0.07915 0.64471 0.00750 62.91446 71.47455 -46.79805 0.00000 0.00000 0.00000 0.00000 0.00000 0.5000 3.760e+12 2.414e+12
198 202 4.2253e+12 291.27 194.11 390.306 129.626 36 67.85090 31.59472 51.04378 -78.07 35.81 22.34 -4.247e+12 3.118e+12 -5.115e+11 0.01045 129.62602 4.2253e+12 4.2253e+12 1.5090e+12 3.0181e+11 0.0000e+00 48.15656 8.65 0.01406 0.72242 0.27564 110.62009 218.88210 -18.98197 0.00000 0.00000 0.00000 0.00000 0.00000 0.4572 4.735e+12 5.433e+12
199 204 1.2072e+12 189.99 83.23 257.069 114.392 36 18.59684 11.47117 4.11258 257.03 -381.75 -194.28 -1.380e+12 2.627e+12 -3.030e+12 0.03258 114.39153 1.2072e+12 1.2072e+12 6.0361e+11 0.0000e+00 0.0000e+00 23.85288 78.80 0.09089 0.42591 0.07989 -120.17011 -8.05754 127.21075 0.00000 0.00000 0.00000 0.00000 0.00000 0.6982 3.607e+12 3.018e+12
200 206 3.6217e+12 292.32 195.79 370.757 71.750 35 47.79643 61.73924 69.29381 108.35 -114.94 -106.34 -1.113e+13 -5.729e+12 -1.542e+13 0.05577 71.74977 3.6217e+12 3.9235e+12 3.3199e+12 1.2072e+12 0.0000e+00 50.57559 0.00 0.06820 0.14723 0.04349 95.10637 74.38161 -75.84753 0.59666 0.19652 56.26066 26.40347 -27.28127 0.4372 4.332e+12 2.716e+12
201 -1 2.4145e+12 244.64 198.54 323.886 91.074 35 3.28182 3.90778 97.47411 -108.59 710.51 -346.40 -1.217e+13 1.202e+13 1.737e+13 0.04306 91.07404 2.4145e+12 2.7163e+12 9.0542e+11 0.0000e+00 0.0000e+00 36.44530 77.72 0.16455 0.78205 0.00000 104.73695 2.24413 -17.03227 0.00000 0.00000 0.00000 0.00000 0.00000 0.9112 3.186e+12 2.716e+12
202 205 1.2072e+12 201.72 113.37 257.069 51.483 35 4.06238 23.13950 11.02211 -77.92 -540.66 -171.27 -1.195e+12 -2.478e+12 -8.874e+11 0.02783 51.48315 1.2072e+12 1.8108e+12 1.2072e+12 0.0000e+00 0.0000e+00 76.71199 0.00 0.06194 0.26776 0.00000 153.74240 100.94862 -13.28701 0.00000 0.00000 0.00000 0.00000 0.00000 0.5793 3.472e+12 6.036e+11
203 221 3.6217e+12 277.05 215.09 370.757 120.433 34 99.27095 11.92491 9.06533 84.36 -56.45 -210.65 -5.260e+12 -9.544e+12 -3.395e+13 0.05375 120.43296 3.6217e+12 3.6217e+12 1.2072e+12 3.0181e+11 0.0000e+00 82.56785 100.19 0.12244 0.49032 0.02942 13.57873 82.52282 133.68018 0.00000 0.00000 0.00000 0.00000 0.00000 0.7901 4.552e+12 4.527e+12
204 194 1.5090e+12 219.20 110.18 276.919 52.149 34 76.97106 96.99719 62.70308 -293.13 116.35 -55.20 -1.283e+12 -2.187e+12 2.861e+12 0.03587 52.14919 1.5090e+12 1.5090e+12 1.5090e+12 0.0000e+00 0.0000e+00 126.11076 0.00 0.05648 0.35320 0.08190 28.60170 137.45325 -93.09859 0.00000 0.00000 0.00000 0.00000 0.00000 0.3871 5.303e+12 9.054e+11
205 200 5.4325e+12 314.45 233.20 424.411 165.615 34 15.64843 32.46493 65.54693 -3.87 -165.31 -29.22 4.430e+13 4.327e+13 -4.692e+12 0.07835 165.61490 5.4325e+12 6.9416e+12 4.5271e+12 3.0181e+11 0.0000e+00 52.64205 30.90 0.10850 0.12406 0.02347 -79.33621 18.86022 139.04752 0.00000 0.00000 0.00000 0.00000 0.00000 0.5252 6.100e+12 8.752e+12
206 210 6.3380e+12 333.08 222.08 446.789 151.074 34 7.63085 87.50664 39.70351 -79.34 321.41 -49.90 -3.541e+12 -2.182e+12 2.024e+12 0.00504 151.07390 6.3380e+12 6.3380e+12 2.7163e+12 1.2072e+12 0.0000e+00 52.47444 0.00 0.00625 0.77281 0.24928 1.31448 61.33906 131.99184 0.45146 0.14341 88.82925 -58.48521 48.06939 0.4341 5.491e+12 7.545e+12
207 -1 6.0361e+11 152.08 0.00 204.036 69.260 34 34.85295 12.34776 7.42898 -185.53 159.26 -25.63 -3.253e+11 -6.428e+11 -1.152e+12 0.05815 69.25958 6.0361e+11 6.0361e+11 0.0000e+00 0.0000e+00 0.0000e+00 173.38095 120.30 0.09245 0.00000 0.00000 0.00000 0.00000 0.00000 0.00000 0.00000 0.00000 0.00000 0.00000 0.0000 3.769e+12 6.036e+11
208 201 2.1127e+12 266.92 191.80 309.786 36.137 33 88.94630 29.19821 99.62204 -188.55 -637.51 31.44 7.107e+12 2.288e+12 -2.023e+12 0.02647 36.13731 2.1127e+12 2.1127e+12 1.2072e+12 9.0542e+11 0.0000e+00 43.53225 107.84 0.06522 0.45611 0.25351 6.00103 -6.00734 61.62238 0.46805 0.25501 -0.43813 -5.43923 61.79234 0.8302 2.867e+12 9.054e+11
209 -1 6.0361e+11 154.11 0.00 204.036 57.405 33 70.11864 55.52781 49.50856 64.61 381.38 18.75 2.962e+12 -3.788e+11 -1.110e+11 0.18974 57.40451 6.0361e+11 6.0361e+11 3.0181e+11 3.0181e+11 0.0000e+00 89.65593 200.19 0.20327 0.00000 0.00000 0.00000 0.00000 0.00000 0.00000 0.00000 0.00000 0.00000 0.00000 0.0000 1.903e+12 6.036e+11
210 215 7.8470e+12 480.75 359.44 479.756 29.666 33 38.20933 35.33472 67.28703 235.55 -387.31 -133.00 -1.411e+13 -3.192e+13 2.256e+13 0.03965 29.66564 7.8470e+12 7.8470e+12 7.5452e+12 6.0361e+12 1.8108e+12 41.37732 0.00 0.03933 0.48991 0.42051 72.56941 -43.60155 71.46722 0.65661 0.43776 48.19027 -44.60704 59.44566 0.5046 1.066e+13 1.811e+12
211 212 1.2072e+12 213.77 118.19 257.069 35.965 32 70.72085 12.27157 66.64379 22.04 136.29 129.39 2.440e+12 -6.410e+11 2.254e+12 0.03607 35.96500 1.2072e+12 1.2072e+12 1.2072e+12 0.0000e+00 0.0000e+00 125.34633 0.00 0.07250 0.67659 0.25708 -28.85023 4.90920 113.89417 0.00000 0.00000 0.00000 0.00000 0.00000 0.5517 2.260e+12 3.018e+11
212 189 6.0361e+11 156.44 0.00 204.036 49.263 32 66.94196 5.09300 30.18005 288.61 -42.23 -116.57 -1.469e+12 -1.426e+12 -1.815e+12 0.13069 49.26340 6.0361e+11 9.0542e+11 3.0181e+11 0.0000e+00 0.0000e+00 136.38869 142.89 0.18616 0.00000 0.00000 0.00000 0.00000 0.00000 0.00000 0.00000 0.00000 0.00000 0.00000 0.0000 3.049e+12 6.036e+11
213 209 3.6217e+12 279.56 187.40 370.757 106.415 32 59.05427 42.12105 13.12242 -31.80 -229.16 228.01 -8.812e+12 7.602e+12 1.777e+12 0.03021 106.41524 3.6217e+12 3.6217e+12 1.8108e+12 0.0000e+00 0.0000e+00 66.65622 0.00 0.04043 0.32972 0.02854 -86.70457 61.93312 85.85677 0.00000 0.00000 0.00000 0.00000 0.00000 0.4603 4.676e+12 4.225e+12
214 214 5.1307e+12 370.99 270.05 416.402 41.553 32 28.13093 58.75180 33.49010 237.71 -30.10 24.02 -9.177e+12 3.853e+12 3.966e+12 0.02040 41.55270 5.1307e+12 5.7343e+12 5.1307e+12 3.6217e+12 1.5090e+12 53.80947 0.00 0.02059 0.09444 0.03065 34.68674 79.50105 -52.56292 0.08866 0.00000 25.29169 55.27624 -40.02629 0.4421 5.583e+12 2.414e+12
215 217 6.0361e+11 170.75 0.00 204.036 27.588 31 78.72847 19.87453 71.32218 -121.25 162.47 23.47 0.000e+00 0.000e+00 0.000e+00 0.00000 27.58776 6.0361e+11 6.0361e+11 6.0361e+11 3.0181e+11 0.0000e+00 87.91192 0.00 0.00000 0.00000 0.00000 0.00000 0.00000 0.00000 0.00000 0.00000 0.00000 0.00000 0.00000 0.0000 2.877e+12 3.018e+11
216 216 6.0361e+11 189.66 0.00 204.036 16.957 31 67.30804 60.69044 43.39326 -53.16 237.86 348.87 0.000e+00 0.000e+00 0.000e+00 0.00000 16.95662 6.0361e+11 9.0542e+11 6.0361e+11 6.0361e+11 0.0000e+00 88.70103 0.00 0.00000 0.00000 0.00000 0.00000 0.00000 0.00000 0.00000 0.00000 0.00000 0.00000 0.00000 0.0000 2.541e+12 0.000e+00
217 213 3.0181e+12 270.59 132.71 348.896 76.392 31 40.57803 92.73799 97.56637 132.07 181.71 24.32 1.006e+13 1.188e+12 -9.319e+12 0.05748 76.39229 3.0181e+12 3.0181e+12 2.7163e+12 9.0542e+11 0.0000e+00 30.74189 0.00 0.06405 0.29311 0.01352 54.44579 139.37892 -26.60559 0.42617 0.00000 83.34522 46.12281 -33.78993 0.2297 2.732e+12 2.716e+12
218 219 6.0361e+11 153.90 0.00 204.036 58.323 30 30.70224 1.19228 94.38076 27.89 218.60 255.54 -1.839e+11 7.319e+10 4.810e+10 0.00433 58.32326 6.0361e+11 6.0361e+11 0.0000e+00 0.0000e+00 0.0000e+00 182.44368 51.07 0.01385 0.00000 0.00000 0.00000 0.00000 0.00000 0.00000 0.00000 0.00000 0.00000 0.00000 0.0000 2.760e+12 6.036e+11
219 218 1.2072e+12 209.92 86.20 257.069 39.813 30 43.71607 37.26147 75.42039 40.42 -300.39 -22.10 4.876e+11 1.949e+12 -3.706e+12 0.06100 39.81334 1.2072e+12 1.2072e+12 1.2072e+12 6.0361e+11 0.0000e+00 107.31152 0.00 0.09033 0.42516 0.14983 -26.48001 88.93340 116.78103 0.00000 0.00000 0.00000 0.00000 0.00000 0.2515 3.080e+12 6.036e+11
220 222 1.2072e+12 195.34 138.02 257.069 67.688 29 70.27058 74.18738 18.19002 -291.21 250.63 14.11 3.901e+12 5.913e+12 4.327e+11 0.06892 67.68840 1.2072e+12 1.2072e+12 3.0181e+11 3.0181e+11 0.0000e+00 25.56156 95.36 0.15209 0.00000 0.00000 -20.17975 -23.61298 50.64201 0.00000 0.00000 0.00000 0.00000 0.00000 1.4708 3.090e+12 1.207e+12
221 7 2.7163e+12 254.72 303.30 336.855 93.492 29 72.36314 3.60085 28.40300 -226.84 296.88 -6.99 -1.636e+13 -7.572e+12 -6.226e+12 0.05153 93.49199 3.0181e+12 2.7163e+12 1.8108e+12 9.0542e+11 0.0000e+00 71.90638 100.78 0.10577 0.34481 0.02615 -66.68346 1.19028 90.25438 0.00000 0.00000 0.00000 0.00000 0.00000 1.1910 2.441e+12 2.716e+12
222 223 6.0361e+12 330.66 204.25 439.582 129.991 29 35.32791 63.04958 10.26457 193.12 1.93 36.59 -1.608e+12 1.071e+13 -2.017e+13 0.02918 129.99133 6.0361e+12 6.6398e+12 5.1307e+12 6.0361e+11 0.0000e+00 42.37486 0.00 0.03356 0.71990 0.15458 153.75223 -15.99864 -90.52908 0.00000 0.00000 0.00000 0.00000 0.00000 0.3514 5.670e+12 6.942e+12
223 -1 1.5090e+12 206.57 110.63 276.919 92.585 28 78.30957 24.86684 81.24049 -146.51 -198.38 -236.46 -1.736e+13 -1.773e+12 4.088e+13 1.03429 92.58517 1.5090e+12 1.5090e+12 0.0000e+00 0.0000e+00 0.0000e+00 186.15367 373.52 0.65662 0.74100 0.10470 165.93677 -57.21959 53.67406 0.00000 0.00000 0.00000 0.00000 0.00000 5.6769 3.612e+12 2.414e+12
224 225 6.0361e+11 159.48 0.00 204.036 42.051 27 87.15503 48.31403 73.22789 -116.24 -181.66 -483.41 -1.049e+12 1.282e+12 -1.441e+12 0.07004 42.05075 6.0361e+11 1.2072e+12 6.0361e+11 0.0000e+00 0.0000e+00 154.68314 107.72 0.14939 0.00000 0.00000 0.00000 0.00000 0.00000 0.00000 0.00000 0.00000 0.00000 0.00000 0.0000 2.353e+12 3.018e+11
225 220 1.5090e+12 217.94 132.50 276.919 54.289 27 47.56023 22.57911 48.88791 -112.20 105.57 -565.25 3.531e+12 5.790e+11 -5.765e+12 0.05403 54.28915 1.5090e+12 1.5090e+12 6.0361e+11 6.0361e+11 0.0000e+00 79.60645 68.60 0.10023 0.53173 0.00000 52.05485 -15.34389 -20.91285 0.00000 0.00000 0.00000 0.00000 0.00000 0.5762 3.222e+12 6.036e+11
226 -1 6.0361e+11 195.89 0.00 204.036 14.877 26 65.18983 86.46715 53.22775 251.12 -14.09 -150.10 0.000e+00 0.000e+00 0.000e+00 0.00000 14.87736 6.0361e+11 6.0361e+11 6.0361e+11 6.0361e+11 0.0000e+00 59.94773 0.00 0.00000 0.00000 0.00000 0.00000 0.00000 0.00000 0.00000 0.00000 0.00000 0.00000 0.00000 0.0000 2.070e+12 0.000e+00
227 227 1.2072e+12 211.52 80.90 257.069 38.127 26 85.12112 26.52126 55.06444 -65.37 -32.60 118.72 8.103e+11 1.692e+12 2.278e+11 0.02816 38.12728 1.2072e+12 1.2072e+12 9.0542e+11 9.0542e+11 0.0000e+00 45.01368 41.26 0.04050 0.71445 0.03147 90.13358 15.25468 -24.22293 0.00000 0.00000 89.21814 17.22336 -26.70670 0.2937 2.583e+12 6.036e+11
228 -1 2.1127e+12 234.12 301.18 309.786 86.524 26 52.61028 49.48833 41.30973 180.48 -68.08 -59.89 -1.691e+13 -4.427e+12 1.029e+12 0.14143 86.52381 2.1127e+12 2.4145e+12 6.0361e+11 0.0000e+00 0.0000e+00 63.82798 89.07 0.14766 0.55731 0.20916 -120.21754 166.64711 97.44170 0.00000 0.00000 0.00000 0.00000 0.00000 2.2858 2.522e+12 2.414e+12
229 224 4.8289e+12 303.36 215.09 408.071 145.835 25 49.04228 63.17124 0.50288 0.94 -30.35 135.94 -1.085e+13 -1.863e+13 4.852e+12 0.03627 145.83467 4.8289e+12 5.4325e+12 3.3199e+12 1.2072e+12 0.0000e+00 106.47337 24.12 0.04698 0.18978 0.03543 -82.26740 95.39310 -28.09428 0.56489 0.12257 -54.22387 61.07964 -25.54615 0.4730 4.811e+12 6.640e+12
230 229 1.5090e+12 214.79 65.32 276.919 60.569 25 52.54798 41.01761 54.89333 235.29 -445.52 139.64 -3.632e+12 -8.806e+11 2.853e+11 0.04067 60.56852 1.5090e+12 1.5090e+12 1.2072e+12 6.0361e+11 0.0000e+00 91.82455 0.00 0.05537 0.58902 0.00000 -33.94173 -33.87488 75.49010 0.00000 0.00000 0.00000 0.00000 0.00000 0.1674 3.831e+12 1.207e+12
231 233 1.8108e+12 230.56 117.04 294.270 59.591 25 64.50266 96.70060 44.07041 77.76 10.71 -78.61 3.694e+12 -4.207e+12 -4.513e+12 0.05858 59.59061 1.8108e+12 1.8108e+12 1.8108e+12 0.0000e+00 0.0000e+00 118.77954 0.00 0.07840 0.64144 0.24912 115.11687 -7.33235 116.60071 0.00000 0.00000 0.00000 0.00000 0.00000 0.3168 3.458e+12 1.207e+12
232 116 6.0361e+11 169.83 0.00 204.036 28.395 25 57.68601 30.31060 29.99817 40.66 -139.13 627.76 0.000e+00 0.000e+00 0.000e+00 0.00000 28.39474 6.0361e+11 6.0361e+11 6.0361e+11 0.0000e+00 0.0000e+00 155.79179 0.00 0.00000 0.00000 0.00000 0.00000 0.00000 0.00000 0.00000 0.00000 0.00000 0.00000 0.00000 0.0000 1.931e+12 0.000e+00
233 228 1.5090e+12 226.63 171.32 276.919 42.347 25 77.17357 3.95324 17.21620 -160.40 182.70 78.54 -1.904e+12 -1.197e+12 -7.980e+12 0.01974 42.34718 1.5090e+12 1.5090e+12 1.5090e+12 0.0000e+00 0.0000e+00 99.14049 0.00 0.12248 0.44455 0.10618 114.74151 116.55463 48.58877 0.00000 0.00000 0.00000 0.00000 0.00000 0.9588 3.254e+12 3.018e+11
