#ID DescID Mvir Vmax Vrms Rvir Rs Np X Y Z VX VY VZ JX JY JZ Spin rs_klypin Mvir_all M200b M200c M500c M2500c Xoff Voff spin_bullock b_to_a c_to_a A[x] A[y] A[z] b_to_a(500c) c_to_a(500c) A[x](500c) A[y](500c) A[z](500c) T/|U| M_pe_Behroozi M_pe_Diemer
#a = 0.651471
#Om = 0.285000; Ol = 0.715000; h = 0.695000
#FOF linking length: 0.280000
#Unbound Threshold: 0.500000; FOF Refinement Threshold: 0.700000
#Particle mass: 3.01807e+11 Msun/h
#Box size: 100.000000 Mpc/h
#Force resolution assumed: 0.0976562 Mpc/h
#Units: Masses in Msun / h
#Units: Positions in Mpc / h (comoving)
#Units: Velocities in km / s (physical, peculiar)
#Units: Halo Distances, Lengths, and Radii in kpc / h (comoving)
#Units: Angular Momenta in (Msun/h) * (Mpc/h) * km/s (physical)
#Units: Spins are dimensionless
#Np is an internal debugging quantity.
#Rockstar Version: 0.99.9-RC3
0 -1 3.3199e+12 253.42 196.07 350.397 110.408 34 17.18664 9.88999 1.81159 347.67 178.89 146.73 -1.978e+13 -1.797e+11 -3.203e+12 0.05022 110.40833 3.3199e+12 3.9235e+12 2.4145e+12 0.0000e+00 0.0000e+00 111.96688 15.01 0.07474 0.41954 0.02540 15.58960 84.39350 90.62998 0.00000 0.00000 0.00000 0.00000 0.00000 0.5569 7.573e+12 4.225e+12
1 26 7.8470e+12 409.91 352.07 466.753 42.600 93 18.57416 9.57614 1.85180 235.41 -51.99 153.68 -4.734e+13 -3.680e+13 2.540e+12 0.04680 42.59963 8.4506e+12 9.0542e+12 7.8470e+12 5.7343e+12 1.5090e+12 49.00827 5.74 0.05339 0.51006 0.32564 62.99846 -58.08490 36.45577 0.51599 0.10181 -47.83656 50.64891 -39.15479 0.5912 1.124e+13 3.923e+12
2 22 3.9235e+12 272.83 221.58 370.462 94.271 56 18.88753 11.01897 3.77264 362.55 -365.50 -266.28 1.876e+13 6.507e+12 -5.747e+12 0.03819 94.27099 3.9235e+12 5.1307e+12 1.8108e+12 1.5090e+12 0.0000e+00 41.62860 0.00 0.05837 0.16184 0.02224 -3.34993 71.32452 90.22121 0.00000 0.00000 -2.39372 46.97132 63.66205 0.6072 5.356e+12 3.923e+12
3 24 4.8289e+12 337.41 251.02 397.011 41.941 37 21.42676 9.91126 2.60814 560.23 268.81 365.45 -1.965e+13 7.936e+12 -3.226e+13 0.07140 41.94051 4.8289e+12 5.1307e+12 4.8289e+12 4.2253e+12 0.0000e+00 52.24688 0.00 0.07711 0.51170 0.14234 -31.61810 35.90835 83.80943 0.55607 0.20754 -5.87612 32.99409 70.67090 0.4605 5.730e+12 1.811e+12
4 26 1.5241e+14 1012.01 1032.04 1254.662 155.348 757 23.16416 11.20199 3.82582 -104.02 97.83 22.29 3.938e+15 3.512e+15 -1.459e+15 0.03026 171.60507 1.5241e+14 1.6147e+14 1.3249e+14 9.6880e+13 5.0704e+13 40.61407 93.57 0.03470 0.64615 0.37543 124.90968 69.12661 74.72421 0.53124 0.36173 98.96476 58.38714 59.98914 0.6388 1.369e+14 8.964e+13
5 64 7.2434e+12 325.59 285.40 454.465 171.736 82 27.04955 12.13554 5.40642 -46.27 -44.05 164.15 2.963e+13 4.685e+13 -8.151e+12 0.04275 171.73566 8.4506e+12 8.7524e+12 4.5271e+12 3.0181e+12 0.0000e+00 21.87108 69.91 0.05695 0.43754 0.13095 68.97399 89.90913 36.25811 0.53652 0.41377 42.30129 75.54322 47.79599 0.5818 8.786e+12 1.207e+13
6 65 2.3843e+13 561.98 565.11 676.039 79.312 198 29.26731 12.82958 6.01579 -250.53 -69.54 180.98 -1.238e+14 -1.604e+14 4.870e+14 0.05439 79.31187 2.3843e+13 2.4748e+13 2.0825e+13 1.9316e+13 4.5271e+12 72.04792 13.41 0.07361 0.62188 0.37277 122.91425 -24.53162 -19.58589 0.49369 0.18845 118.55320 -26.24324 -10.37288 0.7135 3.242e+13 1.207e+13
7 99 5.7343e+12 304.84 233.94 420.418 127.741 31 31.09383 13.04480 6.20946 -370.46 121.68 191.64 2.661e+13 -1.321e+13 3.506e+12 0.03798 127.74078 5.7343e+12 5.7343e+12 4.5271e+12 0.0000e+00 0.0000e+00 71.88786 25.48 0.04488 0.53727 0.12576 81.45713 -61.21221 148.28911 0.00000 0.00000 0.00000 0.00000 0.00000 0.4359 5.061e+12 5.734e+12
8 100 1.0563e+13 368.30 433.45 515.370 212.604 156 33.02726 13.23425 6.45121 -400.63 -183.55 348.30 -6.700e+13 -1.492e+14 -1.222e+14 0.05388 212.60445 1.0563e+13 1.5694e+13 3.6217e+12 0.0000e+00 0.0000e+00 86.79648 15.41 0.11066 0.57063 0.14451 -105.38167 137.97629 -83.39015 0.00000 0.00000 0.00000 0.00000 0.00000 1.2045 2.254e+13 2.716e+13
9 1 4.5875e+13 609.28 671.47 840.835 351.525 307 6.26562 5.10816 92.63955 -571.20 526.16 726.42 -4.433e+14 -1.164e+14 2.152e+14 0.01603 257.78333 4.7384e+13 5.1911e+13 3.9235e+13 2.1127e+13 7.8470e+12 127.31252 47.96 0.02374 0.52548 0.26026 -8.83330 -95.46925 112.91465 0.25875 0.21574 -3.44992 -82.11217 84.78268 0.7322 4.883e+13 7.575e+13
10 2 2.1127e+12 216.91 253.32 301.390 102.938 25 2.66056 4.78820 96.29145 780.12 733.10 -164.24 -7.507e+12 -1.016e+13 3.118e+12 0.07863 102.93813 2.1127e+12 2.1127e+12 1.2072e+12 0.0000e+00 0.0000e+00 96.61713 104.80 0.10312 0.60474 0.26798 44.20324 19.13555 108.23001 0.00000 0.00000 0.00000 0.00000 0.00000 1.7007 1.949e+12 2.414e+12
11 2 2.5593e+14 1082.36 1162.85 1491.288 529.089 939 4.40795 5.56156 95.10916 -98.93 307.64 140.02 -1.260e+16 -2.655e+15 -1.005e+16 0.03299 447.28299 2.5593e+14 2.6499e+14 2.2032e+14 1.2163e+14 4.0442e+13 142.98645 186.06 0.04364 0.34660 0.23412 -176.49710 8.34358 185.59639 0.31004 0.21529 138.24248 -13.01226 -122.29992 0.6776 2.266e+14 3.075e+14
12 2 2.8370e+13 645.15 629.54 716.373 58.801 134 4.71488 5.53399 94.87559 243.92 144.74 -290.32 -2.220e+13 -2.038e+14 -4.120e+14 0.04164 58.80052 2.9879e+13 2.9577e+13 2.5955e+13 1.9919e+13 1.1770e+13 53.87403 49.32 0.04806 0.88134 0.56352 79.16556 -5.66274 -65.25033 0.77260 0.53640 41.72678 -15.07904 70.80363 0.6693 2.823e+13 1.268e+13
13 4 5.7343e+12 354.22 290.42 420.418 46.245 53 72.89069 17.83245 2.07160 300.10 832.71 -22.38 1.869e+13 -6.140e+12 1.177e+13 0.03124 46.24454 5.7343e+12 6.3380e+12 5.4325e+12 4.2253e+12 0.0000e+00 16.20533 0.00 0.03439 0.46489 0.09270 -77.31479 102.78106 24.40294 0.31676 0.12729 -55.39321 87.00703 22.23121 0.5209 8.321e+12 3.320e+12
14 5 8.4808e+13 742.30 794.43 1031.965 900.024 373 73.83938 19.17409 1.58519 -115.06 415.53 72.26 1.338e+15 7.474e+14 3.816e+14 0.01977 356.11731 8.4808e+13 9.0844e+13 7.0321e+13 3.6519e+13 1.7505e+13 92.95911 27.35 0.02659 0.51629 0.45501 -118.59888 128.04382 -26.64882 0.73265 0.57685 88.71912 -74.08605 -1.50747 0.6811 7.616e+13 1.672e+14
15 7 5.4325e+12 395.49 402.83 412.909 26.563 29 73.04254 20.28402 1.63646 -346.38 325.70 673.02 2.345e+13 1.405e+13 -7.757e+12 0.01974 26.56279 6.0361e+12 5.4325e+12 5.1307e+12 5.1307e+12 0.0000e+00 66.09530 33.48 0.04665 0.79607 0.61260 86.52808 -28.72525 -25.28691 0.58809 0.38548 89.14975 0.38007 -37.50867 0.9092 8.398e+12 6.036e+11
16 6 1.4879e+14 897.97 891.95 1244.644 798.406 516 72.68331 20.98571 1.09394 273.89 -378.91 251.08 -3.901e+15 3.143e+15 2.183e+15 0.02901 407.38123 1.4879e+14 1.5543e+14 1.2072e+14 6.5794e+13 1.4185e+13 73.37381 58.89 0.03605 0.68464 0.43139 81.31406 -89.70626 135.45204 0.62624 0.41547 67.92313 -63.07286 73.20356 0.6140 1.320e+14 2.574e+14
17 8 3.9235e+12 278.26 184.98 370.462 79.433 66 76.01849 17.91843 2.75232 -380.97 -161.35 -461.14 -6.919e+12 -1.140e+13 8.521e+12 0.03530 79.43258 3.9235e+12 4.2253e+12 2.7163e+12 0.0000e+00 0.0000e+00 59.85818 0.00 0.04468 0.17846 0.00000 -99.68746 6.72467 139.77231 0.00000 0.00000 0.00000 0.00000 0.00000 0.4564 5.112e+12 3.320e+12
18 9 1.8440e+14 978.22 999.98 1336.934 546.660 653 70.80728 60.82132 49.94232 -117.29 139.63 337.82 5.272e+15 4.892e+15 4.369e+15 0.03004 363.91492 1.8440e+14 1.9074e+14 1.6328e+14 8.5110e+13 1.6298e+13 89.94160 89.71 0.03882 0.49216 0.39843 -109.86763 236.09860 -11.94750 0.47029 0.41775 -87.53773 142.91119 -2.16687 0.6495 1.667e+14 2.381e+14
19 11 1.0111e+14 799.08 816.50 1094.237 328.735 463 71.33045 61.90313 51.88191 65.26 -32.71 -875.38 6.064e+14 -2.116e+15 -6.209e+14 0.02457 304.43494 1.0111e+14 1.1016e+14 8.5713e+13 5.0402e+13 2.0825e+13 93.99264 65.73 0.02872 0.43893 0.30848 103.95647 145.65294 -54.25874 0.45917 0.27793 72.90498 116.04051 -56.61366 0.6007 9.355e+13 1.195e+14
20 12 5.7343e+12 335.47 216.19 420.418 60.981 45 71.93651 64.30988 51.38498 -40.16 -263.08 -648.52 1.209e+13 -1.288e+13 -6.425e+12 0.03057 60.98056 5.7343e+12 6.0361e+12 5.7343e+12 3.6217e+12 0.0000e+00 13.97547 0.00 0.02819 0.86125 0.16454 10.17569 79.54000 -49.35163 0.74991 0.18213 38.57300 63.12193 -48.76730 0.3024 6.271e+12 3.923e+12
21 35 1.5634e+14 932.55 1016.52 1265.337 337.516 529 39.73698 17.51093 42.63794 370.71 342.82 115.84 3.132e+15 3.279e+15 -9.633e+15 0.04671 319.75485 1.5634e+14 1.6086e+14 1.3732e+14 8.5411e+13 2.3239e+13 107.56052 250.36 0.06468 0.40475 0.32608 179.13890 97.93066 11.49445 0.47872 0.36284 130.81445 55.52660 2.96800 0.7130 1.392e+14 1.618e+14
22 34 1.1469e+13 462.18 493.10 529.693 49.726 57 40.08120 17.66914 42.78680 232.43 -1214.69 -387.99 3.838e+13 -1.195e+14 -1.329e+12 0.03951 49.72561 1.2676e+13 1.2072e+13 1.1167e+13 9.0542e+12 4.8289e+12 54.67476 24.56 0.05931 0.65048 0.47031 86.81874 25.34471 -3.86638 0.67514 0.47615 78.03844 29.92593 5.86173 0.7932 1.315e+13 5.734e+12
23 50 6.8208e+13 745.73 823.06 959.693 154.688 243 43.45618 18.67067 43.43265 -11.89 217.83 -493.67 2.629e+14 -3.292e+15 -7.353e+14 0.05378 162.64235 6.8208e+13 7.0019e+13 6.0965e+13 4.3158e+13 1.2978e+13 92.84414 117.09 0.08190 0.85518 0.47847 141.31113 15.53492 49.46413 0.68830 0.42084 59.12514 46.13517 81.63567 0.7761 6.355e+13 5.070e+13
24 51 1.2374e+13 474.74 416.18 543.281 50.670 50 43.60792 18.75030 43.60767 -848.95 178.42 -26.45 -6.739e+13 -8.743e+13 5.032e+13 0.04382 50.66963 1.2978e+13 1.2676e+13 1.1167e+13 6.9416e+12 4.8289e+12 126.95449 35.77 0.05051 0.54690 0.24477 113.90864 -44.86116 -4.22355 0.93604 0.55528 -17.41247 12.93445 70.60889 0.6024 1.161e+13 5.131e+12
25 31 1.5996e+13 606.03 532.57 591.818 29.814 118 72.19681 68.31064 52.24998 -344.89 -931.03 -310.30 5.510e+13 -9.435e+13 -6.124e+13 0.02943 29.81365 1.8108e+13 1.6298e+13 1.4789e+13 1.2072e+13 6.9416e+12 36.39114 21.93 0.03400 0.70574 0.45401 -11.51528 76.67465 9.42712 0.64663 0.44260 -40.62851 46.09616 8.62999 0.6781 2.113e+13 6.036e+12
26 32 1.5754e+14 910.00 978.69 1268.586 461.286 578 72.25905 68.16508 52.08453 -211.80 -117.01 -350.29 1.274e+15 1.914e+15 5.101e+15 0.02579 464.08591 1.5785e+14 1.7595e+14 1.2827e+14 7.9677e+13 2.7163e+13 72.40845 110.45 0.03356 0.65968 0.54986 53.25777 197.42879 -34.97660 0.80730 0.52294 -7.40579 136.98531 47.75873 0.6646 1.473e+14 2.031e+14
27 28 6.0361e+12 371.95 301.42 427.668 40.720 44 50.98680 17.13475 40.87863 116.44 -316.01 -667.13 -6.090e+12 1.162e+13 9.072e+12 0.02174 40.72006 6.0361e+12 6.0361e+12 5.7343e+12 5.1307e+12 2.1127e+12 29.19777 0.00 0.02197 0.36682 0.24080 61.04697 20.45401 68.36064 0.33898 0.09931 49.40821 9.41224 60.33477 0.4967 6.994e+12 3.320e+12
28 30 1.3491e+14 890.30 934.29 1204.663 373.427 471 51.68821 16.13650 40.45215 -254.40 406.24 -54.98 -4.359e+14 -5.405e+15 6.926e+15 0.05532 296.47473 1.3491e+14 1.4064e+14 1.2102e+14 6.7907e+13 2.5654e+13 56.01966 65.89 0.06832 0.43773 0.33033 -41.70483 159.24223 92.23523 0.48819 0.35985 -28.51899 98.00177 78.88580 0.6433 1.201e+14 1.563e+14
29 30 1.8410e+13 494.83 508.38 620.211 90.026 99 51.61763 16.37867 40.56874 -544.03 909.13 280.55 2.700e+14 -5.968e+13 1.126e+13 0.04648 90.02626 1.8712e+13 1.9617e+13 1.5090e+13 1.1770e+13 5.4325e+12 31.38034 14.07 0.05943 0.54290 0.31511 -19.93251 99.17031 6.19110 0.75274 0.41489 -12.24322 75.95673 -5.83414 0.6810 1.657e+13 1.207e+13
30 44 1.1770e+14 862.62 860.29 1151.113 310.144 475 92.86118 41.03424 61.15003 -224.00 -264.15 14.07 2.005e+15 6.525e+14 -5.429e+15 0.04675 251.36040 1.1770e+14 1.2374e+14 1.0473e+14 6.6096e+13 1.0261e+13 89.25711 40.10 0.05679 0.72115 0.50280 -116.49833 157.29124 -22.88840 0.91895 0.42838 -74.51838 111.38309 -4.70563 0.6189 1.057e+14 1.237e+14
31 13 9.3560e+12 433.95 378.26 494.937 45.495 63 71.57174 1.95796 24.73608 -380.72 467.22 418.77 2.649e+12 -4.001e+13 -1.862e+13 0.02813 45.49458 1.0865e+13 1.0563e+13 9.0542e+12 6.9416e+12 3.6217e+12 51.51464 7.76 0.02933 0.63300 0.40424 73.52702 -8.98090 91.09261 0.74013 0.52290 72.52264 38.27785 35.16824 0.5491 1.031e+13 4.829e+12
32 17 1.5392e+13 436.47 400.99 584.278 130.902 83 71.07642 3.41667 27.51619 -15.39 -390.65 -208.70 5.002e+13 -6.648e+13 -2.275e+12 0.01959 130.90166 1.5694e+13 1.5694e+13 1.2374e+13 8.4506e+12 0.0000e+00 56.50352 18.78 0.02408 0.55522 0.35407 -65.45654 142.50066 58.48958 0.59898 0.01881 -36.67544 92.72467 20.44837 0.5843 1.421e+13 1.328e+13
33 14 7.5150e+13 743.28 789.17 991.203 222.564 354 71.11753 2.74139 26.20748 156.35 108.62 283.43 1.098e+15 1.894e+14 -2.646e+14 0.01634 215.31633 7.5150e+13 7.6961e+13 6.6699e+13 4.5573e+13 6.6398e+12 163.79184 87.00 0.02358 0.27199 0.20945 1.01272 97.72163 193.40700 0.20359 0.14447 -12.50835 65.36858 124.38491 0.7238 7.064e+13 6.911e+13
34 15 4.5271e+12 288.28 224.24 388.562 92.317 61 67.00719 5.02643 30.37067 342.58 -40.58 -179.10 -2.520e+13 -4.052e+11 -2.705e+12 0.04278 92.31668 4.5271e+12 5.1307e+12 3.3199e+12 9.0542e+11 0.0000e+00 45.58635 0.00 0.05639 0.14326 0.00067 104.58850 54.45758 50.16163 0.26184 0.00000 71.43766 44.96724 42.68876 0.5244 7.084e+12 4.527e+12
35 192 9.0542e+12 360.67 263.09 489.557 124.146 67 52.58703 25.37018 34.32653 446.84 81.68 468.43 3.337e+13 -2.835e+13 6.271e+13 0.04681 124.14622 9.0542e+12 9.0542e+12 6.6398e+12 3.6217e+12 0.0000e+00 62.29885 0.00 0.05360 0.30943 0.06707 151.28545 95.35743 39.87369 0.81297 0.24467 134.71182 -8.49854 -34.37001 0.4301 8.440e+12 9.054e+12
36 37 3.3199e+12 250.33 258.12 350.397 146.700 30 53.33830 26.30174 34.49830 115.65 398.73 541.02 -2.386e+13 -3.892e+13 -2.509e+13 0.08505 146.69991 3.3199e+12 5.1307e+12 0.0000e+00 0.0000e+00 0.0000e+00 157.00294 112.20 0.19433 0.14557 0.00000 -134.33548 199.65935 49.69438 0.00000 0.00000 0.00000 0.00000 0.00000 1.2180 4.484e+12 6.640e+12
37 37 1.4155e+14 897.40 964.38 1224.110 261.050 515 54.16732 27.62159 35.54636 -90.21 -207.96 -66.80 1.752e+15 -9.602e+13 3.346e+15 0.02168 326.35510 1.4155e+14 1.4668e+14 1.2616e+14 7.6659e+13 2.5654e+13 65.86844 80.45 0.02709 0.67243 0.38889 -73.42240 -23.26829 157.35847 0.70135 0.42089 -83.15439 -31.55161 89.07425 0.6572 1.282e+14 1.271e+14
38 39 1.1197e+14 873.50 917.27 1132.107 186.443 544 53.72455 40.46962 57.31988 50.47 -228.99 -270.72 -3.868e+14 -4.043e+14 5.687e+14 0.00706 200.68185 1.1197e+14 1.1831e+14 9.7786e+13 7.0925e+13 2.8068e+13 88.91064 102.52 0.00845 0.66890 0.33331 19.19176 70.22271 147.26828 0.47506 0.27175 16.54977 67.02533 113.73718 0.6496 1.002e+14 8.058e+13
39 38 1.2374e+14 880.60 915.23 1170.463 246.576 514 57.79049 30.19024 31.73234 -256.39 -383.14 50.57 -7.275e+14 -1.392e+14 -1.416e+15 0.01230 247.76947 1.2374e+14 1.3038e+14 1.0744e+14 6.8510e+13 3.1086e+13 88.89549 90.30 0.01433 0.81072 0.61299 -105.75250 -43.98938 111.57741 0.69620 0.60888 -60.40814 -20.25761 103.84306 0.6217 1.102e+14 1.074e+14
40 45 1.0624e+14 826.08 862.72 1112.442 281.163 421 47.42862 27.99920 45.26315 65.26 -108.14 -155.29 -2.756e+15 -6.409e+13 2.955e+15 0.03780 262.17825 1.0624e+14 1.0895e+14 9.5371e+13 5.7947e+13 1.4789e+13 73.61079 80.79 0.04674 0.92783 0.64916 89.53173 120.15017 83.13707 0.67365 0.55677 83.30850 98.61234 30.02320 0.6441 9.560e+13 1.071e+14
41 46 3.0181e+12 245.97 143.61 339.440 104.025 65 46.71828 30.73583 46.96062 338.19 -673.63 -53.55 1.606e+13 -4.147e+12 2.763e+13 0.10969 104.02517 3.3199e+12 3.0181e+12 1.8108e+12 3.0181e+11 0.0000e+00 54.78207 28.11 0.14093 0.80991 0.27813 96.85109 80.33379 134.54466 0.00000 0.00000 0.00000 0.00000 0.00000 0.3613 5.690e+12 3.018e+12
42 120 3.2293e+13 565.81 530.65 747.982 169.295 155 52.48468 52.41766 39.07042 214.64 -101.12 -172.84 9.599e+13 -1.796e+14 -1.442e+14 0.01801 151.97990 3.2293e+13 3.4104e+13 2.7163e+13 1.7505e+13 3.6217e+12 16.87545 12.73 0.02100 0.70576 0.34870 35.69545 -82.94389 111.34611 0.28124 0.13935 42.68648 -81.72247 88.22604 0.5731 2.950e+13 2.958e+13
43 87 8.4506e+12 359.70 377.04 478.427 101.807 43 53.49426 55.68527 37.14939 -390.63 -267.46 378.64 -7.113e+11 -3.138e+13 1.011e+14 0.04047 101.80721 8.7524e+12 8.4506e+12 7.8470e+12 3.0181e+12 0.0000e+00 34.49663 11.84 0.08324 0.76514 0.33377 -13.45248 130.92702 -49.89758 0.36817 0.13041 -69.78426 -31.19545 80.38486 0.8378 8.004e+12 7.847e+12
44 87 1.9316e+13 460.00 467.57 630.216 176.284 83 53.64261 55.37887 37.09655 21.06 166.28 -165.99 2.511e+13 -1.403e+14 5.055e+13 0.02357 176.28387 1.9316e+13 2.0221e+13 1.6599e+13 9.6578e+12 4.8289e+12 51.17905 0.00 0.02997 0.81137 0.49541 6.44938 -83.75258 86.29140 0.58858 0.24298 -56.29256 34.93044 79.79789 0.6351 1.711e+13 2.052e+13
45 88 3.9537e+13 573.42 710.03 800.178 788.872 109 53.09084 56.08080 37.12786 320.68 -424.49 89.77 -1.068e+13 -6.450e+13 -8.238e+14 0.01734 300.27005 3.9537e+13 4.7384e+13 2.6257e+13 1.2072e+13 6.6398e+12 254.72786 84.75 0.04964 0.31553 0.20378 159.32726 -105.30722 -64.55902 0.93344 0.69876 -47.55124 39.44322 55.75401 1.0796 4.089e+13 7.092e+13
46 48 4.0442e+13 576.86 598.90 806.240 768.275 138 91.25688 22.93467 0.97350 -171.76 -492.76 -60.96 -2.241e+14 -1.719e+14 3.687e+14 0.01685 317.04929 4.0442e+13 4.3158e+13 3.1992e+13 9.9596e+12 5.1307e+12 160.29715 24.96 0.02686 0.76041 0.21853 -102.78027 106.37389 -18.04454 0.85394 0.40483 7.45778 53.19737 52.82250 0.7440 3.908e+13 8.873e+13
47 47 2.0523e+13 484.52 531.67 643.081 134.629 106 91.57278 22.66496 1.01625 -351.02 -171.14 -60.20 2.904e+14 8.892e+13 -1.598e+14 0.02884 134.62939 2.0523e+13 2.0825e+13 1.5392e+13 1.1469e+13 0.0000e+00 51.06669 13.62 0.06149 0.37654 0.22826 61.01411 79.89665 130.34732 0.24546 0.04384 30.88277 69.86597 115.23491 0.8602 2.149e+13 1.630e+13
48 49 2.2334e+13 501.60 478.34 661.465 131.997 103 94.16187 21.22613 1.27649 -577.87 -321.50 -73.52 -2.801e+12 -4.019e+13 -1.655e+14 0.02274 131.99669 2.2334e+13 2.6257e+13 1.7203e+13 1.1770e+13 5.1307e+12 33.26332 0.00 0.02650 0.60212 0.40889 -12.18471 83.89828 -65.67492 0.70607 0.30453 -4.71735 64.07135 -49.35315 0.5793 2.195e+13 1.690e+13
49 54 4.3762e+13 619.99 644.65 827.724 164.759 210 96.60008 23.32993 51.23742 -84.96 -167.13 375.52 -3.714e+14 -8.202e+13 -1.241e+13 0.01622 181.42683 4.3762e+13 4.8591e+13 3.9537e+13 2.4446e+13 1.0563e+13 68.08967 39.66 0.01930 0.84068 0.82596 95.54424 -74.49294 7.72398 0.92031 0.82082 86.55404 -21.56736 -8.08262 0.6276 4.319e+13 3.742e+13
50 55 2.1428e+13 479.56 422.87 652.403 169.185 100 97.11123 23.43720 52.76887 -103.84 -21.12 -148.93 1.457e+14 3.993e+13 3.965e+14 0.06025 169.18478 2.1428e+13 2.2937e+13 1.8712e+13 7.8470e+12 0.0000e+00 12.73198 3.09 0.07073 0.59958 0.45215 -28.30649 55.25198 132.12794 0.83778 0.35935 38.45113 -52.18776 -61.77642 0.5322 1.962e+13 2.233e+13
51 57 1.3280e+13 423.41 401.66 556.221 107.995 121 71.09065 26.79534 5.77455 114.39 -464.46 50.92 2.916e+13 9.443e+13 3.717e+13 0.02745 107.99520 1.3280e+13 1.4789e+13 1.1167e+13 5.4325e+12 0.0000e+00 21.71982 0.00 0.03908 0.98122 0.58098 106.31239 -27.73319 -63.82500 0.45695 0.04652 76.75622 16.50320 -46.06931 0.6793 1.576e+13 9.658e+12
52 59 6.6398e+12 334.18 293.94 441.473 89.254 55 71.88042 29.16410 6.16760 -53.21 -173.67 401.76 -5.663e+13 -7.902e+13 -3.893e+10 0.07432 89.25447 6.9416e+12 6.6398e+12 6.3380e+12 9.0542e+11 0.0000e+00 35.16885 25.97 0.11424 0.11534 0.01429 66.93874 -93.36172 271.93704 0.67509 0.00985 16.77713 8.11995 84.54331 0.6590 8.664e+12 5.131e+12
53 58 1.1770e+13 442.80 431.39 534.299 63.631 48 72.13578 29.72416 6.29591 -737.57 -578.36 -186.84 -1.351e+12 -1.335e+14 9.642e+13 0.06470 63.63057 1.2374e+13 1.2374e+13 1.1469e+13 8.7524e+12 2.7163e+12 11.89805 9.15 0.07452 0.57093 0.51927 105.53960 1.79250 4.41408 0.64406 0.53087 82.87952 22.60551 -18.25055 0.6247 1.247e+13 6.942e+12
54 59 5.1911e+13 683.77 743.88 876.205 176.069 110 71.99046 29.66110 6.32231 -108.11 -742.43 121.56 -3.823e+14 7.381e+14 -3.398e+14 0.02574 144.63464 5.1911e+13 5.2514e+13 4.8591e+13 3.5010e+13 1.1770e+13 53.40395 67.12 0.03426 0.77182 0.62662 -68.05675 108.89590 1.80294 0.78377 0.66974 93.70136 -34.68186 1.39279 0.7218 4.983e+13 4.708e+13
55 19 6.6699e+13 703.49 716.89 952.563 274.659 326 73.50942 3.84258 29.92000 -315.30 -59.70 -192.15 6.271e+14 -2.469e+14 -7.082e+14 0.02064 235.99077 6.7001e+13 7.1227e+13 5.3118e+13 3.4406e+13 1.4185e+13 95.98759 60.70 0.02456 0.67450 0.38795 97.60091 25.39557 119.62307 0.73000 0.57574 51.69035 38.26622 81.61404 0.6158 6.017e+13 7.394e+13
56 62 2.6257e+13 556.54 540.23 698.130 101.790 166 4.39408 6.55020 76.61900 -71.15 81.10 444.55 -2.623e+14 4.383e+14 1.071e+14 0.04778 101.78999 2.6257e+13 2.8974e+13 2.0825e+13 1.4185e+13 7.5452e+12 33.64614 0.00 0.06202 0.66146 0.44098 22.85625 -40.25107 97.06090 0.51462 0.35030 15.49655 -47.94155 67.00954 0.6690 2.633e+13 1.539e+13
57 63 2.8672e+13 551.36 543.25 718.904 132.591 145 4.63845 5.51927 77.92545 -46.92 463.54 126.41 -4.532e+14 -4.052e+14 3.885e+14 0.06079 132.59131 2.8672e+13 3.0181e+13 2.5352e+13 1.5090e+13 3.3199e+12 34.78176 0.00 0.07403 0.79187 0.46933 -5.61873 89.18291 109.77568 0.75026 0.35766 8.28302 109.26195 14.26132 0.6225 3.372e+13 2.233e+13
58 66 6.7001e+13 730.27 739.23 953.998 172.862 309 42.85122 41.10186 81.23373 180.62 -328.89 -284.78 -4.491e+14 -2.935e+14 -3.991e+14 0.01413 178.23260 6.7001e+13 7.0623e+13 5.6136e+13 4.1649e+13 1.5392e+13 50.02904 90.72 0.01667 0.54825 0.40822 -33.58610 101.33070 105.26944 0.51671 0.32744 -29.13403 70.09710 93.01395 0.6233 5.996e+13 5.070e+13
59 61 6.3380e+13 737.97 769.24 936.489 164.942 269 34.86013 7.47618 40.91800 107.58 453.46 16.72 3.832e+14 4.927e+14 -2.961e+14 0.01544 145.84969 6.3380e+13 6.6096e+13 5.4024e+13 3.8631e+13 1.5392e+13 73.65052 40.89 0.01890 0.58834 0.46728 -54.42537 98.81806 -53.21156 0.61529 0.46822 -31.47442 73.92864 -49.62303 0.6667 5.737e+13 4.497e+13
60 78 7.0925e+13 704.42 730.76 972.267 356.590 290 39.36312 23.24486 60.04031 179.78 186.12 -252.75 4.519e+14 -4.266e+14 -1.348e+14 0.01164 298.63589 7.0925e+13 7.3339e+13 5.9456e+13 3.2595e+13 1.4487e+13 68.23171 66.34 0.01442 0.62813 0.50919 -8.10536 -24.99955 147.45113 0.63279 0.57604 -17.74180 -40.55427 87.39031 0.6340 6.239e+13 7.968e+13
61 108 1.2072e+12 218.59 214.68 250.102 23.309 29 71.60580 23.20773 3.54717 214.84 -17.69 -67.95 5.479e+12 -1.322e+12 -4.751e+12 0.08916 23.30905 1.2072e+12 1.2072e+12 1.2072e+12 9.0542e+11 0.0000e+00 47.61829 0.00 0.14844 0.34831 0.26016 5.27482 91.40649 30.26419 0.34831 0.26016 5.27482 91.40649 30.26419 1.4958 3.166e+12 3.018e+11
62 108 2.1127e+13 538.73 617.62 649.325 76.904 165 71.46343 23.59666 4.24001 182.27 -370.82 -50.51 -2.935e+13 1.599e+14 2.270e+14 0.01825 76.90408 2.1127e+13 2.3541e+13 1.7505e+13 1.3883e+13 7.2434e+12 42.43668 0.00 0.04766 0.54416 0.41771 -42.13223 33.07354 104.10531 0.46065 0.32410 -48.59140 44.07502 80.89880 0.9240 2.648e+13 1.207e+13
63 193 6.3380e+12 321.18 386.67 434.680 107.182 78 69.99380 24.37146 7.80630 51.58 -84.62 -303.54 4.609e+12 1.049e+14 4.386e+13 0.08518 107.18241 6.3380e+12 6.6398e+12 4.8289e+12 0.0000e+00 0.0000e+00 118.25005 0.00 0.14446 0.69394 0.11177 159.65016 -4.17836 -115.61965 0.00000 0.00000 0.00000 0.00000 0.00000 1.2928 1.072e+13 6.338e+12
64 71 6.0361e+12 319.66 287.50 427.668 95.356 25 43.24718 82.54848 45.14142 275.31 532.83 130.77 2.017e+13 1.234e+12 -1.874e+13 0.02400 95.35610 6.3380e+12 6.3380e+12 5.7343e+12 0.0000e+00 0.0000e+00 39.41661 33.13 0.03796 0.20985 0.00396 -61.81138 -105.04838 227.28058 0.00000 0.00000 0.00000 0.00000 0.00000 0.6826 5.792e+12 5.734e+12
65 72 1.0865e+13 387.17 408.66 520.232 120.270 71 43.17606 83.64844 45.47325 181.76 473.22 71.80 2.767e+13 -1.430e+14 3.305e+13 0.04861 120.26985 1.0865e+13 1.1469e+13 8.1488e+12 6.0361e+12 1.8108e+12 24.58675 31.23 0.07722 0.48887 0.42662 77.00837 -67.19543 -1.61055 0.53996 0.13917 40.94988 -15.53712 43.47827 0.7488 1.340e+13 9.054e+12
66 73 4.9798e+13 635.65 625.34 864.154 544.888 189 43.03489 85.53407 45.60402 216.87 8.74 -27.80 4.223e+14 -7.323e+14 1.243e+14 0.02778 222.57448 4.9798e+13 5.1307e+13 4.1348e+13 1.7807e+13 5.7343e+12 36.57055 20.92 0.03494 0.89492 0.50705 110.88255 -104.30689 24.03819 0.80628 0.54645 72.67557 -55.19904 28.51429 0.6215 4.466e+13 7.575e+13
67 75 5.4325e+13 652.83 647.72 889.584 305.092 278 64.82897 4.84767 71.39602 -47.28 131.23 -69.20 -4.505e+14 -4.457e+14 3.367e+14 0.02037 234.62706 5.4325e+13 5.6438e+13 4.6478e+13 2.6861e+13 7.8470e+12 89.83013 53.54 0.02538 0.52990 0.32123 58.95700 133.36281 3.47230 0.29199 0.16814 36.35698 97.66516 -31.04959 0.6192 4.901e+13 6.881e+13
68 76 4.9496e+13 652.60 671.84 862.404 202.683 248 66.39201 96.06536 66.27769 -68.15 365.18 -179.55 -1.745e+13 2.137e+13 -1.727e+14 0.00587 174.76636 4.9496e+13 5.2816e+13 4.3762e+13 2.8370e+13 1.1167e+13 85.50970 19.43 0.00723 0.63647 0.31479 -84.01683 115.04033 58.44553 0.61544 0.23563 -77.96021 84.13932 38.58926 0.6455 4.493e+13 4.648e+13
69 67 5.7343e+12 397.38 296.94 420.418 28.455 28 66.59058 24.42419 89.73319 145.45 373.96 86.20 1.276e+13 -1.388e+13 -3.299e+13 0.05507 28.45509 6.6398e+12 6.0361e+12 4.8289e+12 3.9235e+12 3.0181e+12 55.85088 32.33 0.05700 0.51144 0.31623 14.57894 83.80157 -29.38264 0.56911 0.31193 27.82716 61.62655 -37.69951 0.5073 7.104e+12 2.113e+12
70 67 4.2253e+13 610.40 605.52 818.099 226.892 166 66.87615 24.55134 89.44796 246.95 -196.77 97.22 -8.697e+14 2.741e+14 -2.846e+14 0.04070 185.13258 4.2253e+13 4.3158e+13 3.7726e+13 2.3541e+13 4.5271e+12 88.33701 65.78 0.05136 0.58824 0.48265 97.68837 57.16113 -98.06382 0.44214 0.26166 78.01368 12.75851 -72.53598 0.6350 3.813e+13 4.437e+13
71 68 8.1488e+12 405.72 331.37 472.662 47.718 65 68.64727 22.73818 87.59106 49.61 289.35 267.62 -1.708e+13 -2.189e+13 -1.415e+13 0.02568 47.71802 8.7524e+12 8.4506e+12 7.8470e+12 7.2434e+12 0.0000e+00 18.60542 0.00 0.02604 0.72388 0.69020 0.98461 -36.33064 98.55915 0.56639 0.31282 23.43232 -39.27595 90.05192 0.4802 1.005e+13 3.320e+12
72 74 5.7042e+13 716.84 718.30 904.170 149.931 273 99.32009 22.43374 75.95660 -39.75 81.63 -30.29 1.267e+15 5.125e+14 -6.081e+14 0.04321 135.97943 5.7042e+13 5.8852e+13 5.0704e+13 3.6519e+13 1.4789e+13 45.26079 33.05 0.04877 0.74061 0.48879 50.80889 -23.65237 115.06538 0.85885 0.50641 42.60202 -12.27179 90.76804 0.6139 5.217e+13 4.225e+13
73 80 2.1127e+12 223.25 165.50 301.390 72.634 179 70.03168 71.40307 48.50624 -127.19 29.14 274.33 1.155e+13 9.324e+12 -4.697e+12 0.07105 72.63374 2.1127e+12 2.1127e+12 1.2072e+12 3.0181e+11 0.0000e+00 40.44144 0.00 0.12339 0.67702 0.01895 -3.17906 -73.77373 106.38067 0.00000 0.00000 0.00000 0.00000 0.00000 0.5911 9.285e+12 2.113e+12
74 81 4.2253e+12 282.87 210.51 379.728 87.093 58 26.42570 29.35635 63.23808 507.82 -190.38 -13.79 -1.086e+12 -2.443e+13 1.441e+13 0.05906 87.09312 4.2253e+12 5.7343e+12 3.9235e+12 2.1127e+12 0.0000e+00 19.86814 36.57 0.07084 0.33483 0.13933 128.95488 24.93995 -64.69691 0.37401 0.17539 115.87703 19.61874 -69.40392 0.4493 8.342e+12 3.923e+12
75 82 2.7163e+13 509.40 488.56 706.064 231.128 145 27.65818 29.02002 63.56885 157.58 -49.32 -52.25 2.478e+14 2.961e+14 7.571e+13 0.03221 231.12843 2.7163e+13 2.9879e+13 2.0221e+13 6.6398e+12 4.8289e+12 68.69904 5.17 0.04419 0.49077 0.31875 -76.71777 6.20216 104.95440 0.66940 0.42136 -35.03036 30.44763 63.39337 0.6488 3.706e+13 3.712e+13
76 83 1.1469e+13 383.25 297.80 529.693 165.896 60 28.62099 28.67502 63.60118 -180.86 108.54 -316.44 1.071e+12 1.139e+14 -8.102e+12 0.04629 165.89600 1.1469e+13 1.2978e+13 6.3380e+12 3.3199e+12 0.0000e+00 36.12935 18.63 0.05398 0.66846 0.35100 -48.90332 -6.15414 126.74191 0.59305 0.14427 53.06964 27.21156 67.88728 0.4507 1.095e+13 1.358e+13
77 84 3.0483e+13 525.58 519.81 733.731 278.440 179 34.47063 14.55326 42.84972 511.90 191.78 -199.57 -2.080e+14 6.580e+13 1.733e+14 0.02098 278.44009 3.0483e+13 3.3199e+13 2.3239e+13 1.3581e+13 4.8289e+12 117.27834 10.52 0.02582 0.67559 0.31264 51.77762 141.48141 31.41489 0.46713 0.29242 -27.85870 117.93709 38.88238 0.5999 3.150e+13 4.557e+13
78 85 2.4145e+12 226.62 168.97 315.108 109.103 76 36.12210 15.89251 43.12144 291.07 -40.37 -634.51 2.809e+12 -6.651e+12 1.161e+13 0.05523 109.10271 2.4145e+12 3.6217e+12 1.5090e+12 0.0000e+00 0.0000e+00 134.31512 25.38 0.08671 0.46020 0.03429 20.44855 71.35065 152.98921 0.00000 0.00000 0.00000 0.00000 0.00000 0.5469 7.535e+12 4.225e+12
79 142 3.9235e+12 272.90 221.56 370.462 94.049 65 67.31909 25.35734 13.89245 87.33 -37.48 -23.34 -3.707e+13 -2.102e+13 1.357e+13 0.08191 94.04901 3.9235e+12 4.2253e+12 3.0181e+12 0.0000e+00 0.0000e+00 61.37880 12.80 0.12629 0.72732 0.16217 -25.04525 139.27536 159.45564 0.00000 0.00000 0.00000 0.00000 0.00000 0.6108 8.432e+12 3.923e+12
80 147 1.3883e+13 420.95 404.61 564.524 128.393 125 66.60856 25.70603 15.65463 100.53 -98.43 -136.51 1.694e+13 -8.035e+13 -2.870e+13 0.02318 128.39291 1.3883e+13 1.4487e+13 1.1167e+13 6.0361e+12 2.1127e+12 29.95996 0.00 0.02990 0.84558 0.58727 97.59787 -3.05973 -67.42712 0.69440 0.61423 -3.09801 77.36861 3.33605 0.6287 1.589e+13 1.298e+13
81 93 8.4506e+12 366.90 333.26 478.427 88.280 44 44.79419 30.38409 73.93568 118.41 -128.98 -28.83 -1.383e+14 3.401e+12 6.968e+13 0.09287 88.28010 8.4506e+12 9.3560e+12 7.5452e+12 3.9235e+12 0.0000e+00 41.39958 19.88 0.12174 0.43014 0.25714 42.06226 -24.11103 102.20351 0.52698 0.14697 53.31799 -28.12417 49.24212 0.6210 8.115e+12 6.338e+12
82 94 1.5392e+13 514.14 482.33 584.278 52.876 74 46.13581 30.37660 73.35905 -167.53 -73.02 -129.44 1.090e+14 2.903e+12 4.641e+13 0.03148 52.87569 1.5392e+13 1.5694e+13 1.5090e+13 1.2072e+13 5.1307e+12 34.73244 0.00 0.03430 0.88890 0.79001 36.34127 80.03593 33.05488 0.65927 0.32230 36.60287 43.94284 62.52923 0.6125 1.752e+13 8.149e+12
83 95 1.5694e+13 440.53 406.83 588.072 128.794 55 42.97998 29.99695 74.81413 392.05 129.22 -254.34 3.028e+13 1.627e+14 -1.053e+14 0.04573 128.79388 1.5694e+13 1.8712e+13 1.4185e+13 7.5452e+12 2.1127e+12 58.98454 13.43 0.05497 0.39465 0.36911 106.90969 75.49744 12.84860 0.72003 0.25737 60.50402 43.84171 22.89703 0.5821 1.821e+13 1.509e+13
84 96 9.3560e+12 398.02 311.47 494.937 68.791 69 43.53486 30.25880 74.75859 7.20 -91.32 -376.84 4.468e+13 -4.829e+13 4.755e+13 0.04874 68.79066 9.3560e+12 9.6578e+12 9.0542e+12 4.5271e+12 0.0000e+00 35.04986 0.00 0.05386 0.85048 0.41379 99.25876 -43.38941 -74.29575 0.55969 0.31783 -59.84205 31.34783 82.24656 0.4769 9.673e+12 5.131e+12
85 97 4.7987e+13 627.78 647.16 853.549 195.852 237 86.37302 14.31382 0.26755 -121.82 49.22 127.01 -1.768e+14 -2.363e+14 1.184e+14 0.01126 220.05815 4.8289e+13 5.0704e+13 4.1348e+13 2.5352e+13 1.0261e+13 124.23306 33.79 0.01383 0.51229 0.34800 123.02155 -15.29967 -65.88036 0.54263 0.32752 93.18163 -20.39427 -50.46209 0.6309 4.333e+13 4.406e+13
86 86 5.4325e+13 714.78 695.08 889.584 127.563 236 65.50417 64.38120 39.64439 -90.28 30.05 270.51 -3.536e+14 -9.924e+14 4.333e+14 0.03671 124.21807 5.4325e+13 5.6438e+13 4.7987e+13 3.5311e+13 1.5392e+13 52.40485 53.10 0.04029 0.85910 0.68879 11.67606 10.78542 127.35395 0.84511 0.51922 84.42999 42.30601 48.63630 0.5922 5.067e+13 3.592e+13
87 98 5.1307e+13 710.57 736.56 872.796 121.217 231 39.43672 5.06955 5.58111 -46.24 304.04 -32.09 1.967e+14 -1.683e+15 1.844e+15 0.08111 113.68915 5.1307e+13 5.6438e+13 4.6780e+13 3.3802e+13 1.6298e+13 58.62235 85.96 0.09744 0.72515 0.39864 -57.92808 48.69331 103.54050 0.67947 0.33488 -53.75150 33.11201 86.49893 0.6714 4.807e+13 3.380e+13
88 89 7.2434e+12 327.57 288.21 454.465 151.102 91 26.61956 11.58596 42.46822 401.17 -46.35 89.54 8.752e+13 1.580e+13 -7.666e+12 0.05415 151.10153 7.2434e+12 7.5452e+12 4.8289e+12 0.0000e+00 0.0000e+00 43.98221 17.28 0.09074 0.36098 0.02239 234.81145 -36.48045 -6.69752 0.00000 0.00000 0.00000 0.00000 0.00000 0.6886 1.136e+13 8.752e+12
89 91 3.3199e+12 259.40 162.45 350.397 84.883 40 28.80473 11.30917 41.99685 314.15 352.05 -190.48 1.431e+13 -3.644e+12 -1.739e+13 0.06593 84.88308 3.3199e+12 3.3199e+12 2.4145e+12 6.0361e+11 0.0000e+00 51.14687 0.00 0.08513 0.87606 0.48632 55.60366 -75.52847 76.91850 0.00000 0.00000 0.00000 0.00000 0.00000 0.4102 6.213e+12 3.320e+12
90 92 2.4145e+12 227.14 230.59 315.108 104.667 35 30.78329 11.38271 41.83985 238.27 428.13 -52.07 -1.331e+13 -5.656e+12 1.171e+13 0.05817 104.66733 2.4145e+12 3.3199e+12 9.0542e+11 3.0181e+11 0.0000e+00 103.02415 73.61 0.11803 0.78898 0.45308 160.17511 7.20390 35.01896 0.00000 0.00000 0.00000 0.00000 0.00000 1.2868 5.402e+12 3.923e+12
91 -1 6.0361e+12 319.36 223.30 427.668 96.107 34 69.84646 36.46170 55.41658 -110.22 196.50 -80.11 -9.969e+12 -7.993e+11 3.180e+12 0.01389 96.10706 6.0361e+12 6.0361e+12 5.1307e+12 2.4145e+12 0.0000e+00 62.99904 18.22 0.01445 0.83852 0.51532 62.17115 -35.75061 99.07433 0.45268 0.34786 -19.37422 88.23817 -56.23340 0.3498 5.476e+12 5.131e+12
92 109 4.2253e+13 650.84 668.16 818.099 123.816 193 69.44022 37.90167 55.43340 -50.38 -278.49 -21.14 -6.152e+14 7.149e+14 1.559e+13 0.04298 120.66391 4.2253e+13 4.4667e+13 3.5010e+13 2.6559e+13 1.3280e+13 35.82451 19.80 0.05072 0.60477 0.55180 25.76057 100.24790 -55.31264 0.47329 0.33735 22.06513 80.62492 -45.17105 0.6458 3.758e+13 2.807e+13
93 101 4.2555e+13 610.62 613.93 820.042 226.193 223 52.69321 44.13813 44.46130 -4.53 -252.90 51.08 -5.876e+14 5.251e+14 -5.490e+14 0.04114 188.74213 4.2555e+13 4.5573e+13 3.5915e+13 2.2636e+13 5.4325e+12 78.26816 40.43 0.05103 0.40778 0.28598 -16.51791 -71.47737 135.19005 0.49013 0.39999 -4.45121 -39.44425 93.34442 0.6289 3.876e+13 4.557e+13
94 42 1.9316e+13 494.32 476.15 630.216 100.883 127 66.67642 84.42048 46.51416 111.11 -48.80 -71.70 8.503e+13 3.450e+13 8.673e+13 0.01848 100.88300 1.9316e+13 2.1127e+13 1.3581e+13 8.4506e+12 5.7343e+12 87.78648 13.02 0.02503 0.52187 0.42549 -13.61032 64.21909 96.16866 0.75472 0.67001 13.25990 32.08364 66.92053 0.6745 1.832e+13 1.026e+13
95 41 1.2676e+13 436.73 342.93 547.662 79.711 94 65.76469 86.02803 45.18095 225.96 -69.00 102.10 8.047e+13 -3.190e+13 2.320e+13 0.03588 79.71145 1.2676e+13 1.5090e+13 1.0563e+13 8.1488e+12 1.8108e+12 63.69852 14.13 0.03584 0.77125 0.56420 -36.97287 109.77023 -2.31082 0.90583 0.39798 71.01984 57.30537 2.34703 0.4221 1.353e+13 8.149e+12
96 103 5.7645e+13 700.46 669.73 907.348 286.578 203 79.47485 85.73832 5.13199 -37.88 205.62 172.14 4.348e+14 -1.097e+14 2.242e+14 0.01335 160.27409 5.7645e+13 5.8852e+13 5.3722e+13 2.6559e+13 7.8470e+12 97.70689 76.01 0.01607 0.52401 0.33963 139.89131 -17.88033 -93.59435 0.54285 0.33312 80.35232 -6.13512 -74.17309 0.6092 5.444e+13 6.097e+13
97 77 4.7686e+13 632.78 628.37 851.756 335.939 209 89.77258 34.70590 66.02809 -64.01 -221.39 -239.52 -5.782e+14 -1.791e+14 -2.763e+13 0.02319 199.98026 4.7686e+13 4.8893e+13 4.3158e+13 2.3843e+13 9.3560e+12 75.83364 28.13 0.02663 0.77063 0.48673 -56.65369 -14.38783 113.17461 0.64384 0.39934 -51.59592 -2.63606 77.13471 0.5859 4.355e+13 5.433e+13
98 104 2.5352e+13 544.28 537.93 690.011 106.851 160 78.35234 74.17141 55.79946 -464.50 -186.17 -268.33 -1.381e+13 -2.444e+14 -3.220e+13 0.02587 106.85136 2.5352e+13 2.6559e+13 2.2334e+13 1.6298e+13 4.5271e+12 57.48698 0.00 0.03111 0.75684 0.49905 110.61024 -31.02977 -36.27437 0.43178 0.41544 65.06119 -40.19251 -56.08453 0.6330 2.435e+13 1.871e+13
99 105 2.1127e+12 215.66 210.15 301.390 118.139 48 80.92673 73.53410 54.96632 -634.41 -41.26 64.37 5.908e+12 1.057e+13 -5.027e+11 0.02510 118.13882 2.1127e+12 2.4145e+12 1.5090e+12 3.0181e+11 0.0000e+00 66.18364 53.99 0.09606 0.68343 0.18696 -65.29507 78.87178 -38.25431 0.00000 0.00000 0.00000 0.00000 0.00000 1.0777 3.551e+12 3.923e+12
100 20 2.7163e+13 525.62 528.38 706.064 162.849 169 76.07233 4.13864 31.81694 -535.56 -44.77 -286.78 -1.748e+14 6.854e+13 2.506e+14 0.02247 162.84914 2.7163e+13 2.9275e+13 2.4446e+13 7.8470e+12 0.0000e+00 114.68926 0.00 0.03516 0.85476 0.46866 -66.08914 137.10330 75.96065 0.26283 0.02160 125.68947 -65.45319 -7.04619 0.7318 2.556e+13 2.565e+13
101 114 3.5613e+13 599.38 604.18 772.782 193.709 177 1.46611 19.42764 53.02169 -212.69 321.94 -157.60 -1.053e+14 -4.294e+14 2.582e+14 0.03002 132.48637 3.5613e+13 3.7122e+13 3.3501e+13 2.2636e+13 6.9416e+12 57.42968 10.02 0.03661 0.59341 0.22471 -9.88751 132.83839 41.03264 0.57934 0.20782 -20.82553 98.99699 45.04111 0.6416 3.346e+13 3.561e+13
102 110 4.1046e+13 606.01 572.44 810.232 234.020 190 37.70460 10.77456 9.13165 -160.23 293.98 -61.79 6.232e+14 -6.436e+14 4.181e+14 0.05116 179.68288 4.1046e+13 4.1649e+13 3.4406e+13 2.0523e+13 9.0542e+12 67.43663 25.34 0.05579 0.43943 0.35878 -84.53389 14.73206 108.77415 0.34343 0.30664 -58.56950 23.85524 91.46054 0.5361 3.757e+13 4.497e+13
103 125 3.1992e+13 610.27 586.61 745.644 151.555 183 90.13175 91.45437 23.05218 -49.63 393.22 -24.43 7.469e+13 8.959e+13 1.704e+14 0.01589 94.53096 3.1992e+13 3.2293e+13 3.1086e+13 2.3239e+13 7.2434e+12 78.33429 23.30 0.01765 0.70180 0.57445 -8.40635 50.36178 115.18724 0.56643 0.47577 -1.55741 30.25827 91.85572 0.6013 3.446e+13 3.078e+13
104 116 2.4748e+13 540.01 555.99 684.491 105.891 168 46.86700 93.76011 76.36477 252.02 34.30 59.33 9.493e+13 -3.146e+12 -8.822e+13 0.01339 105.89081 2.4748e+13 2.8068e+13 2.3239e+13 1.5392e+13 4.8289e+12 88.05595 0.00 0.01700 0.70760 0.44925 112.05854 -19.20100 -61.96008 0.59259 0.49249 84.67574 -36.00488 -44.06932 0.6760 2.401e+13 1.690e+13
105 70 3.1992e+13 548.26 551.37 745.644 240.140 152 87.02306 51.07224 69.88152 -181.57 -444.69 -261.23 -5.604e+13 6.688e+13 -2.327e+14 0.01713 192.80191 3.1992e+13 3.2897e+13 2.7163e+13 1.8108e+13 4.2253e+12 118.70280 6.87 0.02125 0.60385 0.46988 5.03870 110.86641 -92.72002 0.86980 0.42888 8.65799 89.21787 -53.00372 0.6226 2.818e+13 3.501e+13
106 111 3.6519e+13 587.95 577.90 779.276 182.646 149 78.45369 25.11497 79.34805 -190.78 -230.82 -19.21 -5.591e+14 -6.750e+14 -8.744e+13 0.05016 161.44125 3.6519e+13 3.8330e+13 3.3199e+13 2.0825e+13 1.8108e+12 74.03053 45.70 0.06040 0.61565 0.43157 -100.88128 12.55495 126.64752 0.51183 0.41171 -46.51890 -11.06675 110.61402 0.6082 3.385e+13 3.501e+13
107 107 3.2595e+13 591.47 571.65 750.305 77.742 174 39.15773 83.79034 96.26370 228.49 187.91 48.99 -2.556e+14 -5.397e+13 3.866e+13 0.01941 116.60864 3.2595e+13 3.4104e+13 2.9275e+13 1.9617e+13 8.1488e+12 47.97129 15.65 0.02188 0.84423 0.52656 73.62552 -68.00330 60.08418 0.65662 0.46420 72.19209 -43.25539 42.61585 0.5911 3.060e+13 1.509e+13
108 198 9.6578e+12 438.02 321.85 500.203 46.226 61 59.40884 0.69990 63.36779 151.76 -14.68 160.18 6.946e+13 4.652e+13 1.673e+13 0.05378 46.22576 9.6578e+12 9.6578e+12 8.1488e+12 5.7343e+12 3.9235e+12 22.40029 0.00 0.05365 0.75653 0.44838 66.76418 40.83019 34.92465 0.85420 0.62446 41.62493 24.35287 43.40140 0.4484 9.391e+12 4.225e+12
109 154 2.5352e+13 534.48 506.86 690.011 119.280 110 58.11178 0.46501 67.21143 291.81 53.23 -42.75 2.673e+14 2.133e+14 -1.718e+13 0.03899 119.27985 2.5352e+13 2.5955e+13 2.3239e+13 1.5090e+13 6.9416e+12 15.51739 6.30 0.04314 0.90815 0.50893 -26.06588 -30.21875 97.00742 0.95396 0.49049 32.28725 33.18855 63.66392 0.5655 2.359e+13 1.841e+13
110 40 2.5955e+13 543.92 520.41 695.445 113.252 170 67.46964 81.82734 47.21321 -10.56 87.10 -170.12 9.331e+13 1.139e+14 2.058e+14 0.02718 113.25220 2.5955e+13 2.7766e+13 2.4748e+13 1.6901e+13 4.8289e+12 20.20927 0.00 0.03066 0.86220 0.53961 -40.16382 119.78191 23.64960 0.57656 0.39379 -45.82345 96.01162 -0.02635 0.5761 2.651e+13 1.901e+13
111 119 2.2334e+13 534.25 462.88 661.465 89.830 168 66.41045 93.02943 27.38148 176.61 282.75 51.11 1.599e+13 -2.735e+13 -1.366e+14 0.02101 89.83027 2.2334e+13 2.5050e+13 1.8410e+13 1.4789e+13 5.7343e+12 37.14412 0.00 0.02182 0.89942 0.45846 37.12406 94.71167 4.28752 0.79962 0.37983 18.23122 79.04455 24.12721 0.5133 2.752e+13 1.479e+13
112 130 3.3501e+13 555.28 525.70 757.188 275.045 168 52.08939 40.28486 48.36596 114.98 -269.63 -103.95 -7.375e+14 3.282e+14 -2.524e+14 0.05879 201.19116 3.3501e+13 3.4406e+13 2.8974e+13 1.8108e+13 2.7163e+12 24.53147 6.47 0.06696 0.38473 0.25743 -59.40529 -9.49259 142.59416 0.22349 0.07018 -52.62913 -11.49235 101.46194 0.5487 3.031e+13 3.833e+13
113 117 2.1428e+13 557.74 505.47 652.403 67.085 108 29.99796 24.14096 15.43044 261.81 -437.83 56.74 -1.340e+14 -2.333e+13 1.674e+13 0.02018 67.08484 2.1428e+13 2.2032e+13 1.8712e+13 1.2676e+13 7.8470e+12 25.61530 0.00 0.02285 0.52073 0.36121 117.72421 -20.42063 -32.27087 0.56801 0.50176 90.69775 -14.53110 -13.26751 0.6010 2.025e+13 9.658e+12
114 118 7.8470e+12 365.65 295.31 466.753 75.271 58 32.65451 23.91540 16.66537 91.17 -398.78 -57.23 1.811e+13 8.986e+12 2.209e+13 0.02149 75.27065 7.8470e+12 8.7524e+12 7.5452e+12 1.8108e+12 0.0000e+00 50.07024 0.00 0.02664 0.29411 0.12410 225.67645 -2.20219 65.13608 0.82331 0.25557 19.18512 57.21053 -45.10558 0.5450 8.144e+12 5.131e+12
115 121 3.1690e+13 603.51 586.45 743.292 110.811 162 61.44975 27.33740 87.00439 293.50 -278.38 95.97 -1.409e+14 -3.665e+14 -6.476e+13 0.03040 98.18275 3.1992e+13 3.2293e+13 2.8672e+13 1.8108e+13 1.0261e+13 29.94861 11.54 0.03457 0.87189 0.51324 -14.30557 -8.42974 116.34737 0.83246 0.53016 50.93786 -37.15819 64.15855 0.6127 2.944e+13 2.113e+13
116 112 2.4145e+12 230.46 291.04 315.108 86.188 56 61.45588 9.35349 87.25395 110.18 111.65 195.92 1.191e+13 1.091e+12 -7.150e+12 0.07222 86.18799 2.4145e+12 3.3199e+12 3.0181e+11 3.0181e+11 0.0000e+00 194.61032 0.00 0.08838 0.31856 0.08029 63.79930 51.72686 67.91468 0.00000 0.00000 0.00000 0.00000 0.00000 1.8995 7.856e+12 2.716e+12
117 113 1.4789e+13 434.08 364.62 576.539 121.351 104 62.54592 9.73952 89.00958 97.64 168.61 -27.48 -4.243e+13 -1.201e+14 1.772e+14 0.05847 121.35072 1.4789e+13 1.5392e+13 8.7524e+12 5.1307e+12 3.6217e+12 49.71458 10.31 0.06751 0.38326 0.28518 81.84343 -6.41300 -78.76297 0.65737 0.38648 -54.26348 2.14679 54.50875 0.5086 1.554e+13 9.960e+12
118 153 1.3581e+13 446.23 402.91 560.403 82.236 106 96.20181 96.38732 92.79801 80.30 559.53 419.31 4.066e+13 9.588e+12 4.303e+13 0.01938 82.23595 1.3581e+13 1.3883e+13 1.2072e+13 8.7524e+12 2.4145e+12 53.34233 15.79 0.02138 0.51325 0.35727 93.81262 37.53206 17.41590 0.36587 0.16389 76.11191 39.20946 22.23703 0.5493 1.512e+13 8.752e+12
119 217 4.8289e+12 344.05 244.40 397.011 38.409 53 97.25037 98.07370 93.64335 62.83 399.12 283.97 -1.429e+13 -3.184e+13 1.441e+13 0.07149 38.40874 4.8289e+12 6.6398e+12 4.2253e+12 3.9235e+12 0.0000e+00 65.56921 45.61 0.07543 0.91167 0.53921 -21.39878 72.29690 -49.94043 0.11969 0.00000 53.24460 55.97584 17.99308 0.4570 8.148e+12 1.811e+12
120 122 2.9879e+13 579.01 557.28 728.855 108.374 155 81.82421 29.71143 66.91561 -54.46 -75.77 -24.37 4.926e+14 -3.863e+14 1.841e+14 0.05662 108.37389 2.9879e+13 3.0483e+13 2.8974e+13 2.1127e+13 3.0181e+12 47.34911 0.00 0.06251 0.83861 0.71733 111.48733 57.60176 -55.08805 0.77147 0.51945 85.06696 34.61924 -64.14291 0.5829 3.088e+13 2.113e+13
121 126 2.7163e+13 548.05 532.72 706.064 120.473 153 57.50568 29.66733 28.84865 76.88 -122.12 579.30 1.300e+14 -1.897e+14 1.188e+14 0.02311 120.47318 2.7163e+13 2.8370e+13 2.2334e+13 1.3581e+13 6.0361e+12 64.56401 0.00 0.02906 0.50167 0.37400 105.55416 101.12498 -60.89036 0.58891 0.46529 41.39280 90.87218 -17.96426 0.6429 2.400e+13 1.871e+13
122 127 2.3843e+13 533.81 518.61 676.039 104.054 153 81.08688 15.74279 2.04180 -223.93 213.51 -10.71 -5.799e+13 -8.752e+13 2.341e+13 0.01244 104.05435 2.4446e+13 2.5050e+13 1.9316e+13 1.2978e+13 6.3380e+12 38.59999 0.37 0.01501 0.73347 0.55172 85.66033 -71.78802 27.60161 0.72929 0.45894 64.93945 -61.29331 34.75219 0.6284 2.378e+13 1.539e+13
123 128 2.4446e+13 524.44 490.55 681.697 123.168 137 75.69868 30.45819 8.62858 -365.65 -462.29 -165.67 1.081e+14 5.586e+14 -1.391e+13 0.05800 123.16793 2.4446e+13 2.4748e+13 2.1127e+13 1.5694e+13 0.0000e+00 70.55113 1.34 0.07618 0.17765 0.12216 57.98098 34.34030 181.72375 0.12375 0.03582 22.04428 16.15227 106.59673 0.6456 2.178e+13 1.901e+13
124 115 3.0181e+13 561.45 593.00 731.301 133.946 144 90.21381 12.78502 99.54270 -133.35 405.01 206.91 -1.717e+14 2.269e+13 2.706e+14 0.02272 133.94603 3.0181e+13 3.0483e+13 2.6257e+13 1.7203e+13 7.5452e+12 85.69540 0.00 0.03027 0.70468 0.47217 122.24035 -1.69833 -1.58377 0.78282 0.48841 85.90081 -17.46556 -22.14164 0.6961 2.728e+13 2.233e+13
125 129 2.4145e+13 535.42 517.27 678.880 105.217 144 38.96832 52.03210 42.60525 329.01 -140.88 -54.29 6.524e+13 -1.455e+14 1.329e+14 0.02379 105.21692 2.4145e+13 2.4748e+13 2.0523e+13 1.3280e+13 6.6398e+12 52.52742 0.00 0.02836 0.91909 0.58870 34.26606 11.34865 101.76208 0.65908 0.53033 29.42448 8.42257 77.98209 0.6212 2.435e+13 1.479e+13
126 133 8.1488e+12 445.46 319.99 472.662 32.354 42 42.26477 1.76547 23.62399 533.26 338.62 -14.13 4.649e+13 -3.860e+13 4.041e+13 0.06296 32.35402 8.1488e+12 9.3560e+12 7.5452e+12 5.7343e+12 3.9235e+12 40.07875 0.00 0.06072 0.91678 0.52861 59.89131 53.53490 20.86966 0.80448 0.52269 30.14878 58.03874 10.59686 0.4540 1.022e+13 3.320e+12
127 132 2.4145e+13 491.80 491.86 678.880 208.859 80 42.76336 1.83538 23.41646 87.43 345.37 126.23 8.645e+13 -5.540e+13 3.600e+13 0.01131 208.85858 2.4145e+13 2.4748e+13 2.0523e+13 1.1167e+13 3.6217e+12 144.95813 0.00 0.01487 0.25055 0.18235 161.34196 16.52389 -64.74201 0.50187 0.29531 87.39568 3.57961 -10.82405 0.6486 2.126e+13 2.686e+13
128 131 2.4748e+13 518.60 473.35 684.491 137.482 120 38.33858 26.84294 49.97800 473.82 -175.86 -151.14 -2.064e+14 9.725e+13 -3.632e+13 0.02792 137.48210 2.4748e+13 2.5050e+13 2.1127e+13 1.4789e+13 4.5271e+12 56.78012 0.00 0.03030 0.84673 0.69558 -65.16359 86.30199 50.08289 0.91511 0.48121 42.79795 84.98532 13.14164 0.5285 2.198e+13 2.022e+13
129 123 2.0523e+13 523.99 506.73 643.081 83.405 106 96.00201 28.97611 64.31271 -91.23 141.55 146.79 -5.518e+12 -2.478e+14 7.714e+13 0.04031 83.40491 2.0523e+13 2.3843e+13 1.7505e+13 1.4185e+13 4.8289e+12 24.42354 0.00 0.04651 0.61940 0.34874 53.64722 34.09105 91.10624 0.74277 0.28168 41.42661 27.65699 73.69286 0.6183 2.000e+13 1.328e+13
130 124 4.8289e+12 314.09 231.30 397.011 60.434 32 97.37254 31.83632 63.73668 -288.01 -87.33 169.15 -2.587e+13 2.524e+13 3.252e+12 0.05881 60.43416 4.8289e+12 4.8289e+12 4.5271e+12 0.0000e+00 0.0000e+00 23.83048 0.00 0.07251 0.89688 0.47981 27.53256 112.58974 -80.89893 0.00000 0.00000 0.00000 0.00000 0.00000 0.4987 5.080e+12 2.716e+12
131 -1 6.0361e+11 154.42 0.00 198.506 33.405 137 96.49662 37.33807 62.77879 -563.19 -238.58 -93.69 7.982e+12 4.579e+12 1.393e+12 1.81329 33.40515 6.0361e+11 6.0361e+11 6.0361e+11 0.0000e+00 0.0000e+00 134.68076 743.48 0.59503 0.00000 0.00000 0.00000 0.00000 0.00000 0.00000 0.00000 0.00000 0.00000 0.00000 0.0000 9.171e+12 0.000e+00
132 135 1.3280e+13 460.27 414.63 556.221 66.733 100 41.61326 21.77387 14.18189 -13.16 -254.20 178.39 1.057e+14 -8.975e+13 -3.679e+13 0.04637 66.73304 1.3280e+13 1.5090e+13 1.1469e+13 9.3560e+12 2.7163e+12 55.76361 17.81 0.05309 0.83433 0.54321 82.16844 38.88775 47.50676 0.47915 0.27434 70.66851 52.33900 27.39587 0.5884 1.339e+13 7.545e+12
133 -1 3.6217e+12 260.52 251.19 360.709 116.036 36 42.88057 22.37791 14.36337 -195.74 -324.79 3.08 1.597e+13 -2.353e+13 -1.095e+13 0.03435 116.03648 4.8289e+12 4.2253e+12 1.8108e+12 0.0000e+00 0.0000e+00 61.55320 0.00 0.09833 0.73335 0.04260 18.27819 195.51730 107.91245 0.00000 0.00000 0.00000 0.00000 0.00000 0.8732 5.221e+12 5.433e+12
134 141 1.5996e+13 523.88 482.01 591.818 52.212 125 41.75332 29.19097 50.75757 260.38 -282.72 -265.30 -1.526e+14 -1.346e+14 1.019e+14 0.05709 52.21168 1.5996e+13 1.6901e+13 1.5090e+13 1.1469e+13 4.5271e+12 40.29704 0.00 0.06176 0.81576 0.64727 -23.75447 89.23963 48.85722 0.96531 0.72915 -0.53356 69.66451 50.29166 0.6036 1.776e+13 8.149e+12
135 138 1.9014e+13 508.03 486.27 626.917 83.661 124 2.74495 1.81358 0.88393 -131.09 523.01 -19.06 -5.396e+13 -1.480e+14 -1.890e+14 0.04586 83.66109 1.9014e+13 1.9919e+13 1.7203e+13 1.2676e+13 5.1307e+12 69.92700 0.00 0.05007 0.74480 0.54340 21.19939 -56.20897 92.99397 0.80043 0.50034 14.27074 -4.82585 89.31525 0.5781 1.821e+13 1.237e+13
136 136 2.2937e+13 512.78 476.50 667.371 121.580 108 99.26011 25.09951 71.10152 -362.33 50.53 81.38 -1.058e+14 6.305e+13 -2.470e+14 0.03262 121.58028 2.3541e+13 2.4748e+13 1.7807e+13 8.7524e+12 5.7343e+12 115.52277 11.24 0.04108 0.52737 0.31256 -22.89797 -36.17204 97.90646 0.64070 0.39236 -36.99074 -29.18611 52.45737 0.6149 2.119e+13 1.449e+13
137 43 4.2253e+12 275.97 230.85 379.728 111.957 62 65.44823 86.64945 53.17853 239.00 76.14 -279.73 1.662e+13 2.209e+13 -7.135e+12 0.04000 111.95695 4.2253e+12 4.8289e+12 2.7163e+12 3.0181e+11 0.0000e+00 108.52230 38.63 0.07126 0.45224 0.07262 105.90853 70.43850 24.28958 0.00000 0.00000 0.00000 0.00000 0.00000 0.7010 5.656e+12 5.131e+12
138 150 2.7766e+13 593.76 551.49 711.255 81.754 113 25.73717 58.01637 25.67977 264.67 -106.16 163.21 4.897e+13 -1.306e+14 1.033e+13 0.01372 81.75383 2.7766e+13 2.8370e+13 2.5654e+13 1.6599e+13 9.0542e+12 17.78485 0.00 0.01514 0.60120 0.46579 -70.34168 -48.05858 97.22608 0.79538 0.65312 -51.57744 -41.19531 58.34241 0.5872 2.673e+13 1.388e+13
139 155 2.0825e+13 494.83 478.90 646.218 120.469 112 78.72488 10.36880 62.36373 -148.61 179.78 -22.39 -1.426e+13 2.317e+13 8.502e+13 0.01337 120.46933 2.0825e+13 2.3239e+13 1.9316e+13 1.0865e+13 5.1307e+12 45.53764 0.00 0.01561 0.65978 0.49875 81.39642 -63.72049 -17.20273 0.57360 0.33448 -35.08948 69.65528 7.02424 0.5926 1.981e+13 1.630e+13
140 144 2.7163e+12 243.40 204.40 327.726 77.136 65 32.61128 16.26255 11.36590 30.85 4.79 -126.81 1.513e+13 1.503e+13 4.587e+12 0.05777 77.13622 2.7163e+12 4.8289e+12 1.8108e+12 0.0000e+00 0.0000e+00 110.82100 0.00 0.11372 0.31164 0.09974 53.88537 -69.95483 172.96684 0.00000 0.00000 0.00000 0.00000 0.00000 0.7155 7.957e+12 2.716e+12
141 143 3.9235e+12 272.39 160.28 370.462 95.807 111 95.25900 28.12802 70.36443 -91.80 -85.39 -167.90 -5.138e+12 -3.787e+12 -1.218e+13 0.03076 95.80743 3.9235e+12 4.8289e+12 1.2072e+12 0.0000e+00 0.0000e+00 44.70520 22.46 0.03883 0.38412 0.05850 -37.59302 -96.23186 101.68346 0.00000 0.00000 0.00000 0.00000 0.00000 0.3774 1.199e+13 3.923e+12
142 148 6.0361e+11 169.40 0.00 198.506 20.579 40 68.53548 82.69749 43.40568 -295.13 88.25 47.62 0.000e+00 0.000e+00 0.000e+00 0.00000 20.57880 6.0361e+11 6.0361e+11 6.0361e+11 3.0181e+11 0.0000e+00 93.50031 0.00 0.00000 0.00000 0.00000 0.00000 0.00000 0.00000 0.00000 0.00000 0.00000 0.00000 0.00000 0.0000 3.693e+12 0.000e+00
143 149 6.0361e+11 144.64 0.00 198.506 56.671 71 69.39127 85.60268 41.26488 -370.68 43.71 114.74 2.025e+12 -2.475e+11 -9.699e+11 0.07792 56.67099 6.0361e+11 6.0361e+11 0.0000e+00 0.0000e+00 0.0000e+00 165.12041 83.81 0.14444 0.00000 0.00000 0.00000 0.00000 0.00000 0.00000 0.00000 0.00000 0.00000 0.00000 0.0000 6.180e+12 6.036e+11
144 145 1.3280e+13 452.82 406.16 556.221 72.465 51 71.97607 79.33379 17.41657 -229.32 260.23 89.94 3.172e+13 6.968e+12 -1.003e+13 0.01218 72.46475 1.3280e+13 1.3280e+13 1.2374e+13 9.3560e+12 2.7163e+12 25.72528 0.00 0.01258 0.55632 0.30792 27.21199 101.65333 26.62950 0.59051 0.32132 16.35034 83.75125 21.58467 0.5221 1.382e+13 8.451e+12
145 146 9.9596e+12 490.44 430.62 505.360 30.943 60 72.92974 80.86839 18.41662 -293.10 83.80 -74.24 -7.400e+13 -2.174e+12 -4.945e+11 0.04389 30.94329 9.9596e+12 1.0261e+13 9.9596e+12 8.7524e+12 5.4325e+12 47.21545 0.00 0.04426 0.61483 0.50225 -54.76994 70.36720 3.16514 0.59581 0.45205 -48.74386 59.95132 -2.80138 0.5864 1.267e+13 3.923e+12
146 152 2.7464e+13 522.64 473.75 708.669 177.923 111 4.76796 12.25844 9.95843 -185.09 -188.14 -316.53 5.278e+13 -4.002e+13 6.457e+13 0.00913 177.92313 2.7464e+13 2.7766e+13 2.2937e+13 1.1469e+13 3.6217e+12 33.34279 0.93 0.01020 0.68396 0.37371 1.79746 16.88568 125.88335 0.70709 0.37326 31.48407 23.07268 83.93695 0.5211 2.437e+13 2.746e+13
147 156 2.2636e+13 484.00 464.04 664.431 190.328 108 22.58576 13.69263 29.69260 232.78 -9.83 24.64 -1.512e+14 2.202e+14 1.215e+14 0.03912 190.32848 2.2636e+13 2.3843e+13 1.8108e+13 1.0261e+13 5.1307e+12 77.93264 0.00 0.04465 0.80945 0.54777 4.90955 -13.17252 116.76244 0.93844 0.42343 -37.05615 -46.50729 57.69127 0.5530 2.077e+13 2.505e+13
148 161 2.1428e+13 548.15 510.09 652.403 72.715 104 56.40405 55.32739 25.59976 5.80 -67.88 269.59 -1.505e+14 1.174e+14 3.329e+14 0.05213 72.71495 2.1428e+13 2.2334e+13 1.9014e+13 1.1770e+13 7.5452e+12 88.07018 0.00 0.06398 0.73223 0.42760 -53.09299 104.59436 -34.84803 0.76049 0.52538 20.05580 69.34328 50.38675 0.6532 1.950e+13 1.056e+13
149 158 1.6901e+13 482.44 455.16 602.780 85.987 89 26.07342 38.34578 29.28185 275.92 -277.91 38.39 -6.382e+13 -7.687e+13 -3.117e+13 0.02306 85.98739 1.6901e+13 1.7203e+13 1.6298e+13 1.0563e+13 5.1307e+12 91.77609 0.00 0.02592 0.49843 0.28490 -19.92514 109.69098 51.15802 0.61205 0.40028 -41.64416 51.83199 51.47979 0.5940 1.677e+13 1.117e+13
150 160 7.2434e+12 336.09 313.31 454.465 111.182 62 14.89933 47.10460 54.15713 -112.84 -300.62 6.75 4.519e+13 5.224e+13 9.217e+13 0.08655 111.18244 7.2434e+12 8.4506e+12 5.4325e+12 3.6217e+12 1.5090e+12 65.15331 0.00 0.11707 0.45542 0.14312 -28.43003 87.98528 24.69993 0.41906 0.09684 -32.35215 74.29637 2.46851 0.6275 8.671e+12 7.243e+12
151 -1 4.5271e+12 289.77 208.91 388.562 88.296 38 15.97426 47.09424 54.00944 -183.04 -301.32 -35.55 8.494e+12 1.276e+13 1.332e+13 0.03591 88.29617 4.5271e+12 4.8289e+12 3.6217e+12 9.0542e+11 0.0000e+00 26.46651 27.72 0.04517 0.96348 0.46482 128.01340 -30.05993 37.81129 0.91778 0.76755 -18.11284 82.71185 -16.05107 0.4553 4.710e+12 4.225e+12
152 162 1.6901e+13 506.11 480.62 602.780 67.402 85 23.74143 31.82676 54.47231 211.49 -105.74 15.83 1.055e+14 -3.508e+13 2.978e+13 0.02668 67.40223 1.6901e+13 1.7203e+13 1.6298e+13 1.3280e+13 5.4325e+12 50.72274 0.00 0.02850 0.70215 0.44177 25.35684 -2.98998 112.14600 0.68698 0.43844 22.07152 0.67071 93.48577 0.5839 1.898e+13 9.960e+12
153 151 1.5694e+13 476.33 448.06 588.072 78.674 98 62.27015 75.96634 31.77579 -60.90 100.26 63.67 1.018e+14 9.340e+13 1.033e+14 0.04322 78.67386 1.5694e+13 1.6298e+13 1.4185e+13 1.0261e+13 5.1307e+12 62.54002 0.00 0.04834 0.58874 0.43563 -27.93181 90.93633 16.21531 0.45671 0.37859 -7.31538 77.35436 26.56702 0.5898 1.479e+13 9.658e+12
154 163 2.0221e+13 480.83 484.01 639.913 136.794 98 69.92645 25.70744 18.58558 -336.16 -32.57 -178.11 -9.525e+13 -5.375e+12 1.169e+14 0.02238 136.79448 2.0221e+13 2.0523e+13 1.8410e+13 1.0261e+13 3.9235e+12 90.06997 0.00 0.02771 0.52875 0.35564 87.28747 -55.25567 -68.17310 0.59617 0.45781 -25.19860 74.35248 12.88181 0.6343 1.900e+13 1.841e+13
155 166 1.1770e+13 456.16 414.62 534.299 55.277 97 2.69685 12.08075 8.88741 -92.79 -158.15 -143.43 6.582e+13 -6.954e+13 5.124e+13 0.04299 55.27702 1.1770e+13 1.4185e+13 1.0563e+13 8.7524e+12 1.8108e+12 94.89008 0.00 0.04914 0.70426 0.45376 -2.67558 -8.40744 105.32400 0.39556 0.34306 72.11238 12.33846 56.80981 0.6041 1.346e+13 6.338e+12
156 159 2.1730e+13 583.43 559.76 655.451 56.488 96 45.32567 86.06858 74.51487 255.96 314.94 40.41 1.098e+14 2.956e+13 -8.283e+13 0.02032 56.48787 2.1730e+13 2.1730e+13 2.0523e+13 1.5090e+13 9.3560e+12 39.51509 0.00 0.02291 0.89744 0.77421 79.13228 -37.86872 -32.66224 0.89326 0.53090 -37.33809 70.00487 12.74724 0.6539 2.308e+13 1.056e+13
157 157 1.5392e+13 491.73 411.46 584.278 64.613 95 85.14964 71.49000 10.18945 -318.90 220.63 113.93 -3.292e+13 9.070e+12 3.571e+13 0.01390 64.61274 1.5392e+13 1.7203e+13 1.3581e+13 8.4506e+12 5.4325e+12 50.63449 0.00 0.01430 0.70324 0.45621 90.31887 0.27825 29.56613 0.63673 0.46717 72.01479 17.63281 13.88425 0.5031 1.475e+13 7.847e+12
158 -1 9.0542e+11 186.38 81.64 227.232 28.496 51 78.48948 30.48750 64.11356 -49.60 9.12 -27.69 -3.575e+11 -5.934e+11 -4.231e+11 0.01002 28.49562 9.0542e+11 9.0542e+11 9.0542e+11 0.0000e+00 0.0000e+00 146.99361 0.00 0.02640 0.00000 0.00000 0.00000 0.00000 0.00000 0.00000 0.00000 0.00000 0.00000 0.00000 0.5584 5.435e+12 0.000e+00
159 164 1.7505e+13 472.72 429.37 609.872 104.986 93 53.67323 38.32091 52.54343 -216.67 29.44 -91.96 1.070e+14 6.988e+13 -4.977e+13 0.02935 104.98565 1.7505e+13 1.8108e+13 1.5694e+13 1.0563e+13 3.6217e+12 106.22856 0.00 0.03203 0.68005 0.53193 65.92307 15.23798 86.09387 0.98720 0.80525 29.24370 7.08134 74.47704 0.5342 1.617e+13 1.207e+13
160 69 1.9919e+13 546.97 468.64 636.714 64.052 92 86.95046 48.14282 70.87345 -13.05 -157.80 -210.03 2.423e+13 -1.189e+14 1.407e+14 0.03236 64.05157 1.9919e+13 2.0523e+13 1.8712e+13 1.5996e+13 0.0000e+00 40.42063 0.00 0.03499 0.88446 0.45082 16.08761 98.63574 97.01637 0.22365 0.12373 13.48386 98.87057 92.12585 0.5591 2.286e+13 9.054e+12
161 168 9.6578e+12 391.95 315.16 500.203 80.550 91 31.36752 65.32837 14.03925 296.43 -30.39 -77.90 -3.946e+12 -1.949e+13 6.231e+12 0.01197 80.54992 9.6578e+12 9.6578e+12 8.4506e+12 6.0361e+12 0.0000e+00 58.55347 0.00 0.01311 0.74021 0.53685 90.51190 44.26251 -63.92485 0.97846 0.30074 86.69721 -4.06711 -26.27571 0.4875 9.461e+12 7.243e+12
162 167 2.0221e+13 477.14 441.26 639.913 145.598 90 60.48534 83.07333 33.83618 347.13 -15.83 44.64 2.629e+13 2.690e+13 -2.399e+14 0.03734 145.59799 2.0221e+13 2.1127e+13 1.7505e+13 9.3560e+12 2.7163e+12 44.42118 0.00 0.04460 0.85904 0.76450 102.98315 -65.56367 13.99127 0.71530 0.31982 88.13151 -23.82067 -3.85721 0.5813 1.804e+13 1.841e+13
163 165 1.0261e+13 367.75 320.63 510.414 170.915 88 21.72829 0.79272 36.36467 164.34 441.83 3.40 -6.124e+13 -6.172e+13 3.036e+13 0.04469 170.91548 1.0261e+13 1.1167e+13 7.8470e+12 4.8289e+12 2.1127e+12 130.53702 0.00 0.05239 0.89135 0.65730 64.18246 -4.58131 84.97050 0.44028 0.17476 69.45390 -11.38395 -69.92593 0.5234 1.096e+13 1.388e+13
164 172 8.1488e+12 341.55 334.72 472.662 150.887 88 76.07394 31.84595 61.61673 152.76 -142.41 -49.40 -3.777e+12 6.081e+13 1.018e+13 0.02166 150.88683 8.1488e+12 8.4506e+12 4.8289e+12 0.0000e+00 0.0000e+00 140.58092 21.70 0.05160 0.11475 0.06697 -15.89638 -104.68775 220.94600 0.00000 0.00000 0.00000 0.00000 0.00000 0.8486 8.841e+12 1.026e+13
165 170 1.6298e+13 497.57 466.79 595.517 68.164 88 49.82343 53.91344 38.13610 633.18 -95.23 186.16 -1.080e+14 1.030e+13 -1.547e+13 0.02579 68.16444 1.6298e+13 1.7203e+13 1.5090e+13 1.2676e+13 5.1307e+12 57.55212 0.00 0.02882 0.88156 0.70758 -27.28999 85.61593 44.34517 0.71959 0.57705 -48.42978 62.34279 37.49098 0.6039 1.768e+13 9.054e+12
166 173 1.5392e+13 521.05 485.81 584.278 49.959 86 50.81053 63.70233 15.27800 151.97 -54.77 294.24 -3.745e+13 5.731e+13 2.872e+13 0.02062 49.95851 1.5392e+13 1.5996e+13 1.5090e+13 1.2978e+13 5.7343e+12 59.93161 0.00 0.02148 0.80329 0.71360 32.14521 18.25720 85.82829 0.73508 0.66371 10.61959 18.27957 80.75320 0.5961 1.955e+13 6.942e+12
167 195 1.1167e+13 380.27 334.18 525.005 161.850 85 53.25489 66.05730 18.56901 175.48 -110.30 115.79 2.511e+13 -4.949e+13 -5.722e+13 0.03316 161.85034 1.1167e+13 1.1469e+13 9.0542e+12 5.7343e+12 1.8108e+12 43.74646 8.52 0.03938 0.89876 0.26883 89.25632 38.14163 28.19830 0.85428 0.23211 82.55621 3.49140 -4.40875 0.5375 9.970e+12 1.207e+13
168 175 1.5090e+13 456.21 403.66 580.434 91.788 84 85.97191 21.57933 97.57512 -73.98 -359.23 272.65 -1.081e+13 -1.944e+14 1.341e+13 0.05182 91.78800 1.5090e+13 1.6298e+13 1.4789e+13 9.9596e+12 2.4145e+12 36.35207 0.00 0.05836 0.44251 0.19299 111.21656 13.18239 64.52551 0.35052 0.19151 86.96986 0.19194 47.14753 0.5525 1.540e+13 1.117e+13
169 169 5.1307e+12 290.39 279.46 405.116 150.955 84 19.66644 31.49688 64.71978 92.67 -255.01 -163.53 -1.017e+13 -2.318e+13 -1.452e+13 0.02679 150.95547 5.1307e+12 5.4325e+12 3.6217e+12 6.0361e+11 0.0000e+00 69.11943 32.14 0.05270 0.70402 0.31767 92.71510 117.42724 4.40950 0.00000 0.00000 0.00000 0.00000 0.00000 0.7754 6.614e+12 7.545e+12
170 171 1.5090e+13 465.85 410.85 580.434 81.548 82 61.52386 41.23393 67.64559 -61.13 -245.50 -349.51 4.693e+13 9.249e+13 -5.733e+13 0.03174 81.54810 1.5090e+13 1.5090e+13 1.4487e+13 8.1488e+12 4.8289e+12 32.76619 5.09 0.03545 0.42145 0.36624 76.05186 53.68036 -58.81261 0.24532 0.22011 76.28606 71.90707 -43.75090 0.5520 1.454e+13 8.451e+12
171 -1 8.4506e+12 404.02 301.40 478.427 52.062 81 5.25397 14.15558 92.96436 -97.56 -265.12 139.70 -4.492e+13 -7.219e+13 -6.242e+13 0.07657 52.06196 8.4506e+12 9.3560e+12 6.9416e+12 3.6217e+12 2.7163e+12 50.29269 0.00 0.08292 0.40515 0.18704 61.01023 67.41302 16.38116 0.64942 0.35033 45.24104 42.74842 8.42030 0.4734 8.560e+12 3.622e+12
172 179 8.4506e+12 413.00 326.25 478.427 47.088 57 47.92658 61.50596 69.13570 76.45 -29.46 -124.69 2.585e+13 -4.515e+13 -3.488e+13 0.04858 47.08836 8.4506e+12 8.7524e+12 8.1488e+12 6.6398e+12 1.5090e+12 42.52460 0.00 0.04924 0.49841 0.24036 42.37844 20.38219 89.77846 0.15416 0.01209 37.43988 -5.50213 120.53472 0.4846 9.980e+12 3.923e+12
173 139 1.0865e+13 429.08 376.62 520.232 63.443 79 24.85259 61.72506 36.01749 287.23 -12.74 70.74 -3.822e+13 -6.013e+13 7.846e+12 0.03293 63.44253 1.0865e+13 1.1167e+13 1.0563e+13 8.7524e+12 0.0000e+00 46.27478 0.00 0.03707 0.60778 0.31423 -51.94404 98.05801 -6.66171 0.29217 0.01703 -64.97136 80.96419 -18.62201 0.5638 1.181e+13 6.640e+12
174 174 6.6398e+12 422.03 383.40 441.473 28.612 62 0.22707 21.56858 79.69810 -64.38 -476.37 -436.83 -2.985e+13 2.187e+12 -3.391e+12 0.02828 28.61162 7.5452e+12 7.2434e+12 6.3380e+12 5.1307e+12 2.1127e+12 36.54522 21.41 0.03539 0.69836 0.44291 57.35289 42.76583 46.37137 0.70214 0.09756 42.51563 73.19707 8.01202 0.6968 8.964e+12 2.113e+12
175 180 1.5090e+12 196.78 140.61 269.414 74.806 77 69.73990 74.64906 18.20527 -273.59 209.86 -45.17 -6.617e+12 -7.610e+12 4.552e+12 0.05108 74.80575 1.5090e+12 1.5090e+12 9.0542e+11 6.0361e+11 0.0000e+00 69.31178 93.20 0.15361 0.02915 0.00000 75.35218 84.79371 117.49228 0.00000 0.00000 0.00000 0.00000 0.00000 0.8380 4.426e+12 1.509e+12
176 189 1.7505e+13 510.16 486.63 609.872 69.417 76 0.26744 95.21308 15.15161 -319.14 540.53 -182.23 -2.867e+14 7.964e+13 2.216e+13 0.06252 69.41684 1.7505e+13 1.8108e+13 1.6901e+13 1.3581e+13 4.8289e+12 70.07040 0.00 0.06968 0.92184 0.59525 88.29977 35.14472 -47.04721 0.75118 0.51976 75.95659 51.95820 -35.02345 0.6082 1.854e+13 9.356e+12
177 178 1.4185e+13 406.53 336.19 568.585 229.415 76 74.01379 57.85104 50.63575 -803.40 155.01 75.52 6.961e+13 -9.242e+13 1.632e+13 0.03190 229.41476 1.5694e+13 1.5090e+13 1.0865e+13 3.9235e+12 0.0000e+00 7.54783 91.05 0.03875 0.43613 0.29203 106.48135 124.71019 -62.19095 0.46106 0.35602 87.55851 68.46476 -62.22459 0.5260 1.257e+13 1.901e+13
178 183 1.8712e+13 535.25 484.52 623.582 62.963 76 21.05607 12.72589 44.52133 391.85 22.20 -139.63 9.726e+13 1.176e+13 -4.569e+13 0.02043 62.96286 1.8712e+13 1.9617e+13 1.7203e+13 1.2374e+13 2.1127e+12 21.67208 0.00 0.02259 0.87513 0.39032 -52.05170 68.52534 85.92611 0.30809 0.15339 103.14199 -8.61482 -49.46605 0.5921 1.957e+13 1.056e+13
179 181 1.7807e+13 538.16 504.15 613.357 56.208 75 53.29510 21.06105 33.58369 -95.61 269.19 288.93 -6.541e+13 -4.077e+13 -1.728e+13 0.01627 56.20833 1.7807e+13 1.7807e+13 1.6298e+13 1.2072e+13 6.9416e+12 37.18866 0.00 0.01793 0.68923 0.65199 -60.38767 71.93378 5.55759 0.62552 0.43839 -33.88953 76.24298 0.16718 0.6198 1.859e+13 9.054e+12
180 188 2.7163e+12 242.65 219.98 327.726 79.296 74 98.29796 98.84688 10.94512 61.40 306.52 61.27 -7.331e+11 6.352e+12 1.201e+12 0.00468 79.29598 2.7163e+12 3.0181e+12 3.0181e+11 3.0181e+11 0.0000e+00 34.93040 0.00 0.03391 0.26889 0.00000 -35.19846 180.39684 40.33599 0.00000 0.00000 0.00000 0.00000 0.00000 0.9775 4.734e+12 2.716e+12
181 182 1.5392e+13 522.17 472.30 584.278 49.509 72 99.06705 18.05194 78.98763 -37.44 339.52 159.48 2.503e+12 3.769e+13 -9.327e+13 0.02728 49.50921 1.5392e+13 1.6901e+13 1.4789e+13 1.0563e+13 6.6398e+12 11.03341 0.92 0.02912 0.81089 0.45445 -4.57917 98.00743 27.77107 0.79942 0.52812 -7.47543 57.25803 53.89899 0.5886 1.665e+13 7.545e+12
182 185 4.5271e+12 307.26 199.83 388.562 59.314 72 32.92289 60.57558 4.47437 406.88 96.56 121.35 3.218e+12 6.880e+12 -5.179e+11 0.01599 59.31386 4.5271e+12 5.1307e+12 4.5271e+12 3.0181e+12 0.0000e+00 52.26553 0.00 0.01694 0.40956 0.08755 102.90559 127.45628 57.77590 0.35108 0.14590 11.13571 134.56897 -74.92038 0.3645 5.877e+12 3.018e+12
183 186 1.5090e+13 461.98 428.13 580.434 85.385 72 1.99979 1.27527 4.16207 -18.61 359.45 -200.08 7.097e+13 2.309e+13 1.175e+14 0.03593 85.38512 1.5090e+13 1.5090e+13 1.4185e+13 1.0261e+13 2.4145e+12 37.06229 0.00 0.04163 0.91014 0.61366 -7.18381 115.94409 34.19236 0.92708 0.44230 -3.47638 70.95631 -55.64671 0.5859 1.526e+13 1.026e+13
184 191 1.8108e+12 206.24 68.17 286.295 96.159 71 87.41325 48.28830 54.93790 -133.27 -315.39 286.45 2.365e+12 1.193e+12 -7.551e+11 0.02011 96.15855 1.8108e+12 4.8289e+12 3.0181e+11 0.0000e+00 0.0000e+00 42.95407 16.64 0.02822 0.13252 0.00000 18.74959 128.82047 -104.57513 0.00000 0.00000 0.00000 0.00000 0.00000 0.2218 8.894e+12 3.923e+12
185 194 1.2676e+13 475.24 419.73 547.662 52.669 70 69.96223 83.04443 12.95380 -34.01 124.38 237.35 -7.780e+12 -2.873e+13 2.686e+13 0.01636 52.66899 1.2676e+13 1.3280e+13 1.2676e+13 9.9596e+12 4.8289e+12 45.81160 0.00 0.01604 0.78066 0.48732 -37.55790 60.51731 56.70381 0.67412 0.39635 -14.44516 56.74745 50.55603 0.5239 1.479e+13 6.338e+12
186 137 9.0542e+11 184.47 259.57 227.232 30.041 69 86.31652 48.32811 78.27562 -256.74 -363.47 -383.81 -6.728e+11 -3.668e+12 1.059e+13 0.42722 30.04111 9.0542e+11 9.0542e+11 9.0542e+11 3.0181e+11 0.0000e+00 71.87697 0.00 0.36531 0.00000 0.00000 0.00000 0.00000 0.00000 0.00000 0.00000 0.00000 0.00000 0.00000 5.3671 6.928e+12 3.018e+11
187 184 1.1167e+13 459.52 351.49 525.005 48.622 69 93.05005 98.25309 13.45409 37.40 344.00 24.72 -2.956e+13 2.294e+13 -8.653e+13 0.04680 48.62197 1.1167e+13 1.1167e+13 9.6578e+12 6.3380e+12 4.2253e+12 24.61322 7.31 0.04657 0.93547 0.54377 60.15158 69.72831 -10.24023 0.58920 0.51913 48.27906 57.48126 -18.11691 0.4737 1.134e+13 5.433e+12
188 202 9.0542e+12 406.50 313.41 489.557 57.754 66 46.89762 28.03605 68.12602 -6.10 44.36 -55.33 -3.282e+12 9.085e+12 -8.682e+12 0.00912 57.75421 9.0542e+12 9.0542e+12 7.8470e+12 5.1307e+12 0.0000e+00 32.19167 0.00 0.00910 0.77707 0.25046 82.02840 65.29635 -49.63798 0.82769 0.26536 67.56994 34.23851 -53.34154 0.4416 8.773e+12 5.131e+12
189 200 8.4506e+12 489.06 387.14 478.427 24.252 65 69.04626 90.26456 12.86158 81.07 197.88 224.34 -9.524e+12 -5.720e+12 6.946e+13 0.05707 24.25185 8.4506e+12 8.7524e+12 7.2434e+12 6.6398e+12 4.2253e+12 25.84305 0.00 0.05530 0.68725 0.54367 52.63989 -44.49680 -28.44141 0.57260 0.24920 -39.72440 24.82216 47.53406 0.5430 1.156e+13 3.320e+12
190 196 5.7343e+12 301.04 232.44 420.418 161.189 65 87.49091 24.14392 33.76379 -248.32 -228.00 65.70 9.573e+10 2.153e+12 1.572e+13 0.01778 161.18883 5.7343e+12 6.3380e+12 2.7163e+12 1.5090e+12 0.0000e+00 105.15602 12.42 0.02380 0.04256 0.00000 149.61028 34.49831 88.04443 0.46046 0.00000 76.33287 40.39948 37.76291 0.5186 6.965e+12 8.451e+12
191 203 3.6217e+12 257.79 329.71 360.709 148.497 64 73.05655 1.22282 23.67989 -314.89 496.94 301.45 -2.803e+13 6.736e+13 9.769e+12 0.19395 148.49666 3.6217e+12 3.9235e+12 1.5090e+12 0.0000e+00 0.0000e+00 72.15889 70.80 0.23755 0.60175 0.33061 44.04876 -100.34877 142.10832 0.00000 0.00000 0.00000 0.00000 0.00000 1.7002 8.936e+12 6.942e+12
192 190 2.7163e+12 238.73 200.49 327.726 93.852 64 30.93093 1.46075 94.67216 29.46 236.52 290.94 -1.842e+13 4.534e+12 1.331e+13 0.05006 93.85238 2.7163e+12 3.9235e+12 1.5090e+12 0.0000e+00 0.0000e+00 71.05000 0.00 0.12082 0.00000 0.00000 139.70566 -40.50350 167.22870 0.00000 0.00000 0.00000 0.00000 0.00000 0.8064 4.961e+12 3.622e+12
193 207 9.9596e+12 456.43 411.26 505.360 40.989 63 2.87728 99.38094 2.08752 -98.08 856.05 36.46 -1.530e+13 3.244e+13 -2.607e+13 0.02469 40.98875 1.0261e+13 1.0261e+13 9.9596e+12 7.8470e+12 3.9235e+12 73.01650 21.44 0.02651 0.44295 0.28595 -55.98598 81.65796 -40.19721 0.41767 0.15577 -48.41100 63.57533 -39.42152 0.5919 1.237e+13 3.923e+12
194 205 3.3199e+12 288.59 185.58 350.397 43.036 63 43.02573 76.65430 3.34276 158.91 60.76 -17.10 3.081e+12 1.091e+13 4.261e+12 0.04012 43.03568 3.3199e+12 3.3199e+12 3.3199e+12 2.1127e+12 0.0000e+00 24.88355 0.00 0.04518 0.47830 0.03354 -3.93800 61.31481 85.93710 0.85312 0.21320 38.83558 37.48541 75.41451 0.3991 5.698e+12 1.811e+12
195 209 4.5271e+12 291.87 243.33 388.562 83.266 36 60.45167 79.55017 32.49226 347.43 153.19 12.04 7.772e+12 2.418e+13 1.159e+12 0.04280 83.26613 4.5271e+12 6.6398e+12 4.2253e+12 1.5090e+12 0.0000e+00 64.92892 0.00 0.05657 0.56257 0.14269 57.66584 47.90921 -43.07468 0.98818 0.21292 34.81677 42.05752 6.84792 0.5771 5.710e+12 4.225e+12
196 211 6.6398e+12 315.28 250.39 441.473 189.511 62 92.61580 12.24335 8.07163 -221.25 -14.37 -200.19 2.925e+13 -3.441e+13 -3.758e+13 0.04177 189.51141 6.6398e+12 8.7524e+12 1.5090e+12 0.0000e+00 0.0000e+00 135.49643 56.14 0.06904 0.21661 0.01275 13.15846 101.62565 -64.60476 0.00000 0.00000 0.00000 0.00000 0.00000 0.6599 8.802e+12 1.268e+13
197 -1 3.6217e+12 263.07 212.75 360.709 101.855 62 43.77834 36.76830 75.31962 57.88 -314.19 -26.35 5.393e+12 -1.020e+13 -2.931e+13 0.06780 101.85487 3.6217e+12 3.6217e+12 2.4145e+12 9.0542e+11 0.0000e+00 70.38742 0.00 0.10164 0.21620 0.02249 92.91976 16.31124 26.06598 0.72225 0.12629 55.82378 6.44969 38.37589 0.5898 4.416e+12 3.622e+12
198 197 3.3199e+12 256.22 154.43 350.397 96.048 61 48.10296 61.59739 18.98952 369.90 27.19 136.24 -1.679e+12 -1.019e+13 2.256e+12 0.03327 96.04846 3.3199e+12 3.3199e+12 2.1127e+12 0.0000e+00 0.0000e+00 25.87912 7.45 0.03943 0.15603 0.02131 -55.25270 56.27298 171.93542 0.00000 0.00000 0.00000 0.00000 0.00000 0.3374 3.739e+12 3.320e+12
199 206 9.9596e+12 424.15 386.43 505.360 56.614 61 38.63440 34.57148 66.94534 269.99 -378.78 -126.76 -2.318e+13 -2.097e+13 -2.840e+11 0.01669 56.61385 9.9596e+12 1.0865e+13 9.0542e+12 7.2434e+12 2.7163e+12 84.38564 0.00 0.01869 0.51696 0.14558 47.40838 9.41968 89.68991 0.47514 0.06344 36.30431 10.15317 68.70012 0.5801 1.068e+13 5.734e+12
200 199 5.4325e+12 301.30 183.35 412.909 115.907 60 64.49242 96.72775 43.73250 93.86 -95.75 -35.27 4.081e+13 3.991e+12 2.228e+12 0.06273 115.90743 5.4325e+12 5.4325e+12 4.5271e+12 1.8108e+12 0.0000e+00 18.69426 21.91 0.06743 0.86634 0.74299 43.24695 90.66851 44.67690 0.29764 0.00000 -36.18975 63.19416 -23.49778 0.3061 5.101e+12 5.433e+12
201 208 3.3199e+12 267.44 154.34 350.397 66.786 59 76.42290 30.39789 59.28378 -81.67 144.92 104.90 -4.614e+12 4.524e+12 -1.997e+13 0.06314 66.78554 3.3199e+12 4.5271e+12 3.3199e+12 3.0181e+11 0.0000e+00 52.43757 0.00 0.07829 0.31558 0.05568 -80.87387 57.08492 103.07690 0.00000 0.00000 0.00000 0.00000 0.00000 0.3474 7.081e+12 2.113e+12
202 201 1.6599e+13 503.25 440.92 599.171 66.891 58 57.00698 48.37777 16.99527 -14.16 -193.53 257.11 5.013e+13 -1.436e+13 5.877e+13 0.01929 66.89117 1.6599e+13 1.6901e+13 1.5694e+13 1.2676e+13 3.0181e+12 41.11071 0.00 0.02005 0.76872 0.65599 2.20280 95.44181 -50.42280 0.53238 0.22499 29.34991 -44.39299 77.29032 0.5307 1.824e+13 9.054e+12
203 204 1.5090e+13 489.05 436.60 580.434 63.842 58 47.16349 44.58079 77.42971 -64.86 -249.47 -79.65 -2.916e+11 -1.212e+13 -1.785e+14 0.04896 63.84238 1.5090e+13 1.5090e+13 1.3581e+13 1.0261e+13 3.3199e+12 66.00704 0.00 0.05352 0.79066 0.55999 -12.91205 68.29800 61.74428 0.60544 0.31113 -17.67584 54.88269 54.19028 0.5690 1.586e+13 8.451e+12
204 212 9.0542e+12 360.34 316.95 489.557 125.275 57 58.96962 41.73172 13.58817 -13.62 -295.67 260.55 -1.868e+13 -4.588e+13 -2.084e+13 0.03070 125.27479 9.0542e+12 1.0261e+13 7.5452e+12 5.1307e+12 0.0000e+00 105.14190 0.00 0.03766 0.59584 0.46208 107.55173 -55.68400 -23.74422 0.66649 0.34764 88.39584 -48.55935 -12.68786 0.5588 8.941e+12 9.054e+12
205 216 2.7163e+12 240.39 214.46 327.726 86.855 56 72.02274 93.25169 38.21387 -239.20 140.00 -82.19 -1.034e+12 1.773e+12 8.341e+11 0.00731 86.85509 2.7163e+12 2.7163e+12 1.8108e+12 1.5090e+12 0.0000e+00 122.26122 0.00 0.01155 0.35479 0.18834 74.53727 -18.09756 19.85909 0.86092 0.01623 -48.22339 -21.41354 65.28692 0.6497 3.654e+12 2.716e+12
206 214 9.0542e+11 168.99 75.22 227.232 52.874 56 62.48148 26.87770 20.78617 92.16 -43.36 144.76 -4.816e+12 -8.494e+12 5.743e+12 0.33252 52.87424 9.0542e+11 9.0542e+11 0.0000e+00 0.0000e+00 0.0000e+00 160.87045 185.68 0.36844 0.00000 0.00000 0.00000 0.00000 0.00000 0.00000 0.00000 0.00000 0.00000 0.00000 4.0300 3.813e+12 9.054e+11
207 213 9.3560e+12 454.78 336.78 494.937 37.435 55 48.99820 63.15657 0.78331 -27.07 4.70 178.42 4.970e+12 3.519e+13 4.256e+13 0.03942 37.43480 9.3560e+12 9.3560e+12 8.4506e+12 6.0361e+12 4.2253e+12 75.64455 0.00 0.03679 0.87631 0.51713 10.62830 81.97794 -10.73105 0.80747 0.54510 17.30463 70.15646 -7.75621 0.4408 1.077e+13 4.527e+12
208 220 7.8470e+12 401.71 321.36 466.753 46.564 55 21.74753 31.56052 48.59294 208.48 -202.57 247.12 -6.217e+11 1.347e+13 4.631e+12 0.01216 46.56415 7.8470e+12 8.1488e+12 6.6398e+12 6.0361e+12 3.0181e+12 74.36685 0.00 0.01269 0.56370 0.35726 -31.73872 62.50209 74.11317 0.82167 0.33293 -1.74495 58.27696 43.03929 0.5126 8.362e+12 3.923e+12
209 219 6.0361e+11 149.77 0.00 198.506 41.120 54 76.94877 4.16788 17.41903 -117.44 159.20 84.60 -2.640e+11 3.738e+11 2.274e+11 0.00436 41.12032 6.0361e+11 9.0542e+11 3.0181e+11 0.0000e+00 0.0000e+00 102.48370 25.36 0.03267 0.00000 0.00000 0.00000 0.00000 0.00000 0.00000 0.00000 0.00000 0.00000 0.00000 0.0000 4.627e+12 3.018e+11
210 221 6.0361e+11 150.97 0.00 198.506 38.785 52 1.73914 20.09645 50.92554 -204.19 -13.57 379.67 2.905e+10 -2.355e+12 1.422e+12 0.09082 38.78521 6.0361e+11 6.0361e+11 6.0361e+11 0.0000e+00 0.0000e+00 146.44058 99.31 0.17591 0.00000 0.00000 0.00000 0.00000 0.00000 0.00000 0.00000 0.00000 0.00000 0.00000 0.0000 4.422e+12 3.018e+11
211 223 1.2072e+12 197.88 65.22 250.102 38.054 52 65.67227 49.47909 47.38686 -8.54 74.03 -5.64 1.907e+12 -2.299e+12 5.359e+11 0.03841 38.05380 1.2072e+12 2.1127e+12 1.2072e+12 0.0000e+00 0.0000e+00 99.60081 0.00 0.06111 0.31018 0.00000 56.41795 -94.39839 127.97298 0.00000 0.00000 0.00000 0.00000 0.00000 0.2030 5.557e+12 0.000e+00
212 176 2.1127e+12 215.74 143.01 301.390 116.682 51 53.17420 91.25715 67.92842 78.46 227.65 58.75 1.331e+13 -9.527e+12 -1.223e+13 0.07199 116.68201 2.1127e+12 2.1127e+12 0.0000e+00 0.0000e+00 0.0000e+00 44.93353 74.90 0.16189 0.45681 0.17367 -91.68729 80.13143 151.43600 0.00000 0.00000 0.00000 0.00000 0.00000 0.7314 7.965e+12 5.131e+12
213 215 7.2434e+12 347.58 284.44 454.465 85.410 51 73.38691 32.38065 55.98711 -129.25 12.03 232.37 -2.740e+13 7.178e+13 -5.090e+12 0.06842 85.41011 7.2434e+12 8.1488e+12 5.7343e+12 3.9235e+12 1.8108e+12 47.29001 14.02 0.07826 0.66321 0.49082 -57.45391 63.74134 34.94965 0.84663 0.14822 9.20376 60.34317 0.94067 0.5013 8.605e+12 4.829e+12
214 233 1.5090e+12 203.85 139.15 269.414 54.630 49 69.67159 64.62891 46.62842 -180.59 -177.92 424.73 8.390e+11 5.712e+12 -1.636e+12 0.04378 54.63035 1.5090e+12 1.8108e+12 1.2072e+12 3.0181e+11 0.0000e+00 123.10455 0.00 0.08331 0.39536 0.11872 131.29396 74.61058 22.76301 0.00000 0.00000 0.00000 0.00000 0.00000 0.6046 5.844e+12 1.207e+12
215 140 3.3199e+12 275.65 204.38 350.397 55.119 49 23.58572 64.30548 37.63441 285.34 -114.73 -119.69 5.765e+12 3.045e+12 3.883e+11 0.01793 55.11903 3.3199e+12 3.3199e+12 3.0181e+12 3.0181e+11 0.0000e+00 45.12286 0.00 0.02437 0.03374 0.00000 -103.72816 123.07684 90.16159 0.00000 0.00000 0.00000 0.00000 0.00000 0.5442 4.757e+12 1.811e+12
216 218 7.2434e+12 370.36 297.26 454.465 58.898 47 67.64705 31.67632 51.04738 -95.57 61.27 56.35 5.828e+13 1.421e+13 2.995e+13 0.06230 58.89813 7.2434e+12 7.8470e+12 7.2434e+12 4.2253e+12 1.5090e+12 56.60943 21.12 0.06815 0.30488 0.16199 118.97824 -26.16002 -12.32539 0.55854 0.20694 82.75346 -17.07167 -20.57776 0.5019 7.310e+12 4.225e+12
217 225 2.4145e+12 263.69 281.64 315.108 35.803 46 46.11021 18.45613 43.17352 -211.92 193.08 -49.47 -6.655e+12 1.326e+13 1.666e+12 0.03831 35.80325 2.4145e+12 3.3199e+12 2.4145e+12 1.8108e+12 0.0000e+00 83.45804 0.00 0.09472 0.06939 0.00000 117.75787 -5.90101 -11.45091 0.41146 0.02871 -66.65545 -21.05742 113.74909 1.1407 4.571e+12 3.018e+11
218 227 1.5090e+12 201.96 97.76 269.414 58.665 44 58.40928 75.64687 28.21497 347.64 70.18 176.74 5.620e+11 8.324e+11 2.219e+12 0.02586 58.66504 1.5090e+12 1.8108e+12 1.2072e+12 6.0361e+11 0.0000e+00 45.69699 0.00 0.03382 0.71467 0.09987 -2.05159 33.14375 79.52388 0.00000 0.00000 0.00000 0.00000 0.00000 0.2778 4.859e+12 1.207e+12
219 222 8.7524e+12 440.44 348.13 484.056 38.089 43 76.35586 97.22393 62.63910 -288.12 225.45 -86.49 1.220e+13 3.125e+13 -6.958e+13 0.05884 38.08900 8.7524e+12 9.3560e+12 7.5452e+12 6.3380e+12 3.6217e+12 27.14826 9.51 0.05727 0.72886 0.51269 21.94669 84.60538 6.20289 0.90051 0.61540 -6.97749 73.37029 16.64895 0.4930 9.990e+12 4.225e+12
220 239 4.5271e+12 277.61 216.89 388.562 162.210 43 3.77636 22.05822 10.79208 -97.47 -514.21 -124.28 1.496e+13 4.116e+12 2.637e+12 0.02661 162.21025 4.5271e+12 4.5271e+12 2.7163e+12 2.1127e+12 0.0000e+00 97.77467 33.01 0.03501 0.75321 0.43642 14.28695 -20.97729 115.17097 0.41826 0.00000 -38.54615 -36.96880 65.77536 0.5203 6.079e+12 8.451e+12
221 -1 9.0542e+11 167.38 73.92 227.232 57.734 42 55.43799 62.35315 38.20763 238.26 -334.33 -61.55 -2.229e+11 1.120e+12 -1.484e+12 0.01953 57.73373 9.0542e+11 1.5090e+12 6.0361e+11 0.0000e+00 0.0000e+00 139.97105 38.76 0.06089 0.00000 0.00000 0.00000 0.00000 0.00000 0.00000 0.00000 0.00000 0.00000 0.00000 0.6736 5.774e+12 9.054e+11
222 224 5.4325e+12 329.86 230.40 412.909 59.505 42 47.32098 22.63157 47.75793 -156.61 82.77 -526.20 -5.933e+12 7.269e+12 -1.682e+13 0.03074 59.50493 5.4325e+12 5.7343e+12 5.4325e+12 3.6217e+12 0.0000e+00 20.96004 0.00 0.03162 0.31663 0.02709 -71.51857 97.67085 73.30173 0.29862 0.09744 -48.98362 84.57253 59.14778 0.3973 5.624e+12 3.622e+12
223 241 9.0542e+11 176.76 45.59 227.232 38.254 41 89.61177 65.61197 95.63171 -178.42 73.96 130.09 4.936e+11 -1.411e+12 -1.228e+12 0.03277 38.25386 9.0542e+11 1.5090e+12 9.0542e+11 0.0000e+00 0.0000e+00 93.50645 0.00 0.06291 0.00000 0.00000 0.00000 0.00000 0.00000 0.00000 0.00000 0.00000 0.00000 0.00000 0.1868 3.846e+12 6.036e+11
224 242 2.7163e+12 267.28 160.67 327.726 42.301 41 85.07364 26.49316 55.21775 -52.66 -25.22 163.45 -6.308e+12 1.616e+12 1.416e+12 0.02918 42.30132 2.7163e+12 3.0181e+12 2.4145e+12 6.0361e+11 0.0000e+00 73.17331 0.00 0.03474 0.44997 0.02440 71.68226 -25.81066 51.17226 0.00000 0.00000 0.00000 0.00000 0.00000 0.3814 3.778e+12 6.036e+11
225 231 5.1307e+12 303.31 232.71 405.116 89.117 41 74.72421 13.02040 58.15294 -48.45 21.50 75.34 2.042e+13 -3.031e+12 -4.472e+13 0.06545 89.11725 5.1307e+12 5.4325e+12 3.9235e+12 1.2072e+12 0.0000e+00 93.88743 25.57 0.08895 0.32942 0.03158 89.35536 -60.46021 11.24100 0.40990 0.01628 58.67672 27.15320 75.18954 0.5629 4.886e+12 4.527e+12
226 234 5.4325e+12 302.42 302.06 412.909 111.198 41 59.11158 3.47883 77.87858 113.81 174.19 -160.08 -3.581e+13 -3.319e+13 4.140e+13 0.04112 111.19762 5.4325e+12 5.4325e+12 3.6217e+12 6.0361e+11 0.0000e+00 62.22080 0.00 0.10509 0.19071 0.00000 -121.09016 143.26831 -24.56022 0.00000 0.00000 0.00000 0.00000 0.00000 0.8679 6.921e+12 5.433e+12
227 243 8.4506e+12 386.74 321.38 478.427 64.681 41 15.54689 32.16057 65.49887 2.59 -202.63 -70.18 4.902e+13 1.253e+13 -5.231e+12 0.03591 64.68096 8.4506e+12 8.4506e+12 8.4506e+12 5.7343e+12 0.0000e+00 32.19269 17.99 0.03998 0.64960 0.42408 -33.65398 -10.99178 136.77449 0.57828 0.38897 -60.27423 5.65046 115.63415 0.5187 8.493e+12 5.433e+12
228 240 2.1127e+12 230.55 224.56 301.390 56.569 40 22.54645 17.82738 0.81988 -55.41 -477.25 213.73 5.754e+12 1.381e+13 3.278e+12 0.02282 56.56907 2.1127e+12 2.1127e+12 1.8108e+12 6.0361e+11 0.0000e+00 65.50196 0.00 0.12134 0.75546 0.26912 70.90253 24.98612 59.00378 0.00000 0.00000 0.00000 0.00000 0.00000 1.0385 4.798e+12 1.811e+12
229 226 2.7163e+12 234.30 170.30 327.726 132.701 40 70.62292 12.44491 66.79414 -67.21 62.70 64.49 -4.500e+12 -9.446e+12 1.446e+12 0.03363 132.70068 2.7163e+12 2.7163e+12 3.0181e+11 3.0181e+11 0.0000e+00 124.43408 24.56 0.05505 0.69329 0.36679 -59.78452 -61.76887 109.25068 0.00000 0.00000 0.00000 0.00000 0.00000 0.5634 2.911e+12 4.225e+12
230 246 6.0361e+11 162.40 0.00 198.506 25.221 39 82.72325 82.09212 1.45793 -153.16 443.97 526.62 0.000e+00 0.000e+00 0.000e+00 0.00000 25.22143 6.0361e+11 6.0361e+11 6.0361e+11 3.0181e+11 0.0000e+00 66.77749 0.00 0.00000 0.00000 0.00000 0.00000 0.00000 0.00000 0.00000 0.00000 0.00000 0.00000 0.00000 0.0000 4.408e+12 3.018e+11
231 238 2.4145e+12 232.48 187.22 315.108 78.829 39 66.68309 79.20439 17.52417 79.16 83.32 39.92 8.812e+11 -1.262e+12 -5.578e+12 0.02185 78.82875 2.4145e+12 3.6217e+12 1.8108e+12 1.2072e+12 0.0000e+00 26.06741 0.00 0.03670 0.88509 0.66173 -28.02442 -73.34480 83.87050 0.00000 0.00000 102.72217 12.89368 -57.78122 0.6542 4.175e+12 2.414e+12
232 247 6.0361e+11 146.37 0.00 198.506 49.910 39 79.04783 6.08845 15.12929 -183.44 -2.54 17.51 -1.866e+11 1.803e+11 1.203e+11 0.00428 49.90982 6.0361e+11 6.0361e+11 3.0181e+11 3.0181e+11 0.0000e+00 37.28701 62.17 0.01829 0.00000 0.00000 0.00000 0.00000 0.00000 0.00000 0.00000 0.00000 0.00000 0.00000 0.0000 4.052e+12 6.036e+11
233 244 1.0261e+13 507.06 395.03 510.414 28.670 39 7.49779 88.04643 39.61655 -89.42 325.76 -74.83 -6.723e+13 -5.646e+12 1.698e+13 0.04445 28.67033 1.0261e+13 1.0261e+13 9.9596e+12 8.1488e+12 6.0361e+12 1.74878 0.00 0.03957 0.85337 0.67042 72.33314 -32.15390 -17.52324 0.96537 0.51439 -27.73196 67.85551 -8.99166 0.4823 1.549e+13 3.622e+12
234 253 3.9235e+12 267.51 232.33 370.462 119.573 37 88.36568 28.48570 99.50835 -162.89 -712.76 82.38 -2.416e+13 -1.527e+13 1.445e+13 0.05185 119.57325 3.9235e+12 3.9235e+12 1.8108e+12 1.2072e+12 0.0000e+00 54.68201 55.01 0.09046 0.74082 0.21796 -34.00989 -74.62110 94.30849 0.37570 0.00000 81.36197 66.96878 -60.40567 0.6892 4.777e+12 4.829e+12
235 -1 6.0361e+11 202.01 0.00 198.506 10.224 37 63.84193 0.71024 68.85137 -21.17 92.27 -181.60 0.000e+00 0.000e+00 0.000e+00 0.00000 10.22351 6.0361e+11 6.0361e+11 6.0361e+11 6.0361e+11 0.0000e+00 47.20722 0.00 0.00000 0.00000 0.00000 0.00000 0.00000 0.00000 0.00000 0.00000 0.00000 0.00000 0.00000 0.0000 3.939e+12 0.000e+00
236 273 6.0361e+12 312.85 282.71 427.668 116.717 37 84.79954 30.60913 67.04463 -79.63 -23.37 -21.12 6.706e+13 6.139e+13 4.176e+12 0.07153 116.71658 6.0361e+12 6.0361e+12 3.9235e+12 0.0000e+00 0.0000e+00 49.39255 0.00 0.12536 0.91784 0.24556 -17.98927 168.34941 11.27229 0.00000 0.00000 0.00000 0.00000 0.00000 0.7158 5.547e+12 6.036e+12
237 237 6.0361e+11 178.59 0.00 198.506 16.362 37 61.04557 79.96283 5.96711 17.09 247.11 440.75 0.000e+00 0.000e+00 0.000e+00 0.00000 16.36206 6.0361e+11 6.0361e+11 6.0361e+11 6.0361e+11 0.0000e+00 123.16357 0.00 0.00000 0.00000 0.00000 0.00000 0.00000 0.00000 0.00000 0.00000 0.00000 0.00000 0.00000 0.0000 2.253e+12 0.000e+00
238 230 9.0542e+11 183.04 59.01 227.232 31.299 37 67.20839 60.90194 44.03304 2.12 154.46 368.17 2.388e+12 4.058e+11 2.216e+12 0.05034 31.29923 9.0542e+11 1.5090e+12 9.0542e+11 0.0000e+00 0.0000e+00 38.97187 0.00 0.10678 0.00000 0.00000 0.00000 0.00000 0.00000 0.00000 0.00000 0.00000 0.00000 0.00000 0.2482 3.566e+12 0.000e+00
239 255 6.9416e+12 321.33 250.43 448.063 164.868 37 41.11470 89.19659 98.39337 203.65 121.43 -30.24 1.138e+14 -7.980e+11 -1.937e+13 0.10708 164.86848 6.9416e+12 6.9416e+12 3.3199e+12 2.7163e+12 0.0000e+00 43.65999 8.56 0.12596 0.47967 0.30895 -34.06793 8.07066 106.96080 0.85395 0.52169 20.03454 -39.57071 63.00568 0.4516 6.221e+12 9.054e+12
240 228 6.0361e+12 327.46 218.96 427.668 79.752 37 46.27642 91.10326 57.80369 237.80 105.77 -98.57 1.956e+13 -1.102e+13 -2.145e+13 0.04197 79.75199 6.0361e+12 6.0361e+12 4.8289e+12 3.3199e+12 0.0000e+00 39.08930 0.00 0.04276 0.67443 0.20949 -34.36668 113.03992 -48.54882 0.57201 0.10490 -4.79206 61.28482 -41.56345 0.3575 5.463e+12 4.527e+12
241 254 1.2072e+12 186.81 77.92 250.102 56.078 36 77.45654 77.91322 57.35687 -220.02 -204.36 -408.59 -4.931e+12 6.319e+12 1.949e+12 0.12757 56.07848 1.2072e+12 1.8108e+12 6.0361e+11 3.0181e+11 0.0000e+00 94.02989 191.79 0.16611 0.41599 0.00000 -16.80231 74.23633 39.50182 0.00000 0.00000 0.00000 0.00000 0.00000 2.2627 2.410e+12 9.054e+11
242 245 3.3199e+12 252.03 161.35 350.397 121.079 36 64.33704 67.79102 34.25806 -285.82 -0.63 277.55 -1.114e+13 -1.873e+13 -6.245e+12 0.06117 121.07903 3.3199e+12 3.3199e+12 1.5090e+12 0.0000e+00 0.0000e+00 85.28337 7.63 0.08456 0.45620 0.01200 12.16205 142.69084 117.77276 0.00000 0.00000 0.00000 0.00000 0.00000 0.4515 3.326e+12 4.225e+12
243 256 3.6217e+12 259.78 184.85 360.709 121.651 36 62.72535 19.79858 8.07757 343.83 106.85 15.70 -9.358e+12 -1.344e+12 -4.504e+12 0.02422 121.65139 3.6217e+12 4.8289e+12 2.1127e+12 0.0000e+00 0.0000e+00 31.46913 10.83 0.03379 0.15974 0.00000 182.45802 -143.53595 -63.21617 0.00000 0.00000 0.00000 0.00000 0.00000 0.4973 4.161e+12 5.433e+12
244 235 2.7163e+12 236.71 123.23 327.726 105.356 36 29.88893 56.05893 82.47675 192.56 -67.39 5.39 -5.588e+12 -2.165e+12 2.304e+11 0.02563 105.35647 2.7163e+12 2.7163e+12 1.5090e+12 3.0181e+11 0.0000e+00 50.10118 19.11 0.03126 0.48881 0.13946 99.85721 -23.49571 -26.89030 0.00000 0.00000 0.00000 0.00000 0.00000 0.2694 3.864e+12 3.923e+12
245 257 6.0361e+11 151.60 0.00 198.506 37.688 36 40.13731 67.55154 46.56607 321.47 -29.76 -149.82 3.091e+11 -1.609e+10 2.783e+11 0.00526 37.68769 6.0361e+11 6.0361e+11 6.0361e+11 3.0181e+11 0.0000e+00 56.53709 38.31 0.02661 0.00000 0.00000 0.00000 0.00000 0.00000 0.00000 0.00000 0.00000 0.00000 0.00000 0.0000 2.424e+12 3.018e+11
246 266 4.8289e+12 289.58 218.61 397.011 111.982 35 99.40704 11.75380 8.83116 76.43 -119.82 -143.43 6.101e+12 8.552e+12 -1.102e+13 0.02463 111.98181 4.8289e+12 4.8289e+12 3.0181e+12 1.8108e+12 0.0000e+00 58.53934 53.71 0.03041 0.61500 0.05940 66.71957 -59.06253 77.20419 0.78702 0.60000 62.46698 -43.95844 40.72559 0.4898 4.887e+12 5.131e+12
247 229 4.8289e+12 298.69 199.76 397.011 84.050 35 78.67407 20.17981 71.33304 -178.70 141.17 -38.08 1.462e+12 -2.129e+12 -3.914e+12 0.00811 84.04977 4.8289e+12 5.4325e+12 3.6217e+12 1.8108e+12 0.0000e+00 52.39589 23.30 0.00937 0.81178 0.13061 100.25882 -28.00624 -78.54762 0.65746 0.00254 93.40344 -73.12045 35.13642 0.4117 4.655e+12 3.923e+12
248 251 1.2072e+12 184.41 69.99 250.102 62.921 35 71.69987 19.37264 69.76028 2.94 46.99 61.33 6.673e+11 -2.976e+12 1.604e+12 0.04524 62.92083 1.2072e+12 1.2072e+12 9.0542e+11 0.0000e+00 0.0000e+00 69.69006 30.14 0.06939 0.43667 0.23783 6.45436 119.27906 85.80153 0.00000 0.00000 0.00000 0.00000 0.00000 0.2432 2.906e+12 1.207e+12
249 232 9.0542e+11 163.00 59.48 227.232 83.180 35 67.32220 9.49769 73.04047 -145.77 19.22 -198.25 4.542e+10 -5.125e+11 -1.827e+12 0.02325 83.18007 9.0542e+11 1.5090e+12 6.0361e+11 0.0000e+00 0.0000e+00 110.12352 35.43 0.06172 0.00000 0.00000 0.00000 0.00000 0.00000 0.00000 0.00000 0.00000 0.00000 0.00000 0.5210 3.902e+12 2.113e+12
250 261 1.2072e+12 186.80 142.60 250.102 56.113 35 67.25198 94.77646 26.36987 16.21 132.64 264.10 -1.052e+12 1.963e+12 7.877e+12 0.13168 56.11288 1.8108e+12 1.2072e+12 3.0181e+11 0.0000e+00 0.0000e+00 105.72460 181.61 0.16483 0.65954 0.29777 119.14637 13.06102 23.57305 0.00000 0.00000 0.00000 0.00000 0.00000 2.0873 4.002e+12 9.054e+11
251 249 6.0361e+11 180.66 0.00 198.506 15.605 35 66.86235 77.01620 16.17795 53.48 207.33 296.54 0.000e+00 0.000e+00 0.000e+00 0.00000 15.60523 6.0361e+11 9.0542e+11 6.0361e+11 6.0361e+11 0.0000e+00 70.85497 0.00 0.00000 0.00000 0.00000 0.00000 0.00000 0.00000 0.00000 0.00000 0.00000 0.00000 0.00000 0.0000 2.708e+12 0.000e+00
252 258 9.9596e+12 498.28 430.14 505.360 29.178 35 28.45087 58.64031 33.57639 223.95 -21.31 90.12 -3.965e+13 -3.659e+13 -7.295e+12 0.03413 29.17779 9.9596e+12 9.9596e+12 9.6578e+12 9.3560e+12 4.5271e+12 22.46829 0.00 0.03255 0.74980 0.61755 18.31865 47.16468 69.49583 0.65975 0.53374 18.08075 54.28008 65.74376 0.5587 1.536e+13 3.320e+12
253 248 9.0542e+11 185.37 95.72 227.232 29.296 34 73.74966 91.27014 61.90115 -282.90 309.09 -321.13 -1.669e+12 -2.972e+11 1.435e+12 0.02296 29.29580 9.0542e+11 2.1127e+12 9.0542e+11 0.0000e+00 0.0000e+00 113.46025 0.00 0.07224 0.00000 0.00000 0.00000 0.00000 0.00000 0.00000 0.00000 0.00000 0.00000 0.00000 0.7171 3.044e+12 0.000e+00
254 260 2.7163e+12 248.01 122.39 327.726 66.392 33 17.70609 31.80913 65.03651 11.42 -116.34 -175.97 5.111e+12 -1.216e+13 7.437e+12 0.06580 66.39187 2.7163e+12 4.2253e+12 2.4145e+12 6.0361e+11 0.0000e+00 95.36397 0.00 0.07892 0.39257 0.05157 -20.91617 -14.42010 191.20546 0.00000 0.00000 0.00000 0.00000 0.00000 0.2535 4.466e+12 1.509e+12
255 264 4.2253e+12 272.87 194.04 379.728 133.660 33 38.31349 19.95626 10.76167 13.63 -378.89 252.41 -9.397e+12 3.482e+13 -7.629e+12 0.06461 133.66042 4.2253e+12 4.2253e+12 1.5090e+12 6.0361e+11 0.0000e+00 40.91643 23.35 0.09200 0.82648 0.10505 11.83748 18.73381 87.66391 0.00000 0.00000 0.00000 0.00000 0.00000 0.5168 4.544e+12 5.433e+12
256 265 3.9235e+12 266.87 198.43 370.462 124.446 32 99.57884 17.80322 86.47577 63.60 -57.95 -6.69 2.443e+13 1.050e+13 -1.226e+13 0.05778 124.44559 3.9235e+12 4.5271e+12 1.8108e+12 3.0181e+11 0.0000e+00 65.02318 15.84 0.08269 0.67759 0.02631 71.05421 76.60041 -26.14630 0.00000 0.00000 0.00000 0.00000 0.00000 0.5322 5.623e+12 5.433e+12
257 -1 6.0361e+11 141.70 0.00 198.506 89.770 32 96.87132 4.69953 34.64973 -202.02 -6.42 -65.24 2.948e+12 4.565e+11 2.091e+11 0.10267 89.76972 6.0361e+11 1.2072e+12 0.0000e+00 0.0000e+00 0.0000e+00 194.97478 119.78 0.19119 0.00000 0.00000 0.00000 0.00000 0.00000 0.00000 0.00000 0.00000 0.00000 0.00000 0.0000 3.588e+12 1.509e+12
258 280 2.4145e+12 244.96 138.60 315.108 53.256 32 22.37888 12.64785 44.04916 155.96 38.21 -73.66 -6.410e+12 4.650e+12 4.660e+12 0.04787 53.25635 2.4145e+12 2.4145e+12 2.4145e+12 9.0542e+11 0.0000e+00 78.56764 0.00 0.05828 0.54058 0.05787 72.88770 73.22440 105.84998 0.53539 0.38769 107.22452 -26.97464 8.77209 0.3422 4.110e+12 1.207e+12
259 42 6.0361e+11 170.05 0.00 198.506 20.221 31 66.55260 84.91013 48.16998 -6.08 -248.79 -372.61 0.000e+00 0.000e+00 0.000e+00 0.00000 20.22102 6.0361e+11 6.0361e+11 6.0361e+11 3.0181e+11 0.0000e+00 86.43328 0.00 0.00000 0.00000 0.00000 0.00000 0.00000 0.00000 0.00000 0.00000 0.00000 0.00000 0.00000 0.0000 2.781e+12 0.000e+00
260 274 7.8470e+12 501.32 367.91 466.753 19.930 30 35.69357 63.07368 10.29448 182.88 33.05 11.71 -8.162e+12 2.676e+13 2.623e+13 0.03985 19.93024 7.8470e+12 7.8470e+12 7.8470e+12 6.9416e+12 5.4325e+12 29.21343 0.00 0.03411 0.38260 0.25409 77.06903 -30.56240 -23.20758 0.43997 0.23650 71.98069 -31.22017 -21.02241 0.4648 1.349e+13 2.113e+12
261 270 1.5090e+12 197.55 91.46 269.414 71.669 30 39.78660 33.15259 53.08502 351.82 -503.11 -179.59 1.426e+12 3.983e+12 2.857e+12 0.03160 71.66871 1.5090e+12 1.8108e+12 0.0000e+00 0.0000e+00 0.0000e+00 68.04695 82.50 0.07088 0.00000 0.00000 184.52072 -58.84552 -65.34958 0.00000 0.00000 0.00000 0.00000 0.00000 0.6574 3.080e+12 1.509e+12
262 47 1.2072e+12 179.71 181.49 250.102 88.141 27 88.78496 27.11202 0.28685 -247.25 -635.34 49.28 -4.273e+12 5.120e+12 3.152e+11 0.07466 88.14083 1.2072e+12 1.2072e+12 0.0000e+00 0.0000e+00 0.0000e+00 43.08976 37.81 0.13443 0.90085 0.19125 65.02526 111.04054 51.96222 0.00000 0.00000 0.00000 0.00000 0.00000 1.7266 3.214e+12 2.113e+12
263 281 2.1127e+12 238.08 146.05 301.390 46.276 27 54.04189 89.73305 66.04453 107.22 322.60 77.79 -1.426e+12 1.207e+13 -1.313e+12 0.06237 46.27642 2.1127e+12 2.1127e+12 2.1127e+12 0.0000e+00 0.0000e+00 62.53146 0.00 0.09684 0.78335 0.02504 -3.96700 62.90890 111.10275 0.00000 0.00000 0.00000 0.00000 0.00000 0.5080 2.402e+12 3.018e+11
264 268 3.3199e+12 266.64 147.72 350.397 68.200 27 88.30133 21.32070 54.43974 32.07 186.86 -7.51 -1.304e+13 -9.393e+11 -7.407e+12 0.04912 68.20011 3.3199e+12 3.3199e+12 3.3199e+12 1.2072e+12 0.0000e+00 42.83309 0.00 0.05607 0.75207 0.42783 -19.79934 123.82990 -5.88218 0.62294 0.23449 55.16291 47.85314 80.28195 0.3242 4.012e+12 2.414e+12
265 69 1.2072e+12 219.42 78.35 250.102 22.929 26 86.97277 48.26059 72.39644 -51.54 -197.33 -582.55 2.789e+12 6.305e+10 1.241e+12 0.04908 22.92909 1.2072e+12 1.2072e+12 1.2072e+12 9.0542e+11 0.0000e+00 30.23201 0.00 0.06148 0.77048 0.13954 -31.19346 18.72533 67.74071 0.70640 0.11278 70.71319 -29.83481 -36.31313 0.1988 3.030e+12 3.018e+11
266 283 5.7343e+12 311.88 225.22 420.418 99.975 26 52.40474 40.15225 51.07450 148.03 -497.55 -215.37 -5.487e+12 -1.073e+13 1.591e+13 0.02865 99.97482 5.7343e+12 5.7343e+12 4.5271e+12 3.3199e+12 0.0000e+00 17.32745 0.00 0.02994 0.41416 0.37826 97.97597 -0.12083 -13.04107 0.41785 0.03318 58.86596 -16.69138 -32.05112 0.3616 5.121e+12 5.433e+12
267 259 6.0361e+11 158.74 0.00 198.506 28.452 26 68.48434 12.59339 69.45310 11.84 12.15 -9.42 -3.239e+11 1.620e+11 1.842e+12 0.07190 28.45199 6.0361e+11 6.0361e+11 6.0361e+11 3.0181e+11 0.0000e+00 96.68439 115.54 0.11999 0.00000 0.00000 0.00000 0.00000 0.00000 0.00000 0.00000 0.00000 0.00000 0.00000 0.0000 2.648e+12 3.018e+11
268 -1 9.0542e+11 171.11 52.52 227.232 47.781 26 41.61281 44.63660 81.60648 270.45 -431.86 -141.58 -2.031e+12 6.798e+12 -1.614e+11 0.13566 47.78064 9.0542e+11 9.0542e+11 6.0361e+11 0.0000e+00 0.0000e+00 141.19249 145.15 0.23084 0.00000 0.00000 0.00000 0.00000 0.00000 0.00000 0.00000 0.00000 0.00000 0.00000 2.1905 2.408e+12 6.036e+11
269 288 9.0542e+11 196.65 60.05 227.232 22.114 26 25.62174 13.28951 34.17163 165.82 61.07 98.96 1.400e+10 -2.110e+11 2.166e+11 0.00610 22.11419 9.0542e+11 9.0542e+11 9.0542e+11 6.0361e+11 0.0000e+00 87.49348 0.00 0.00985 0.00000 0.00000 0.00000 0.00000 0.00000 0.00000 0.00000 0.00000 0.00000 0.00000 0.2178 3.146e+12 0.000e+00
270 269 2.1127e+12 221.71 229.69 301.390 77.567 25 64.10915 99.55090 68.21065 -102.11 147.34 -90.49 9.938e+12 7.381e+12 -1.675e+13 0.10297 77.56656 2.4145e+12 2.1127e+12 3.0181e+11 3.0181e+11 0.0000e+00 108.82845 81.28 0.16502 0.83374 0.00000 63.82639 -55.72509 -14.60873 0.00000 0.00000 0.00000 0.00000 0.00000 1.4970 2.699e+12 2.113e+12
271 285 6.0361e+11 146.78 0.00 198.506 48.634 25 63.31878 87.96320 37.88928 219.07 -9.48 74.67 -2.101e+11 -6.273e+10 3.905e+11 0.00319 48.63364 6.0361e+11 6.0361e+11 3.0181e+11 0.0000e+00 0.0000e+00 132.28185 17.46 0.02863 0.00000 0.00000 0.00000 0.00000 0.00000 0.00000 0.00000 0.00000 0.00000 0.00000 0.0000 2.772e+12 6.036e+11
272 286 3.3199e+12 278.23 163.84 350.397 52.236 25 64.82747 86.47466 43.10724 175.72 2.72 154.95 1.447e+13 4.619e+12 1.137e+13 0.06606 52.23578 3.3199e+12 3.3199e+12 3.3199e+12 2.1127e+12 0.0000e+00 29.78840 0.00 0.07079 0.39159 0.00889 -65.57699 146.99084 -78.26101 0.57055 0.24901 -26.11375 101.59712 -53.91116 0.3125 3.418e+12 2.113e+12
273 271 3.0181e+12 257.57 213.51 339.440 67.417 25 97.24477 11.58926 8.88556 12.57 -21.70 -152.75 2.400e+12 2.390e+13 -1.225e+13 0.07219 67.41726 3.0181e+12 3.6217e+12 2.7163e+12 9.0542e+11 0.0000e+00 58.28333 0.00 0.11789 0.24980 0.09106 31.61344 27.97739 84.03624 0.33157 0.05897 23.27406 30.32841 77.83880 0.6661 3.437e+12 2.414e+12
274 287 1.5090e+12 194.17 77.90 269.414 89.741 25 88.79744 12.32863 8.68754 -43.23 119.72 -309.74 3.976e+12 -1.132e+13 -4.936e+12 0.09006 89.74113 1.5090e+12 1.8108e+12 6.0361e+11 0.0000e+00 0.0000e+00 101.28909 111.64 0.18013 0.64827 0.00000 -73.19667 64.72328 34.42689 0.00000 0.00000 0.00000 0.00000 0.00000 0.6091 3.707e+12 2.113e+12
