#ID DescID Mvir Vmax Vrms Rvir Rs Np X Y Z VX VY VZ JX JY JZ Spin rs_klypin Mvir_all M200b M200c M500c M2500c Xoff Voff spin_bullock b_to_a c_to_a A[x] A[y] A[z] b_to_a(500c) c_to_a(500c) A[x](500c) A[y](500c) A[z](500c) T/|U| M_pe_Behroozi M_pe_Diemer
#a = 0.467301
#Om = 0.285000; Ol = 0.715000; h = 0.695000
#FOF linking length: 0.280000
#Unbound Threshold: 0.500000; FOF Refinement Threshold: 0.700000
#Particle mass: 3.01807e+11 Msun/h
#Box size: 100.000000 Mpc/h
#Force resolution assumed: 0.0976562 Mpc/h
#Units: Masses in Msun / h
#Units: Positions in Mpc / h (comoving)
#Units: Velocities in km / s (physical, peculiar)
#Units: Halo Distances, Lengths, and Radii in kpc / h (comoving)
#Units: Angular Momenta in (Msun/h) * (Mpc/h) * km/s (physical)
#Units: Spins are dimensionless
#Np is an internal debugging quantity.
#Rockstar Version: 0.99.9-RC3
0 0 2.6861e+13 606.08 674.74 739.965 163.254 146 8.04030 3.03590 90.35424 -333.11 641.04 448.30 -7.664e+13 1.478e+14 -1.177e+14 0.01751 163.25418 2.6861e+13 2.6861e+13 2.4446e+13 1.4789e+13 4.5271e+12 75.01551 0.00 0.02685 0.45725 0.16498 -40.85836 126.86219 4.50163 0.33398 0.12600 -40.75521 115.71747 11.38594 0.7642 2.359e+13 2.414e+13
1 1 1.5090e+12 248.79 243.12 283.403 39.935 49 4.67867 5.93540 92.57384 161.42 -421.30 672.60 4.982e+12 -6.121e+12 6.157e+12 0.09394 39.93520 1.5090e+12 1.5090e+12 1.5090e+12 0.0000e+00 0.0000e+00 38.55539 0.00 0.15998 0.88023 0.22244 98.71570 -97.32957 25.00116 0.00000 0.00000 0.00000 0.00000 0.00000 1.5071 5.897e+12 3.018e+11
2 3 5.2213e+13 748.92 787.90 923.485 225.721 240 5.62715 4.85479 93.47069 -358.05 162.52 528.71 7.212e+13 -1.247e+13 4.223e+13 0.00294 221.76016 5.2213e+13 5.2213e+13 4.8289e+13 2.7766e+13 1.1770e+13 45.18837 43.50 0.00368 0.88372 0.58749 103.14788 0.35019 -96.03294 0.87129 0.67254 97.03592 37.99447 8.87400 0.6519 4.537e+13 5.161e+13
3 2 7.7565e+13 823.35 921.88 1053.721 624.808 364 4.20311 4.73245 95.17507 126.20 280.39 -211.49 -1.098e+14 1.020e+15 -1.020e+14 0.01496 461.38538 7.7565e+13 7.7565e+13 6.5794e+13 3.5311e+13 1.2978e+13 146.14394 80.84 0.02319 0.49155 0.37188 137.99368 15.48448 -113.39816 0.75957 0.52689 -74.79280 -16.87210 80.48073 0.7541 7.485e+13 1.642e+14
4 5 9.2353e+13 880.18 920.96 1116.833 397.009 461 22.93912 10.50670 2.91980 -77.62 108.30 104.19 1.216e+15 1.250e+15 8.262e+14 0.02574 377.31790 9.2353e+13 9.2353e+13 8.2695e+13 5.0704e+13 1.8410e+13 89.73949 103.32 0.03245 0.39605 0.32433 161.03044 71.51644 89.37251 0.39497 0.29739 108.54610 46.00346 81.80028 0.6410 7.828e+13 1.171e+14
5 6 4.5271e+12 368.33 224.90 408.738 50.254 49 25.54600 11.82750 4.30635 -403.67 -81.72 9.33 -1.159e+13 1.417e+13 2.293e+12 0.04899 50.25417 4.5271e+12 4.5271e+12 3.9235e+12 3.0181e+12 0.0000e+00 48.16129 17.10 0.04724 0.60642 0.46493 66.11122 59.45557 48.55443 0.90313 0.77050 64.77074 39.31204 -7.47538 0.3115 4.867e+12 2.716e+12
6 8 2.5654e+13 641.35 585.14 728.709 101.267 132 72.02163 67.95406 54.03193 260.85 -60.63 -767.35 2.421e+13 -4.695e+13 7.942e+12 0.00684 101.26660 2.6257e+13 2.5654e+13 2.4748e+13 1.4185e+13 7.8470e+12 20.76209 14.01 0.00760 0.88237 0.53000 18.55306 -53.14475 91.04150 0.70756 0.46110 -45.18000 60.01804 -7.44981 0.5657 2.252e+13 1.388e+13
7 9 4.2253e+12 320.97 416.43 399.445 104.805 44 74.87502 70.27180 53.81546 -658.79 -288.99 -410.27 -3.437e+13 8.003e+13 -5.795e+13 0.23610 104.80483 4.8289e+12 4.2253e+12 3.3199e+12 0.0000e+00 0.0000e+00 83.34753 59.19 0.30059 0.21902 0.00000 131.62947 140.73451 58.14141 0.00000 0.00000 0.00000 0.00000 0.00000 1.5955 4.221e+12 4.225e+12
8 7 5.9456e+13 820.57 835.73 964.354 179.612 206 72.93004 69.07759 53.00508 -198.87 -149.13 -95.35 -5.966e+14 2.436e+13 8.037e+14 0.02861 162.82126 5.9456e+13 5.9456e+13 5.6136e+13 4.1348e+13 1.2676e+13 79.98743 106.25 0.03507 0.59479 0.54175 107.88972 107.95445 80.03073 0.51978 0.47589 77.62991 93.21609 76.57019 0.6526 5.170e+13 4.859e+13
9 10 5.3420e+13 734.74 717.44 930.548 417.699 261 71.52816 59.82896 49.32729 -50.78 224.13 -17.71 -4.053e+14 2.023e+14 -3.352e+14 0.01982 304.48596 5.3420e+13 5.3420e+13 4.7686e+13 2.5352e+13 6.9416e+12 67.19122 28.81 0.02360 0.61025 0.43918 14.12089 115.27313 -75.99073 0.72566 0.54364 -7.51243 93.02293 -40.88254 0.5837 4.540e+13 7.394e+13
10 12 2.5352e+13 568.03 606.01 725.840 291.431 140 71.89731 61.75508 48.27558 -370.12 -158.39 402.81 -8.646e+13 -6.423e+14 2.335e+13 0.04339 291.43088 2.5352e+13 2.5352e+13 1.4487e+13 6.3380e+12 2.4145e+12 147.31279 5.14 0.09405 0.43570 0.24750 154.46573 6.01922 26.72122 0.66212 0.14071 89.09693 26.86678 -0.39710 0.8464 2.458e+13 3.893e+13
11 19 3.9839e+13 683.11 700.53 843.864 293.004 138 52.17588 14.20673 40.37664 14.51 568.27 1.01 -3.921e+14 -1.024e+14 3.514e+14 0.02706 206.00858 3.9839e+13 3.9839e+13 3.7726e+13 2.1428e+13 6.3380e+12 87.53469 57.87 0.03663 0.26735 0.18322 47.89529 204.10738 9.99872 0.41411 0.34889 16.11992 120.60120 12.33237 0.6818 3.474e+13 4.648e+13
12 19 1.0261e+13 508.01 434.09 536.917 52.489 46 52.30009 14.72159 40.39531 -224.93 105.76 -154.92 2.217e+13 1.678e+13 6.382e+13 0.04366 52.48919 1.0261e+13 1.0261e+13 9.3560e+12 7.5452e+12 4.2253e+12 17.57073 17.20 0.04558 0.65103 0.48919 -62.51838 -4.24069 74.60092 0.51341 0.30295 -54.56207 6.61368 70.07171 0.5345 1.066e+13 4.527e+12
13 20 2.9275e+13 625.78 628.90 761.503 163.658 142 52.63918 15.93772 41.07866 -308.78 -54.59 -134.74 -3.334e+14 -7.168e+13 -9.225e+11 0.03234 163.65825 2.9275e+13 2.9275e+13 2.8068e+13 1.7807e+13 6.9416e+12 102.46366 0.00 0.03891 0.60820 0.54863 14.77459 28.42697 119.98077 0.56196 0.27287 4.40742 5.48275 97.76690 0.6150 2.565e+13 2.686e+13
14 165 1.2072e+12 209.35 123.80 263.088 77.075 25 48.74504 18.20394 44.85798 -5.87 316.89 -455.99 3.503e+12 -2.139e+12 -3.030e+12 0.04545 77.07471 1.2072e+12 1.2072e+12 9.0542e+11 0.0000e+00 0.0000e+00 90.16852 66.63 0.11827 0.81048 0.63407 -29.62529 19.42699 102.95383 0.00000 0.00000 0.00000 0.00000 0.00000 0.7152 2.380e+12 1.207e+12
15 21 4.8289e+12 337.93 321.04 417.626 102.351 47 51.59628 17.49089 43.11385 -174.80 9.47 -452.27 -1.655e+13 2.505e+13 -1.092e+13 0.02983 102.35115 4.8289e+12 4.8289e+12 4.5271e+12 6.0361e+11 0.0000e+00 29.53621 0.00 0.07347 0.28889 0.02983 -56.88604 32.10625 89.31702 0.00000 0.00000 0.00000 0.00000 0.00000 0.8502 6.409e+12 4.829e+12
16 17 1.4487e+13 525.10 509.54 602.321 88.184 92 94.61827 41.20662 61.70903 -521.10 -339.62 -354.02 -8.621e+13 1.397e+14 1.081e+14 0.05630 88.18424 1.4487e+13 1.4487e+13 1.3280e+13 7.5452e+12 2.7163e+12 72.91248 0.00 0.07245 0.50943 0.29414 60.13288 -46.90919 62.20785 0.40436 0.13890 54.34163 -50.66362 46.48767 0.6529 1.266e+13 7.847e+12
17 16 4.8289e+13 709.02 699.36 899.748 622.259 273 93.51585 42.32898 61.26542 -139.55 -315.29 103.23 -4.790e+14 -3.409e+14 -7.608e+14 0.03754 304.53824 4.8289e+13 4.8289e+13 4.1951e+13 1.7807e+13 9.0542e+12 38.23198 45.37 0.04765 0.31977 0.24480 -83.14860 83.98228 -49.80166 0.41270 0.29623 -55.39241 62.09249 -24.55910 0.6203 4.062e+13 9.205e+13
18 18 1.2072e+12 229.46 289.79 263.088 38.425 27 96.56990 39.76422 63.39808 -431.54 -272.71 -440.28 1.653e+12 -4.259e+10 8.468e+12 0.20069 38.42456 1.2072e+12 1.2072e+12 1.2072e+12 0.0000e+00 0.0000e+00 61.04153 0.00 0.20002 0.49398 0.09795 20.78077 125.78622 88.71629 0.00000 0.00000 0.00000 0.00000 0.00000 2.8073 2.806e+12 6.036e+11
19 27 8.6015e+13 888.91 898.14 1090.677 198.848 372 53.41418 41.49020 58.45715 93.11 -233.96 -317.21 4.975e+14 -1.618e+14 -2.498e+13 0.00824 250.77106 8.6015e+13 8.6015e+13 8.1186e+13 5.1307e+13 1.5392e+13 56.81204 50.29 0.00992 0.66552 0.35258 59.36816 19.54561 157.81616 0.45057 0.27080 53.90723 21.96399 128.98596 0.6177 7.374e+13 6.036e+13
20 24 5.3420e+13 751.42 739.67 930.548 605.506 242 38.50042 16.38068 42.26590 273.68 242.64 72.59 -6.841e+14 4.945e+14 1.674e+14 0.03115 232.51292 5.3420e+13 5.3420e+13 4.9195e+13 2.5352e+13 1.2072e+13 71.54380 22.35 0.03604 0.50827 0.44919 65.83121 108.55072 35.66969 0.65816 0.50203 32.72438 83.94352 28.12548 0.5801 4.612e+13 8.360e+13
21 25 6.0361e+12 369.63 398.49 449.874 96.813 47 39.43169 17.43605 42.58570 30.17 -327.06 -102.01 3.483e+13 -2.408e+13 6.123e+13 0.05147 96.81332 6.0361e+12 6.0361e+12 5.1307e+12 3.3199e+12 0.0000e+00 47.05261 33.64 0.11805 0.79072 0.18317 61.97544 38.90113 79.53639 0.39729 0.07077 58.08534 45.96575 55.12134 0.8675 5.897e+12 5.131e+12
22 26 3.9235e+12 308.83 290.88 389.699 120.611 68 39.28031 18.76829 42.73032 247.50 -347.83 -46.36 8.274e+12 5.401e+12 1.424e+13 0.02865 120.61091 3.9235e+12 3.9235e+12 3.3199e+12 9.0542e+11 0.0000e+00 63.14764 0.00 0.05635 0.31350 0.05619 -16.64964 180.66785 -22.27435 0.58393 0.03694 68.61932 -54.82520 -33.90965 0.7689 4.753e+12 5.131e+12
23 32 7.0019e+13 822.85 826.15 1018.381 286.362 308 58.55043 31.28574 31.62876 -273.48 -249.33 -19.65 -9.116e+14 5.023e+14 -8.344e+14 0.02763 252.99683 7.0019e+13 7.0019e+13 6.3983e+13 3.8028e+13 1.0865e+13 75.72425 105.00 0.03559 0.40492 0.33899 174.24840 105.54884 -126.59939 0.35223 0.26990 122.84304 90.55978 -109.95915 0.6476 5.954e+13 7.636e+13
24 30 1.3883e+13 523.70 484.55 593.837 81.636 91 70.96590 60.76585 55.21415 47.14 401.93 -847.96 6.032e+13 3.638e+13 -4.650e+13 0.02910 81.63621 1.3883e+13 1.3883e+13 1.3280e+13 8.4506e+12 4.2253e+12 22.76129 29.78 0.03340 0.72118 0.29466 -24.26699 59.79469 85.32992 0.70197 0.30334 -11.76680 60.17633 56.64114 0.5871 1.418e+13 7.847e+12
25 31 5.9154e+13 765.97 761.02 962.720 590.090 242 71.22355 62.05178 54.39038 25.12 -79.30 -473.88 -1.268e+13 -5.654e+14 -3.011e+14 0.01805 282.52750 5.9154e+13 6.0060e+13 5.5231e+13 2.6559e+13 9.3560e+12 21.86250 28.57 0.02264 0.50489 0.37391 67.20861 124.39247 -36.64788 0.49402 0.24283 29.49103 94.61379 7.86975 0.6161 5.053e+13 9.567e+13
26 23 6.0663e+13 792.41 831.30 970.837 319.331 279 54.59593 28.13492 35.98698 -11.21 -81.85 -133.29 1.263e+14 -1.999e+14 1.637e+14 0.00768 220.43509 6.0663e+13 6.0663e+13 5.8852e+13 3.7424e+13 1.0865e+13 108.11766 63.70 0.00974 0.72227 0.40911 -82.24706 -7.10391 128.04274 0.66345 0.37522 -43.90162 5.40775 106.48975 0.6605 5.350e+13 7.032e+13
27 28 4.6177e+13 708.97 688.36 886.431 498.620 236 74.37357 4.21629 30.43231 -225.74 -113.25 -155.67 1.469e+14 1.892e+14 -3.421e+14 0.01806 244.47531 4.6177e+13 4.6177e+13 4.2253e+13 1.9316e+13 6.3380e+12 69.22737 25.23 0.02230 0.72449 0.35123 85.11687 25.33336 138.41145 0.81848 0.61339 19.57313 30.23582 94.33733 0.6036 3.885e+13 6.398e+13
28 29 1.0865e+13 427.50 380.58 547.245 248.120 71 77.92551 3.98006 32.72328 -415.62 78.71 -191.65 3.340e+12 2.883e+13 1.392e+13 0.01333 248.12021 1.0865e+13 1.0865e+13 9.3560e+12 2.7163e+12 0.0000e+00 35.39158 14.34 0.01917 0.43194 0.11337 102.91248 -61.93308 -40.73057 0.44907 0.06878 68.83685 -28.56735 36.36759 0.6276 1.100e+13 1.750e+13
29 105 7.5452e+12 403.29 356.78 484.612 94.800 78 27.77322 12.25316 4.80933 -188.39 -7.69 133.31 -9.581e+12 5.845e+12 3.186e+13 0.02896 94.80003 7.5452e+12 7.5452e+12 6.6398e+12 5.1307e+12 0.0000e+00 69.73579 0.00 0.03692 0.56429 0.27151 104.35315 -60.89568 43.71249 0.33276 0.09691 111.22872 -4.74594 68.63896 0.5851 8.072e+12 6.036e+12
30 49 7.8470e+12 407.27 446.54 490.990 98.331 83 29.59159 12.48966 5.02200 -118.33 63.87 288.41 -2.181e+13 -1.976e+13 4.541e+13 0.00279 98.33081 7.8470e+12 7.8470e+12 6.9416e+12 1.2072e+12 0.0000e+00 74.72974 31.18 0.05541 0.10362 0.00285 203.79196 20.13379 28.39669 0.62785 0.27689 111.82005 -26.59670 60.02778 1.0020 1.326e+13 6.942e+12
31 50 2.7163e+12 273.10 403.48 344.743 107.264 78 31.15318 12.47502 5.24491 -389.72 190.22 184.14 4.126e+13 1.420e+13 -3.355e+13 0.43749 107.26399 2.7163e+12 2.7163e+12 0.0000e+00 0.0000e+00 0.0000e+00 220.23782 251.51 0.33029 0.21113 0.12028 212.92116 -13.07497 99.18655 0.00000 0.00000 0.00000 0.00000 0.00000 3.1696 2.044e+13 3.923e+12
32 40 1.0563e+13 470.90 385.48 542.130 81.019 150 67.59147 81.11150 47.86951 -24.45 130.20 -152.32 1.734e+13 -6.703e+13 6.896e+12 0.03982 81.01915 1.0563e+13 1.0563e+13 9.6578e+12 8.1488e+12 1.5090e+12 52.70357 16.50 0.04341 0.63628 0.46193 40.84647 34.64101 113.05917 0.44717 0.15556 48.55408 35.96031 95.78744 0.4814 1.278e+13 6.942e+12
33 33 6.0361e+11 174.46 0.00 208.813 39.731 58 70.78693 23.38317 4.70733 162.42 -44.89 -215.48 -1.481e+12 -1.716e+11 4.153e+11 0.14853 39.73105 6.0361e+11 6.0361e+11 6.0361e+11 0.0000e+00 0.0000e+00 130.13531 86.32 0.11390 0.00000 0.00000 0.00000 0.00000 0.00000 0.00000 0.00000 0.00000 0.00000 0.00000 0.0000 4.287e+12 3.018e+11
34 34 2.1127e+12 250.85 169.18 317.040 100.390 70 70.08066 24.96965 8.60577 -97.46 -170.91 -137.12 -8.924e+11 9.805e+12 -8.035e+12 0.07406 100.38967 2.1127e+12 2.1127e+12 1.5090e+12 1.2072e+12 0.0000e+00 102.26331 64.11 0.11592 0.18959 0.01108 -31.49998 -1.66497 111.46424 0.11164 0.00000 -39.62022 -8.00640 101.31988 0.5519 4.485e+12 3.018e+12
35 35 9.0542e+11 191.06 89.30 239.031 66.374 122 66.93973 25.49993 14.54759 1.04 -21.82 -78.03 -3.047e+11 2.225e+12 4.237e+11 0.02727 66.37368 9.0542e+11 9.0542e+11 6.0361e+11 0.0000e+00 0.0000e+00 118.96167 94.28 0.08557 0.00000 0.00000 0.00000 0.00000 0.00000 0.00000 0.00000 0.00000 0.00000 0.00000 0.6404 8.232e+12 9.054e+11
36 36 3.3199e+12 298.46 282.24 368.591 89.748 55 70.27776 1.16521 24.80345 237.35 364.70 159.26 2.699e+13 3.351e+13 7.334e+12 0.03850 89.74810 3.3199e+12 3.3199e+12 3.0181e+12 6.0361e+11 0.0000e+00 26.70351 0.00 0.18745 0.45055 0.09637 16.00027 130.99475 16.54090 0.00000 0.00000 0.00000 0.00000 0.00000 0.9568 7.300e+12 3.320e+12
37 37 1.6599e+13 547.33 509.04 630.283 94.335 155 70.58746 2.98955 25.55853 144.11 -35.26 149.48 -7.676e+13 5.270e+13 -7.192e+13 0.03043 94.33470 1.6599e+13 1.6599e+13 1.5996e+13 1.2072e+13 3.6217e+12 35.58380 0.00 0.03456 0.87279 0.47084 -19.75150 60.52265 89.33334 0.96189 0.35606 0.98087 66.76257 -61.22224 0.5854 1.631e+13 1.177e+13
38 58 4.1951e+13 732.65 749.60 858.524 194.604 194 46.46529 28.66031 45.54862 206.23 -173.45 -33.89 -1.613e+14 -3.762e+14 2.488e+14 0.02543 142.37909 4.1951e+13 4.1951e+13 4.1649e+13 2.8068e+13 1.2374e+13 58.57106 43.82 0.03001 0.47149 0.35576 -62.31610 55.55780 119.68117 0.57889 0.39566 -35.97029 29.77328 89.33253 0.6371 3.795e+13 4.044e+13
39 158 5.1307e+12 365.45 271.43 426.152 68.611 33 48.46616 28.66316 46.84219 -192.49 -2.24 -428.10 9.425e+12 -5.851e+12 1.877e+12 0.02078 68.61119 5.1307e+12 5.1307e+12 4.8289e+12 3.3199e+12 1.5090e+12 18.03865 21.38 0.02339 0.60667 0.12441 22.35247 -10.56826 83.55730 0.64842 0.01989 5.24632 -22.26940 57.49343 0.4687 4.775e+12 3.320e+12
40 14 3.4406e+13 738.80 744.18 803.617 45.470 213 73.99421 17.82459 1.16101 18.43 297.45 120.48 2.134e+14 -3.869e+13 1.506e+14 0.01961 89.64582 3.4406e+13 3.4406e+13 3.2897e+13 2.9275e+13 7.8470e+12 58.84055 30.98 0.02302 0.81494 0.52176 -19.08643 123.03138 -26.85351 0.86685 0.43929 -30.78847 100.06033 -30.49825 0.6600 3.650e+13 7.545e+12
41 45 3.3199e+12 319.23 290.79 368.591 56.006 135 92.93169 23.79885 1.29250 -270.66 -408.21 -133.71 1.017e+13 1.868e+13 -1.045e+13 0.05165 56.00586 3.3199e+12 3.3199e+12 3.3199e+12 1.2072e+12 0.0000e+00 73.57620 0.00 0.10179 0.41986 0.03653 133.16489 -54.73412 21.67089 0.83161 0.21045 41.46268 46.72946 -33.16191 0.7908 8.736e+12 1.811e+12
42 48 1.2072e+13 489.20 446.53 566.806 87.870 82 96.00186 22.45763 1.51564 -392.80 -304.44 -64.65 -2.198e+12 1.307e+12 4.320e+13 0.02004 87.87019 1.2072e+13 1.2072e+13 1.2072e+13 8.1488e+12 3.6217e+12 13.17740 0.00 0.02161 0.60423 0.25833 -70.95271 97.62106 -11.17679 0.90519 0.47254 21.15788 74.49474 13.57703 0.5445 1.186e+13 8.451e+12
43 15 4.7686e+13 750.66 794.15 895.984 160.377 192 71.86881 22.10609 0.28779 185.61 -228.99 101.25 -2.215e+14 -1.206e+13 -5.985e+13 0.00934 167.29472 4.7987e+13 4.7686e+13 4.3762e+13 2.9275e+13 1.3280e+13 142.06470 33.96 0.01163 0.84161 0.67200 75.74355 -60.97808 78.28505 0.78468 0.54082 69.87595 -27.52963 70.59647 0.6681 4.002e+13 3.682e+13
44 57 2.8370e+13 655.86 663.99 753.570 111.365 191 99.34340 22.26535 75.47377 -0.08 62.07 92.65 2.232e+14 9.686e+13 -1.399e+14 0.02803 111.36500 2.8370e+13 2.8370e+13 2.6861e+13 2.1127e+13 7.8470e+12 113.74068 0.00 0.03375 0.66815 0.36811 38.84363 -49.51215 101.57673 0.52446 0.29293 35.98303 -41.57193 77.22832 0.6530 2.637e+13 2.052e+13
45 63 3.3501e+13 627.06 635.59 796.505 324.153 189 64.86729 4.48896 71.82901 -34.49 85.39 -90.66 4.059e+13 -3.371e+14 -6.964e+13 0.02463 274.45602 3.3501e+13 3.5010e+13 2.9577e+13 1.6901e+13 4.5271e+12 57.76130 12.65 0.03159 0.54040 0.36405 120.73120 108.14145 -39.61250 0.54284 0.32755 92.30077 85.39874 -18.67107 0.6326 3.000e+13 4.738e+13
46 69 9.0542e+11 266.15 231.47 239.031 12.321 43 80.96195 83.55666 2.62973 -177.65 467.64 400.47 -1.974e+11 7.870e+11 1.198e+12 0.03832 12.32125 9.0542e+11 9.0542e+11 9.0542e+11 9.0542e+11 0.0000e+00 96.79827 0.00 0.05417 0.00000 0.00000 0.00000 0.00000 0.00000 0.24481 0.00000 66.32371 67.49705 -20.37541 1.9400 2.229e+12 0.000e+00
47 71 1.9014e+13 562.30 519.50 659.469 109.944 103 79.35050 85.29374 4.79363 -11.46 71.58 143.26 1.085e+14 3.948e+11 -1.627e+13 0.02374 109.94409 1.9014e+13 1.9014e+13 1.8410e+13 1.2374e+13 4.2253e+12 14.24305 0.00 0.02570 0.69816 0.31443 -72.52834 34.77654 75.05003 0.56602 0.13055 -59.85239 20.21337 66.07276 0.5455 1.706e+13 1.418e+13
48 70 1.2072e+12 218.10 236.97 263.088 52.909 36 80.41819 84.31642 3.61774 -205.66 337.31 377.36 -8.969e+12 -3.817e+12 -5.342e+12 0.24715 52.90909 1.2072e+12 1.2072e+12 9.0542e+11 3.0181e+11 0.0000e+00 49.14202 162.39 0.25768 0.22513 0.00000 -43.76397 72.92242 83.46193 0.00000 0.00000 0.00000 0.00000 0.00000 2.5586 5.899e+12 9.054e+11
49 67 5.1307e+12 353.12 501.59 426.152 85.999 71 86.47203 14.17914 99.88011 -114.14 50.50 27.36 -3.925e+13 4.229e+13 7.377e+13 0.16861 85.99945 6.9416e+12 5.1307e+12 4.2253e+12 3.0181e+12 0.0000e+00 48.86796 109.05 0.19470 0.47155 0.34826 112.44499 56.61049 54.39785 0.24585 0.03651 139.72528 -34.47081 82.36796 1.5049 5.152e+12 3.923e+12
50 68 9.0542e+11 187.35 38.48 239.031 91.129 69 90.59875 11.27294 98.93581 -78.55 335.27 128.14 1.442e+12 -7.343e+11 -5.520e+11 0.09917 91.12898 9.0542e+11 9.0542e+11 0.0000e+00 0.0000e+00 0.0000e+00 69.85854 68.35 0.06403 0.00000 0.00000 0.00000 0.00000 0.00000 0.00000 0.00000 0.00000 0.00000 0.00000 10.5209 6.664e+12 2.414e+12
51 67 1.2072e+12 209.35 203.87 263.088 77.077 38 89.29472 12.93781 99.41910 -260.26 105.85 115.09 -1.521e+13 -4.894e+12 1.080e+13 0.75731 77.07664 1.2072e+12 1.2072e+12 0.0000e+00 0.0000e+00 0.0000e+00 93.49228 229.48 0.44703 0.00000 0.00000 55.33600 -40.07053 152.48108 0.00000 0.00000 0.00000 0.00000 0.00000 7.5064 3.971e+12 1.509e+12
52 76 3.0181e+12 287.56 195.26 357.065 91.587 176 65.42706 25.35084 89.02869 265.76 -41.13 19.25 -1.692e+12 9.488e+12 1.355e+12 0.03606 91.58707 3.0181e+12 3.0181e+12 2.7163e+12 0.0000e+00 0.0000e+00 66.61879 0.00 0.04899 0.62314 0.18888 139.51167 23.07210 -76.82867 0.00000 0.00000 0.00000 0.00000 0.00000 0.4692 1.048e+13 3.018e+12
53 62 3.4708e+13 674.49 676.39 805.960 242.419 157 42.23199 42.02784 82.22964 136.71 -214.31 -257.31 -1.647e+14 -7.639e+12 -3.134e+13 0.01257 151.62701 3.4708e+13 3.4708e+13 3.3501e+13 2.2636e+13 9.0542e+12 28.33939 17.78 0.01442 0.66110 0.57814 0.20355 79.56573 106.45476 0.96184 0.79920 9.32798 51.53330 80.80421 0.6035 3.044e+13 3.622e+13
54 59 2.9275e+13 660.65 668.92 761.503 114.591 174 38.84536 22.14956 60.83785 127.64 306.42 -200.34 1.705e+14 -1.637e+13 9.472e+13 0.01876 114.59077 2.9275e+13 2.9275e+13 2.7163e+13 2.0825e+13 7.8470e+12 83.62738 5.83 0.02233 0.60102 0.41746 -15.62295 23.78839 117.77687 0.61961 0.42161 -13.88826 1.32818 96.45706 0.6440 2.586e+13 2.052e+13
55 55 9.0542e+11 200.03 68.01 239.031 44.985 30 69.39541 24.07218 94.52916 249.08 -192.78 178.72 -2.107e+12 3.766e+11 6.727e+11 0.03922 44.98463 9.0542e+11 9.0542e+11 9.0542e+11 3.0181e+11 0.0000e+00 66.84286 0.00 0.08400 0.00000 0.00000 0.00000 0.00000 0.00000 0.00000 0.00000 0.00000 0.00000 0.00000 0.2836 1.810e+12 6.036e+11
56 56 2.7163e+12 271.72 401.92 344.743 116.277 134 71.64059 22.58524 98.28095 157.41 -480.10 581.14 -1.303e+13 -9.657e+12 7.915e+12 0.12046 116.27718 2.7163e+12 2.7163e+12 1.8108e+12 0.0000e+00 0.0000e+00 85.22070 95.85 0.10827 0.37951 0.08034 -4.23376 184.02727 -139.03593 0.00000 0.00000 0.00000 0.00000 0.00000 2.4244 9.645e+12 2.716e+12
57 4 4.5271e+12 356.08 294.59 408.738 60.078 80 19.56226 9.96083 1.93684 276.40 -171.65 141.85 -9.233e+11 4.425e+13 -1.484e+13 0.09451 60.07830 4.5271e+12 4.5271e+12 4.2253e+12 3.0181e+12 0.0000e+00 48.93554 12.73 0.11956 0.38138 0.12547 151.91391 -70.72953 -11.86767 0.39830 0.04369 -4.18203 -2.92579 81.85896 0.5655 6.333e+12 3.018e+12
58 65 1.0563e+13 428.37 354.31 542.130 175.279 79 27.17764 28.95265 63.66952 112.51 34.29 -7.02 3.673e+12 1.354e+13 1.622e+13 0.01050 175.27948 1.0563e+13 1.0563e+13 8.4506e+12 3.9235e+12 0.0000e+00 22.70693 0.00 0.01338 0.79170 0.18514 -32.41312 -56.11855 104.44598 0.55272 0.07433 -11.12034 55.96183 -48.03997 0.5418 1.244e+13 1.268e+13
59 66 5.4325e+12 344.56 308.20 434.349 132.538 41 28.92008 28.26258 64.60795 -7.33 48.26 -278.94 -3.008e+12 -3.043e+12 -1.653e+13 0.02340 132.53751 5.4325e+12 5.4325e+12 4.8289e+12 2.1127e+12 0.0000e+00 61.36666 23.58 0.03227 0.86598 0.41111 -41.69379 96.22347 -6.45621 0.57824 0.26595 -5.11121 70.13543 -46.40491 0.6103 6.420e+12 6.338e+12
60 60 2.0221e+13 558.21 550.71 673.141 135.066 114 4.71836 3.95626 77.17995 -6.98 360.09 203.12 4.699e+13 -8.209e+13 4.180e+13 0.01809 135.06647 2.0221e+13 2.0221e+13 1.8108e+13 1.3581e+13 4.8289e+12 9.40873 0.00 0.02186 0.64282 0.31348 -28.36234 85.65411 -79.74438 0.38814 0.27393 -18.03377 70.84684 -61.24182 0.6237 1.699e+13 1.690e+13
61 61 3.6217e+12 305.00 278.23 379.439 99.191 30 4.72213 6.15545 75.26931 -113.53 78.85 278.68 -8.229e+12 2.386e+13 2.446e+13 0.05912 99.19128 3.6217e+12 3.6217e+12 3.0181e+12 6.0361e+11 0.0000e+00 65.88360 20.28 0.13057 0.60218 0.01546 144.53294 94.71022 -76.17820 0.00000 0.00000 0.00000 0.00000 0.00000 0.8106 4.302e+12 3.622e+12
62 52 4.2253e+12 316.88 260.52 399.445 121.846 56 52.64411 44.25742 44.56397 -6.52 15.98 55.81 -2.888e+13 7.486e+12 -2.091e+13 0.05959 121.84614 4.2253e+12 4.2253e+12 2.7163e+12 0.0000e+00 0.0000e+00 62.65155 0.00 0.10469 0.88974 0.61650 -5.39428 198.26208 3.26822 0.00000 0.00000 0.00000 0.00000 0.00000 0.6834 5.974e+12 4.225e+12
63 54 8.4506e+12 400.19 360.21 503.269 148.757 104 52.74544 45.43937 44.30689 2.19 -288.27 -70.94 9.954e+13 5.636e+12 3.702e+13 0.05271 148.75667 8.4506e+12 8.4506e+12 6.6398e+12 9.0542e+11 0.0000e+00 185.98331 21.10 0.09625 0.05944 0.00621 38.97514 314.18735 -129.13779 0.81265 0.12129 -3.61065 -23.49971 60.44229 0.7394 1.295e+13 1.177e+13
64 74 3.1388e+13 650.74 591.55 779.397 261.751 159 65.79683 64.17883 38.80941 -51.42 33.13 155.02 -3.293e+14 -1.903e+14 1.438e+14 0.03839 148.99731 3.1388e+13 3.1388e+13 2.8974e+13 1.8410e+13 8.7524e+12 31.25969 5.77 0.04131 0.72782 0.65458 38.21904 -48.51424 107.56977 0.72024 0.59748 9.32076 -30.25693 89.50545 0.5250 2.765e+13 4.014e+13
65 96 1.5996e+13 551.40 508.72 622.548 83.645 94 81.80570 15.10069 2.03784 -170.80 164.18 -21.96 -5.546e+13 -8.768e+13 6.427e+13 0.03188 83.64475 1.5996e+13 1.5996e+13 1.4487e+13 1.0261e+13 0.0000e+00 87.55596 9.25 0.03813 0.64883 0.34741 -41.58834 121.85996 -56.48510 0.32794 0.30653 -41.35970 100.78072 33.65816 0.6087 1.438e+13 9.960e+12
66 91 6.0361e+11 170.84 0.00 208.813 46.498 143 96.78882 96.25198 92.43883 66.13 369.53 245.39 -3.601e+11 -2.996e+10 -1.400e+11 0.00930 46.49760 6.0361e+11 6.0361e+11 6.0361e+11 3.0181e+11 0.0000e+00 72.33409 59.70 0.02852 0.00000 0.00000 0.00000 0.00000 0.00000 0.00000 0.00000 0.00000 0.00000 0.00000 0.0000 7.859e+12 3.018e+11
67 77 2.2334e+13 590.52 583.46 695.812 119.429 108 42.28227 85.34829 45.65029 185.58 51.24 -19.73 9.261e+13 -9.769e+13 -1.199e+14 0.02516 119.42868 2.2334e+13 2.2334e+13 2.1428e+13 1.3280e+13 2.4145e+12 82.09053 0.00 0.03230 0.80278 0.58844 71.22913 125.72763 70.96678 0.87702 0.74037 8.36663 112.07651 18.23951 0.6529 2.111e+13 1.720e+13
68 79 1.6298e+13 607.14 485.84 626.439 55.160 69 42.96097 17.85297 46.07237 120.08 171.26 -558.15 -3.364e+13 7.004e+13 -5.405e+13 0.02804 55.15990 1.6298e+13 1.6298e+13 1.5090e+13 9.0542e+12 6.3380e+12 50.24354 0.00 0.02867 0.52611 0.32641 -59.68960 6.75824 85.21342 0.59495 0.42251 -26.05185 11.49419 74.05785 0.5137 1.473e+13 7.545e+12
69 79 2.4145e+12 268.35 123.32 331.470 80.849 30 43.49123 17.89542 45.58474 -263.62 32.02 -323.13 1.629e+12 5.409e+11 -4.680e+12 0.03017 80.84949 2.4145e+12 2.4145e+12 1.8108e+12 3.0181e+11 0.0000e+00 77.66585 0.00 0.03640 0.00000 0.00000 191.44821 117.64336 -60.24551 0.00000 0.00000 0.00000 0.00000 0.00000 0.2174 4.159e+12 2.414e+12
70 81 1.8410e+13 550.49 554.89 652.416 116.211 119 32.86406 13.92249 43.42907 407.75 86.09 -110.51 -6.962e+13 -1.112e+13 9.204e+13 0.02269 116.21124 1.8410e+13 1.8410e+13 1.7203e+13 1.1167e+13 4.8289e+12 40.25948 0.00 0.02866 0.78050 0.47406 87.01518 -80.48694 -8.14965 0.86767 0.50877 79.07409 -45.70195 11.75237 0.6547 1.675e+13 1.479e+13
71 75 2.4145e+13 631.36 562.07 714.131 96.881 138 89.81165 35.24097 66.85221 -31.30 -173.33 -188.17 6.456e+13 -3.228e+13 3.623e+13 0.01162 96.88116 2.4145e+13 2.4145e+13 2.2636e+13 1.3280e+13 6.9416e+12 66.18622 6.76 0.01270 0.69461 0.49979 43.20091 98.39236 2.03589 0.70100 0.43362 62.12524 -29.09316 -30.61886 0.5453 2.107e+13 1.237e+13
72 82 1.5996e+13 625.93 598.00 622.548 47.117 88 38.14213 9.51116 9.20006 -34.19 327.32 -33.32 5.256e+13 2.132e+13 4.171e+13 0.02156 47.11651 1.5996e+13 1.5996e+13 1.5694e+13 1.4487e+13 6.9416e+12 66.12772 0.00 0.02200 0.79767 0.50080 51.38327 -10.24133 77.66818 0.67216 0.36223 35.01539 17.69629 76.00415 0.6073 1.990e+13 6.942e+12
73 83 9.0542e+12 516.14 390.16 514.977 39.472 45 38.29706 10.44176 9.75511 -275.05 -48.42 -149.31 -4.016e+12 -6.776e+13 1.754e+13 0.06039 39.47230 9.0542e+12 9.0542e+12 8.7524e+12 7.2434e+12 4.2253e+12 73.58702 20.43 0.05656 0.72854 0.64070 5.54989 90.94019 24.96483 0.64383 0.33555 35.36442 82.43481 2.21641 0.4476 9.617e+12 4.225e+12
74 87 6.3380e+12 361.67 293.71 457.251 145.533 47 69.58461 37.99965 55.36369 -31.46 37.68 125.83 -5.186e+13 7.427e+12 2.970e+13 0.06673 145.53300 6.3380e+12 6.3380e+12 5.1307e+12 2.1127e+12 0.0000e+00 64.06574 0.00 0.08802 0.74675 0.14402 82.25539 31.39024 55.71058 0.39393 0.00499 78.56882 -33.71201 84.07121 0.5478 6.213e+12 8.149e+12
75 88 1.6298e+13 564.63 520.85 626.439 76.942 61 69.88145 38.97200 55.74392 -128.84 -274.21 -122.54 4.409e+13 5.980e+13 2.865e+13 0.02255 76.94209 1.6298e+13 1.6298e+13 1.5996e+13 1.2072e+13 4.5271e+12 15.84602 0.00 0.02412 0.79534 0.51171 56.18276 89.19020 27.67056 0.62879 0.31847 51.53491 63.72165 52.16157 0.5650 1.633e+13 1.026e+13
76 80 3.2293e+13 743.04 757.36 786.821 76.339 127 34.60847 5.65992 40.93229 82.22 424.33 -9.33 -2.672e+12 3.083e+13 1.816e+13 0.00296 77.57650 3.2293e+13 3.2293e+13 3.1086e+13 2.4748e+13 1.1167e+13 48.39465 8.91 0.00348 0.63327 0.49284 -15.62582 114.20647 9.05744 0.69838 0.44786 -19.82234 91.61887 8.83413 0.6773 3.153e+13 1.569e+13
77 90 9.0542e+12 409.14 297.77 514.977 153.976 117 62.29781 9.21470 89.26267 28.38 135.72 -70.48 3.416e+12 -2.289e+13 3.626e+13 0.03124 153.97560 9.0542e+12 9.0542e+12 7.8470e+12 3.9235e+12 0.0000e+00 8.45949 17.04 0.03470 0.38421 0.24819 128.73656 13.81916 80.64329 0.59440 0.29367 72.55782 37.54227 111.81809 0.4128 7.741e+12 9.960e+12
78 101 1.5090e+12 224.25 102.52 283.403 89.692 44 51.47379 40.41277 48.99286 112.26 16.37 -34.73 5.935e+11 3.842e+11 -2.403e+12 0.01272 89.69176 1.5090e+12 1.5090e+12 0.0000e+00 0.0000e+00 0.0000e+00 190.35527 76.76 0.04003 0.00000 0.00000 61.34796 264.17923 -25.10452 0.00000 0.00000 0.00000 0.00000 0.00000 1.1826 7.611e+12 2.414e+12
79 102 7.2434e+12 392.53 310.25 478.063 103.414 72 51.70242 41.69191 48.34062 124.04 -344.01 -66.35 -4.175e+13 7.505e+12 -8.282e+12 0.03961 103.41421 7.2434e+12 7.2434e+12 7.2434e+12 2.7163e+12 0.0000e+00 60.42059 0.00 0.05057 0.35699 0.07352 -20.65599 -136.22185 170.60143 0.16951 0.00000 17.89600 -5.69995 141.11310 0.5278 1.002e+13 6.640e+12
80 84 4.2253e+12 313.00 286.56 399.445 153.538 111 79.05418 25.96368 79.18278 -74.36 -147.24 -20.27 -9.331e+12 -1.853e+13 3.432e+12 0.02357 153.53787 4.2253e+12 4.2253e+12 1.8108e+12 6.0361e+11 0.0000e+00 96.69315 55.84 0.06043 0.26271 0.10190 65.22537 96.49821 -51.12710 0.00000 0.00000 0.00000 0.00000 0.00000 0.8447 1.043e+13 9.960e+12
81 86 2.5352e+13 608.47 610.18 725.840 134.993 108 66.63041 94.62850 67.09521 -79.88 383.81 -235.26 1.400e+14 5.129e+13 -3.353e+13 0.01870 134.99272 2.5352e+13 2.5352e+13 2.4446e+13 1.4789e+13 6.9416e+12 39.26506 0.00 0.02216 0.73535 0.46144 -41.11535 102.43690 57.52516 0.78530 0.48084 -35.77155 74.30511 45.59665 0.6221 2.241e+13 1.901e+13
82 95 2.2334e+13 616.63 590.33 695.812 93.214 106 38.43312 83.31408 96.13861 209.56 138.74 56.94 -6.506e+13 -4.364e+13 1.752e+13 0.01322 93.21389 2.2334e+13 2.2334e+13 2.2334e+13 1.7505e+13 5.1307e+12 47.94514 0.00 0.01438 0.85045 0.62163 64.02230 69.12909 67.98882 0.86121 0.54124 21.99536 78.19880 52.63216 0.5780 2.239e+13 1.418e+13
83 100 1.1469e+13 566.95 435.68 557.197 40.215 102 60.39885 28.35788 86.47308 267.11 -206.37 193.77 -3.771e+13 -7.963e+13 -6.879e+13 0.05693 40.21481 1.1469e+13 1.1469e+13 1.0563e+13 7.2434e+12 4.5271e+12 38.96367 0.00 0.06081 0.67908 0.37916 -64.95836 -32.61320 59.86504 0.69659 0.54302 54.21929 36.17693 -27.09152 0.5353 1.249e+13 4.527e+12
84 94 1.4487e+13 619.10 585.51 602.321 41.783 99 96.73627 24.19485 49.85806 -55.60 -201.93 274.42 -8.908e+13 7.493e+12 -2.194e+12 0.03022 41.78320 1.4487e+13 1.4487e+13 1.4185e+13 1.2676e+13 7.2434e+12 30.50418 12.67 0.03296 0.63042 0.42308 -56.44933 70.93764 34.02377 0.58360 0.33264 52.30143 -55.97207 -31.02650 0.6503 1.743e+13 6.640e+12
85 99 1.1167e+13 512.60 392.32 552.266 58.905 93 2.07160 18.11492 53.48016 -115.63 292.07 -141.00 2.807e+13 -1.938e+13 2.103e+13 0.02193 58.90535 1.1167e+13 1.1167e+13 9.9596e+12 6.0361e+12 3.6217e+12 35.94513 0.00 0.02279 0.96012 0.41756 3.52208 91.27714 19.55851 0.86113 0.49074 -36.47439 13.09349 59.55022 0.4775 9.656e+12 4.527e+12
86 97 4.8289e+12 359.07 208.40 417.626 66.215 37 58.90342 0.69762 62.72920 148.96 7.76 130.22 4.076e+12 2.776e+13 1.304e+13 0.06452 66.21477 4.8289e+12 4.8289e+12 4.8289e+12 6.0361e+11 0.0000e+00 23.41401 0.00 0.07117 0.20356 0.00696 83.39594 -3.76949 55.49441 0.00000 0.00000 0.00000 0.00000 0.00000 0.3232 4.866e+12 2.414e+12
87 98 8.1488e+12 398.16 326.32 497.205 135.277 55 56.98936 0.26623 67.14377 239.20 110.10 -18.70 4.594e+13 -3.022e+13 6.415e+12 0.04652 135.27650 8.1488e+12 8.1488e+12 6.6398e+12 4.5271e+12 1.2072e+12 18.36483 0.00 0.05323 0.64175 0.49536 -59.91631 -14.10689 103.57909 0.80353 0.40926 44.32377 -46.77472 -38.39024 0.4888 7.123e+12 8.149e+12
88 103 5.1307e+12 334.42 232.93 426.152 157.380 90 90.33258 90.03817 23.14371 -32.61 346.55 -50.31 1.320e+13 8.853e+12 -1.875e+11 0.02531 157.38010 5.1307e+12 5.1307e+12 4.5271e+12 3.0181e+11 0.0000e+00 73.21825 24.30 0.03304 0.71858 0.36280 123.05266 -9.35738 -102.65891 0.00000 0.00000 0.00000 0.00000 0.00000 0.4693 7.015e+12 8.451e+12
89 104 2.7163e+12 277.44 224.79 344.743 89.055 85 53.61781 55.90396 36.91593 -106.46 -34.65 115.53 -8.651e+12 -6.149e+12 6.354e+12 0.04483 89.05510 2.7163e+12 2.7163e+12 2.1127e+12 6.0361e+11 0.0000e+00 34.10299 0.00 0.07423 0.55838 0.00645 86.72168 7.73691 -24.88322 0.00000 0.00000 0.00000 0.00000 0.00000 0.6331 8.408e+12 2.716e+12
90 93 1.7505e+13 589.63 614.68 641.540 71.661 84 86.55096 14.14853 0.08780 -38.01 -5.27 94.47 2.517e+13 -2.479e+13 -1.072e+14 0.02007 71.66129 1.8712e+13 1.7505e+13 1.5996e+13 1.1469e+13 6.3380e+12 103.79942 21.78 0.03035 0.54138 0.28113 -14.18358 106.89510 -7.57293 0.72629 0.38623 -39.21199 69.03223 1.77169 0.7740 1.566e+13 8.752e+12
91 109 5.7343e+12 347.93 326.16 442.248 154.416 84 76.44151 57.19768 50.56131 -662.42 15.91 79.81 -2.902e+13 4.911e+13 9.264e+12 0.02792 154.41594 5.7343e+12 5.7343e+12 1.8108e+12 3.0181e+11 0.0000e+00 92.71979 170.06 0.09981 0.21622 0.03399 -28.01192 83.43395 -19.34194 0.00000 0.00000 0.00000 0.00000 0.00000 1.0779 9.754e+12 1.026e+13
92 106 8.1488e+12 491.37 376.53 497.205 40.354 83 87.73153 52.55260 70.83960 -211.26 -398.51 -230.08 2.015e+13 2.424e+13 -1.579e+13 0.03445 40.35428 8.1488e+12 8.1488e+12 7.8470e+12 6.9416e+12 0.0000e+00 21.79871 0.00 0.03390 0.65526 0.52890 108.27137 3.97168 32.44094 0.25564 0.16442 98.36312 -5.82809 31.33197 0.4774 1.013e+13 2.414e+12
93 -1 1.2072e+12 213.56 181.23 263.088 62.637 82 64.69550 97.58511 68.37246 117.60 340.11 -298.14 3.253e+12 6.349e+11 4.036e+12 0.04489 62.63650 1.2072e+12 1.2072e+12 1.2072e+12 0.0000e+00 0.0000e+00 88.63224 83.98 0.12107 0.64626 0.07718 93.03964 47.87479 89.08613 0.00000 0.00000 0.00000 0.00000 0.00000 1.2668 5.294e+12 1.207e+12
94 72 1.2978e+13 457.93 383.89 580.636 193.699 81 39.30318 3.07247 4.72419 115.22 411.37 161.41 6.090e+13 3.686e+12 -8.018e+13 0.03933 193.69946 1.2978e+13 1.2978e+13 8.7524e+12 6.3380e+12 1.2072e+12 77.09631 0.00 0.04461 0.52184 0.31143 112.93141 -60.91968 21.53520 0.36962 0.18773 81.42684 -58.06714 -3.69923 0.4869 1.252e+13 1.630e+13
95 110 1.8108e+12 235.93 143.86 301.161 116.576 30 3.00238 96.47587 1.86305 -9.02 702.91 -5.44 -4.238e+12 5.544e+11 5.378e+12 0.04902 116.57639 1.8108e+12 1.8108e+12 1.2072e+12 3.0181e+11 0.0000e+00 61.16238 28.60 0.08102 0.18536 0.08467 51.37066 126.73644 -55.77921 0.00000 0.00000 0.00000 0.00000 0.00000 0.5020 3.476e+12 3.622e+12
96 111 8.1488e+12 402.98 307.38 497.205 120.050 50 3.40879 99.51242 1.26550 -211.62 537.79 -57.36 -3.431e+13 -2.726e+13 -5.070e+12 0.03658 120.04997 8.1488e+12 8.1488e+12 7.5452e+12 4.2253e+12 0.0000e+00 68.76379 0.00 0.04242 0.30682 0.01949 123.81995 158.71681 -86.61047 0.37636 0.05706 80.22648 145.62093 -100.78069 0.4654 7.170e+12 8.149e+12
97 73 1.6599e+13 552.82 509.50 630.283 89.243 79 39.81598 4.41514 6.16577 -157.15 236.36 -55.78 3.068e+11 -4.022e+13 9.994e+13 0.02821 89.24311 1.6599e+13 1.6599e+13 1.5694e+13 1.1469e+13 1.8108e+12 24.11450 0.00 0.03165 0.60933 0.51323 37.01807 142.62833 24.77099 0.73106 0.52548 36.36286 109.80022 22.81757 0.5708 1.570e+13 1.147e+13
98 116 2.4145e+12 259.48 232.14 331.470 131.650 77 41.66725 29.64436 75.65926 163.35 8.10 -248.73 1.373e+13 6.192e+12 1.849e+13 0.09691 131.65038 2.4145e+12 2.4145e+12 6.0361e+11 0.0000e+00 0.0000e+00 90.80936 158.02 0.17413 0.27361 0.00000 135.99104 -30.52973 -17.06678 0.00000 0.00000 0.00000 0.00000 0.00000 1.4072 4.872e+12 4.829e+12
99 108 1.6599e+13 588.50 553.52 630.283 65.409 76 38.05472 52.23798 42.77108 230.36 -108.53 -42.40 -4.710e+13 -5.302e+12 2.399e+13 0.01378 65.40942 1.6599e+13 1.6599e+13 1.5694e+13 1.2978e+13 5.4325e+12 39.36971 0.00 0.01560 0.88432 0.52866 85.20418 -18.18040 54.46448 0.42387 0.32323 56.23379 5.79278 78.97725 0.6186 1.751e+13 7.545e+12
100 119 3.3199e+12 302.56 295.88 368.591 79.914 76 70.91736 25.65481 3.68217 152.94 -473.82 164.31 2.018e+12 -7.660e+12 -1.546e+12 0.00497 79.91409 3.3199e+12 3.3199e+12 3.3199e+12 9.0542e+11 0.0000e+00 72.62749 0.00 0.03466 0.21100 0.03235 90.86372 72.85791 -88.39138 0.29964 0.13832 -60.85273 -55.20232 82.70592 1.0203 8.090e+12 2.414e+12
101 117 1.7505e+13 561.73 546.13 641.540 91.687 75 65.61710 91.62569 27.29926 193.93 344.92 34.72 -5.240e+13 -1.159e+13 -4.563e+13 0.01679 91.68687 1.7505e+13 1.7505e+13 1.6901e+13 1.3883e+13 5.4325e+12 117.66955 0.00 0.01894 0.83400 0.47853 -23.37140 -64.82420 90.16228 0.60488 0.45173 0.22779 73.30848 -59.45617 0.5995 1.693e+13 1.117e+13
102 114 1.2978e+13 460.64 404.85 580.636 176.978 74 5.22289 12.81902 11.00638 -97.67 -138.14 -265.88 9.651e+12 -6.535e+12 1.839e+13 0.00872 176.97772 1.2978e+13 1.2978e+13 1.1167e+13 6.6398e+12 2.1127e+12 83.50669 0.00 0.00964 0.54998 0.44352 118.63139 14.51362 21.07882 0.35449 0.21059 82.32242 -22.27422 -52.27928 0.4873 1.107e+13 1.509e+13
103 85 5.7343e+12 367.33 271.04 442.248 87.707 73 81.94855 30.07056 66.98676 -61.53 -90.58 18.23 2.621e+13 -2.322e+13 2.415e+13 0.06538 87.70705 5.7343e+12 5.7343e+12 4.8289e+12 2.7163e+12 0.0000e+00 71.62553 34.58 0.07347 0.73065 0.53379 73.45620 -73.47021 -7.15037 0.51733 0.28640 -43.46565 39.34927 47.44286 0.4465 8.033e+12 4.829e+12
104 118 3.0181e+12 288.06 211.23 357.065 90.018 72 57.57545 30.28069 27.72403 -11.89 -130.54 316.97 1.628e+13 -1.974e+12 2.460e+13 0.09801 90.01800 3.0181e+12 3.0181e+12 2.7163e+12 3.0181e+11 0.0000e+00 36.49209 0.00 0.14883 0.96205 0.23931 74.18812 93.83869 119.08958 0.00000 0.00000 0.00000 0.00000 0.00000 0.5427 5.628e+12 3.018e+12
105 115 1.7203e+13 552.44 513.81 637.832 96.896 69 51.86499 52.76747 39.74687 159.02 -106.82 -112.10 -8.804e+13 -1.140e+14 -8.985e+13 0.04094 96.89565 1.7203e+13 1.7203e+13 1.5996e+13 1.1770e+13 3.6217e+12 31.33558 0.00 0.04698 0.63422 0.43688 12.35978 90.83054 -55.92654 0.55467 0.39757 12.55758 79.23441 -41.01950 0.5872 1.504e+13 1.177e+13
106 153 3.3199e+12 310.77 196.61 368.591 65.984 67 2.75022 12.52075 9.37756 5.30 -110.57 -78.28 1.615e+12 5.745e+12 -6.303e+11 0.02005 65.98390 3.3199e+12 3.3199e+12 3.3199e+12 9.0542e+11 0.0000e+00 17.66089 0.00 0.02577 0.72032 0.33566 128.89717 14.48086 90.71152 0.74582 0.07797 -2.07312 -45.95334 109.95246 0.4363 5.645e+12 1.811e+12
107 121 9.6578e+12 424.28 310.65 526.176 133.304 67 61.65900 42.07040 68.94731 -11.72 -232.26 -316.17 2.037e+13 2.246e+13 -7.547e+12 0.01976 133.30360 9.6578e+12 9.6578e+12 8.1488e+12 3.6217e+12 0.0000e+00 113.24596 0.00 0.02264 0.37480 0.26936 -27.71137 -74.07367 170.15237 0.21096 0.05070 -52.59984 -51.38218 145.91040 0.4397 8.560e+12 9.658e+12
108 107 1.0261e+13 483.28 396.80 536.917 66.398 66 21.83324 13.71659 29.88968 235.75 30.51 -98.34 -3.274e+12 1.150e+14 6.031e+13 0.08061 66.39817 1.0261e+13 1.0261e+13 9.6578e+12 7.2434e+12 1.2072e+12 26.30795 0.00 0.08506 0.59694 0.37329 103.80733 45.95535 16.72699 0.20019 0.17838 69.28252 54.53485 75.83678 0.5018 9.496e+12 6.338e+12
109 120 6.6398e+12 399.12 286.00 464.396 73.798 62 86.30849 70.65104 9.82202 -297.06 239.94 131.82 -2.618e+13 1.075e+13 -5.091e+12 0.03540 73.79836 6.6398e+12 6.6398e+12 6.3380e+12 4.5271e+12 0.0000e+00 20.82250 0.00 0.03890 0.61522 0.48654 -26.87492 111.46259 -91.54523 0.70492 0.15831 -38.50170 106.26204 71.20374 0.4322 6.725e+12 4.527e+12
110 122 4.5271e+12 411.56 243.16 408.738 30.753 59 97.40443 23.64091 53.09669 -87.67 -22.81 -47.56 1.744e+13 -1.088e+13 6.984e+12 0.06423 30.75308 4.5271e+12 4.5271e+12 4.5271e+12 4.5271e+12 1.2072e+12 20.10762 0.00 0.05559 0.59917 0.57770 -52.17035 -5.21421 69.22011 0.60583 0.23878 -23.63018 -2.98256 77.17455 0.2959 7.120e+12 1.207e+12
111 131 9.0542e+12 533.35 426.26 514.977 34.692 58 96.38348 28.56038 63.87204 -116.57 80.51 93.98 4.242e+12 -4.469e+13 1.443e+12 0.03549 34.69180 9.0542e+12 9.0542e+12 8.7524e+12 7.2434e+12 3.6217e+12 71.18670 0.00 0.03623 0.72201 0.38790 47.30691 6.28710 71.92583 0.53643 0.36377 21.43282 -36.94579 64.52592 0.5409 1.052e+13 3.622e+12
112 126 3.3199e+12 298.30 205.32 368.591 90.192 58 24.99487 58.42686 24.59818 150.86 -88.31 234.81 -1.000e+13 -2.255e+12 -4.208e+12 0.03514 90.19199 3.3199e+12 3.3199e+12 3.0181e+12 6.0361e+11 0.0000e+00 57.66745 0.00 0.04759 0.13468 0.00000 81.83363 57.91969 -78.30977 0.00000 0.00000 0.00000 0.00000 0.00000 0.4822 4.893e+12 3.320e+12
113 129 5.7343e+12 349.96 256.86 442.248 139.792 57 1.28111 25.08541 70.99423 -478.95 -41.50 -11.13 -2.398e+13 -2.272e+13 -1.700e+13 0.05441 139.79189 5.7343e+12 5.7343e+12 5.1307e+12 1.5090e+12 0.0000e+00 76.72302 30.24 0.06417 0.81275 0.26801 95.78800 -77.96737 -82.04122 0.70299 0.23618 26.50501 80.19978 -62.29537 0.4417 5.962e+12 6.338e+12
114 125 2.1127e+12 252.79 173.15 317.040 90.627 55 42.00488 0.54420 23.32066 200.08 283.05 -69.36 5.558e+12 -4.073e+12 9.090e+12 0.07364 90.62729 2.1127e+12 2.1127e+12 1.5090e+12 6.0361e+11 0.0000e+00 71.80401 15.30 0.10406 0.79818 0.22123 -95.96797 120.62798 30.15942 0.00000 0.00000 0.00000 0.00000 0.00000 0.4519 4.557e+12 2.414e+12
115 127 9.0542e+12 406.00 342.07 514.977 172.891 55 36.40569 27.59748 50.62643 454.42 -132.05 -160.76 1.359e+13 1.977e+13 -5.289e+13 0.03610 172.89088 9.0542e+12 9.0542e+12 7.8470e+12 3.9235e+12 0.0000e+00 54.92025 21.47 0.04685 0.62088 0.20716 -25.23147 18.15010 150.29189 0.08520 0.00000 8.69105 1.50309 106.63995 0.5661 8.059e+12 1.056e+13
116 38 1.5090e+12 247.58 140.73 283.403 41.017 54 72.67889 0.68956 23.64403 -262.17 288.41 183.53 5.275e+12 2.760e+12 -2.388e+12 0.06144 41.01687 1.5090e+12 1.5090e+12 1.5090e+12 0.0000e+00 0.0000e+00 80.29853 0.00 0.10252 0.28495 0.00000 -33.09812 146.26123 -34.98992 0.00000 0.00000 0.00000 0.00000 0.00000 0.4622 4.679e+12 3.018e+11
117 130 6.6398e+12 381.27 304.35 464.396 100.537 53 71.77238 65.11382 54.07303 116.36 -186.61 -734.00 6.095e+13 -5.563e+13 -4.486e+11 0.09203 100.53652 6.6398e+12 6.6398e+12 6.6398e+12 3.9235e+12 0.0000e+00 45.48002 29.42 0.11164 0.24037 0.05916 26.95437 -64.33591 104.57444 0.07083 0.00000 26.45978 -55.25874 81.64426 0.5064 6.762e+12 6.338e+12
118 55 9.0542e+11 213.52 250.51 239.031 30.723 51 68.20155 24.49981 92.25171 99.08 -321.96 59.63 -1.447e+12 2.860e+11 6.917e+10 0.05261 30.72296 9.0542e+11 9.0542e+11 9.0542e+11 0.0000e+00 0.0000e+00 159.17996 0.00 0.05530 0.00000 0.00000 0.00000 0.00000 0.00000 0.00000 0.00000 0.00000 0.00000 0.00000 4.0832 4.139e+12 0.000e+00
119 136 6.6398e+12 402.57 243.31 464.396 70.199 48 54.65129 38.25291 53.00716 -209.29 -1.63 -75.90 -2.200e+13 5.078e+12 1.332e+12 0.03064 70.19862 6.6398e+12 6.6398e+12 6.0361e+12 4.5271e+12 0.0000e+00 46.34386 18.73 0.03059 0.77296 0.49872 77.05861 101.03652 -31.86657 0.74895 0.42694 -2.17276 91.45191 -54.86901 0.3118 6.188e+12 4.527e+12
120 138 6.9416e+12 394.79 295.12 471.328 88.151 48 71.06179 25.94564 19.06497 -293.33 -34.71 -119.78 1.440e+13 7.355e+12 -6.353e+12 0.01951 88.15059 6.9416e+12 6.9416e+12 6.6398e+12 4.5271e+12 0.0000e+00 42.65355 0.00 0.02182 0.58161 0.24931 128.29503 -74.68218 -63.97418 0.24718 0.13485 164.63181 47.18964 -2.22513 0.4562 6.063e+12 5.433e+12
121 166 2.7163e+12 272.39 202.29 344.743 111.532 48 19.71547 12.56449 44.84628 297.78 58.27 -44.93 2.363e+13 -1.503e+12 2.635e+12 0.08492 111.53249 2.7163e+12 2.7163e+12 1.5090e+12 0.0000e+00 0.0000e+00 83.97794 5.91 0.14297 0.81910 0.58524 176.93654 -10.83065 57.95530 0.00000 0.00000 0.00000 0.00000 0.00000 0.6005 6.433e+12 2.716e+12
122 137 2.1127e+12 261.78 164.85 317.040 65.683 46 45.91567 93.53341 75.88048 274.23 9.86 103.35 -2.177e+12 2.265e+12 9.418e+11 0.02079 65.68264 2.1127e+12 2.1127e+12 2.1127e+12 0.0000e+00 0.0000e+00 46.50145 0.00 0.02992 0.68519 0.02467 114.46155 -41.93321 32.51027 0.00000 0.00000 0.00000 0.00000 0.00000 0.4678 5.867e+12 1.509e+12
123 143 6.0361e+11 168.66 0.00 208.813 52.053 45 75.65562 32.24226 61.95797 39.29 -112.66 -1.90 -3.750e+11 1.873e+11 -1.105e+11 0.01319 52.05321 6.0361e+11 6.0361e+11 3.0181e+11 3.0181e+11 0.0000e+00 87.47048 38.11 0.03190 0.00000 0.00000 0.00000 0.00000 0.00000 0.00000 0.00000 0.00000 0.00000 0.00000 0.0000 3.810e+12 6.036e+11
124 128 2.1127e+12 257.67 194.10 317.040 74.681 45 29.19286 25.82100 15.76935 213.33 -357.71 -130.43 -1.612e+12 -7.010e+12 -1.103e+12 0.04012 74.68137 2.1127e+12 2.1127e+12 2.1127e+12 9.0542e+11 0.0000e+00 51.08730 0.00 0.06638 0.29876 0.18078 120.91113 -40.40139 -38.42437 0.58781 0.00000 72.39059 -10.68040 6.41138 0.6103 3.658e+12 2.113e+12
125 142 2.1127e+12 251.70 243.64 317.040 95.727 45 41.63107 22.72206 13.55118 12.81 -240.75 122.95 -1.898e+12 3.409e+12 3.658e+12 0.02460 95.72693 2.1127e+12 2.1127e+12 9.0542e+11 3.0181e+11 0.0000e+00 36.82151 65.04 0.04878 0.16891 0.00000 -124.92501 158.42422 93.18636 0.00000 0.00000 0.00000 0.00000 0.00000 1.3443 3.917e+12 2.716e+12
126 10 6.0361e+11 174.57 0.00 208.813 39.561 44 70.82061 56.62339 49.66671 44.67 458.51 4.40 2.850e+11 -7.066e+11 -2.585e+12 0.20830 39.56112 6.0361e+11 6.0361e+11 6.0361e+11 0.0000e+00 0.0000e+00 117.49521 234.75 0.19833 0.00000 0.00000 0.00000 0.00000 0.00000 0.00000 0.00000 0.00000 0.00000 0.00000 0.0000 3.287e+12 3.018e+11
127 144 9.3560e+12 505.98 447.97 520.637 45.317 44 79.10212 9.76522 62.28404 -85.81 165.37 33.08 1.048e+13 -2.395e+13 7.658e+12 0.01995 45.31667 9.3560e+12 9.3560e+12 9.0542e+12 7.2434e+12 3.6217e+12 58.66928 14.47 0.02081 0.87866 0.64907 79.94767 -34.55209 9.23155 0.72227 0.47717 70.62673 -5.36372 25.26984 0.5651 1.061e+13 4.829e+12
128 133 6.0361e+11 215.69 0.00 208.813 14.212 44 70.59414 84.91306 41.24292 -296.55 63.89 81.55 0.000e+00 0.000e+00 0.000e+00 0.00000 14.21226 6.0361e+11 6.0361e+11 6.0361e+11 6.0361e+11 0.0000e+00 22.07956 0.00 0.00000 0.00000 0.00000 0.00000 0.00000 0.00000 0.00000 0.00000 0.00000 0.00000 0.00000 0.0000 2.551e+12 3.018e+11
129 146 1.8108e+12 243.08 151.20 301.161 75.562 43 86.91508 49.20103 71.49456 -22.12 -262.16 -138.97 -1.449e+11 9.250e+11 8.099e+11 0.01034 75.56227 1.8108e+12 1.8108e+12 1.5090e+12 9.0542e+11 0.0000e+00 43.64199 0.00 0.01460 0.48257 0.18506 -84.76680 127.22334 -32.65112 0.77941 0.37168 -29.28988 92.46931 38.49570 0.4297 4.982e+12 1.811e+12
130 -1 6.0361e+11 187.44 0.00 208.813 26.179 43 34.69432 15.52060 45.24479 388.24 59.64 -596.89 0.000e+00 0.000e+00 0.000e+00 0.00000 26.17864 6.0361e+11 6.0361e+11 6.0361e+11 0.0000e+00 0.0000e+00 130.37567 0.00 0.00000 0.00000 0.00000 0.00000 0.00000 0.00000 0.00000 0.00000 0.00000 0.00000 0.00000 0.0000 4.096e+12 0.000e+00
131 112 2.1127e+12 252.01 238.38 317.040 94.164 42 71.66734 32.60318 5.22818 70.15 -579.71 288.85 -1.769e+12 -7.422e+11 4.006e+12 0.00827 94.16380 2.1127e+12 2.1127e+12 1.8108e+12 3.0181e+11 0.0000e+00 85.36388 43.16 0.04052 0.80661 0.45352 -31.54128 -22.70989 142.92789 0.00000 0.00000 0.00000 0.00000 0.00000 1.0476 4.466e+12 3.018e+12
132 140 2.7163e+12 281.65 150.92 344.743 77.667 41 57.09869 49.04511 16.08091 -68.12 -177.12 253.87 6.428e+12 1.577e+12 -3.676e+12 0.03922 77.66650 2.7163e+12 2.7163e+12 2.7163e+12 0.0000e+00 0.0000e+00 60.31866 0.00 0.04543 0.57408 0.23114 94.28838 93.62848 76.25235 0.00000 0.00000 0.00000 0.00000 0.00000 0.2825 5.239e+12 2.414e+12
133 22 1.8108e+12 252.26 144.50 301.161 56.308 38 53.61556 26.86218 33.53514 118.86 281.70 390.49 -2.576e+12 -1.688e+12 -4.700e+11 0.02362 56.30833 1.8108e+12 1.8108e+12 1.8108e+12 3.0181e+11 0.0000e+00 87.20802 0.00 0.03675 0.78483 0.00821 -34.61757 89.46004 58.66628 0.00000 0.00000 0.00000 0.00000 0.00000 0.4592 2.882e+12 1.207e+12
134 139 1.8108e+12 251.13 133.76 301.161 58.081 38 44.30193 21.13893 41.15523 78.32 -122.57 173.55 -4.995e+12 7.238e+11 -3.016e+11 0.03949 58.08142 1.8108e+12 1.8108e+12 1.8108e+12 3.0181e+11 0.0000e+00 91.30049 0.00 0.05964 0.80690 0.22970 87.84726 121.37845 -89.19625 0.00000 0.00000 0.00000 0.00000 0.00000 0.3915 2.645e+12 9.054e+11
135 152 1.8108e+12 292.13 127.98 301.161 26.425 37 85.99956 22.89420 96.75780 14.53 -384.02 134.64 7.260e+11 2.843e+12 -8.471e+12 0.09236 26.42485 1.8108e+12 1.8108e+12 1.8108e+12 9.0542e+11 0.0000e+00 34.51801 0.00 0.10574 0.40198 0.10784 44.59375 8.71162 35.62452 0.43601 0.10722 43.84197 6.32966 35.04408 0.2624 4.312e+12 9.054e+11
136 123 4.5271e+12 358.08 222.79 408.738 58.245 37 72.89905 78.34098 17.08981 -216.54 233.21 79.37 1.466e+13 -4.772e+12 -1.187e+13 0.04735 58.24479 4.5271e+12 4.5271e+12 4.2253e+12 3.3199e+12 0.0000e+00 17.26486 0.00 0.04982 0.11721 0.04466 33.76244 131.88979 -5.04662 0.18465 0.08566 12.72055 85.42023 -2.56575 0.3562 4.271e+12 3.018e+12
137 135 6.0361e+11 166.11 0.00 208.813 61.416 34 87.28329 49.78640 53.71470 -143.17 -269.13 236.27 -2.389e+11 -1.353e+12 2.176e+11 0.03749 61.41636 6.0361e+11 6.0361e+11 3.0181e+11 0.0000e+00 0.0000e+00 137.94046 91.46 0.10238 0.00000 0.00000 0.00000 0.00000 0.00000 0.00000 0.00000 0.00000 0.00000 0.00000 0.0000 2.698e+12 9.054e+11
138 147 1.8108e+12 237.59 174.44 301.161 99.951 34 59.26644 83.04722 33.80371 317.58 3.24 9.44 -6.886e+11 -6.305e+12 -4.794e+12 0.02989 99.95063 1.8108e+12 1.8108e+12 3.0181e+11 3.0181e+11 0.0000e+00 66.33468 16.46 0.09377 0.35828 0.03768 211.27670 -53.64229 -18.50321 0.00000 0.00000 0.00000 0.00000 0.00000 0.8390 3.084e+12 1.811e+12
139 159 6.0361e+11 179.17 0.00 208.813 33.504 33 66.24464 93.32451 26.42259 135.79 98.44 128.18 1.486e+12 1.085e+11 1.187e+11 0.05505 33.50449 6.0361e+11 6.0361e+11 6.0361e+11 0.0000e+00 0.0000e+00 150.13330 105.32 0.11002 0.00000 0.00000 0.00000 0.00000 0.00000 0.00000 0.00000 0.00000 0.00000 0.00000 0.0000 4.220e+12 0.000e+00
140 151 2.4145e+12 265.43 139.42 331.470 90.201 32 99.17744 17.01560 78.35725 -21.16 261.85 158.67 -9.708e+12 7.677e+12 -4.579e+12 0.07687 90.20148 2.4145e+12 2.4145e+12 2.1127e+12 3.0181e+11 0.0000e+00 96.74986 32.64 0.09636 0.69767 0.02966 -0.13944 -35.09364 82.37939 0.00000 0.00000 0.00000 0.00000 0.00000 0.3148 4.044e+12 2.716e+12
141 156 6.0361e+11 168.54 0.00 208.813 52.413 32 73.94662 32.28608 55.37771 -121.69 2.73 144.77 4.061e+11 5.841e+11 -2.591e+11 0.02963 52.41289 6.0361e+11 6.0361e+11 3.0181e+11 0.0000e+00 0.0000e+00 121.41804 112.79 0.05572 0.00000 0.00000 0.00000 0.00000 0.00000 0.00000 0.00000 0.00000 0.00000 0.00000 0.0000 2.902e+12 6.036e+11
142 154 3.3199e+12 311.09 154.09 368.591 65.539 32 47.38248 45.52533 77.82376 -39.41 -223.44 -81.16 -1.435e+12 -2.175e+12 -8.802e+12 0.03796 65.53857 3.3199e+12 3.3199e+12 3.0181e+12 1.8108e+12 0.0000e+00 7.12111 0.00 0.03943 0.28550 0.02154 46.02719 95.42704 -32.64185 0.58543 0.29967 -21.08340 116.40447 -34.28815 0.2339 3.570e+12 2.113e+12
143 113 3.3199e+12 302.95 231.00 368.591 79.107 32 73.62978 31.73376 6.74753 -288.53 -464.84 -44.17 -9.787e+11 -6.400e+12 7.425e+11 0.01911 79.10674 3.3199e+12 3.3199e+12 3.3199e+12 9.0542e+11 0.0000e+00 61.20325 0.00 0.02799 0.43035 0.25690 114.73608 -22.62050 83.63579 0.83836 0.52623 68.31857 -33.04889 -17.55133 0.5767 3.953e+12 2.716e+12
144 -1 6.0361e+11 175.13 0.00 208.813 38.710 31 76.35785 30.16161 58.43513 -44.75 90.78 114.57 -6.856e+11 -1.315e+11 4.371e+10 0.00813 38.71033 6.0361e+11 6.0361e+11 6.0361e+11 0.0000e+00 0.0000e+00 146.81331 33.79 0.05148 0.00000 0.00000 0.00000 0.00000 0.00000 0.00000 0.00000 0.00000 0.00000 0.00000 0.0000 2.791e+12 3.018e+11
145 164 3.0181e+12 283.98 165.44 357.065 105.306 31 23.11139 32.01225 54.30937 191.18 -10.98 67.50 9.899e+12 -1.642e+13 2.860e+12 0.08521 105.30555 3.0181e+12 3.0181e+12 2.4145e+12 1.2072e+12 0.0000e+00 141.27777 0.00 0.09759 0.32165 0.01413 37.39429 -45.61566 152.33305 0.66945 0.33306 -29.11236 -49.01389 49.00610 0.2985 3.669e+12 3.320e+12
146 -1 1.5090e+12 225.11 181.11 283.403 84.997 30 64.03872 1.11997 69.98499 -27.05 220.49 -119.55 8.856e+12 -7.277e+11 1.221e+13 0.09668 84.99652 1.5090e+12 1.5090e+12 0.0000e+00 0.0000e+00 0.0000e+00 142.31779 89.24 0.24131 0.80450 0.38435 74.84375 163.84039 74.92500 0.00000 0.00000 0.00000 0.00000 0.00000 1.3174 2.540e+12 2.113e+12
147 167 3.6217e+12 296.85 198.59 379.439 154.195 30 1.40205 93.01536 15.75234 -240.27 514.66 -120.16 -1.316e+11 -3.117e+12 -1.564e+13 0.03821 154.19537 3.6217e+12 3.6217e+12 1.5090e+12 0.0000e+00 0.0000e+00 39.59628 38.43 0.05924 0.25789 0.00956 -16.18073 131.81958 -88.87907 0.00000 0.00000 0.00000 0.00000 0.00000 0.5443 3.349e+12 5.433e+12
148 134 9.0542e+11 189.33 49.96 239.031 74.491 30 71.45433 15.19274 1.96276 321.21 493.78 63.59 5.398e+11 -2.293e+12 9.144e+11 0.03767 74.49114 9.0542e+11 9.0542e+11 6.0361e+11 0.0000e+00 0.0000e+00 145.98178 65.78 0.09463 0.00000 0.00000 0.00000 0.00000 0.00000 0.00000 0.00000 0.00000 0.00000 0.00000 0.4902 3.089e+12 9.054e+11
149 149 1.2072e+12 220.29 127.55 263.088 49.318 29 24.97549 39.38084 29.25557 267.63 -240.57 71.94 2.422e+12 2.150e+12 1.691e+12 0.02976 49.31763 1.2072e+12 1.2072e+12 1.2072e+12 3.0181e+11 0.0000e+00 98.17587 0.00 0.08469 0.72144 0.12169 118.55518 80.79992 19.38707 0.00000 0.00000 0.00000 0.00000 0.00000 0.7302 2.981e+12 3.018e+11
150 161 6.0361e+11 186.28 0.00 208.813 27.028 27 56.97849 56.09442 24.79594 -146.68 -105.64 196.56 0.000e+00 0.000e+00 0.000e+00 0.00000 27.02765 6.0361e+11 6.0361e+11 6.0361e+11 3.0181e+11 0.0000e+00 51.00261 0.00 0.00000 0.00000 0.00000 0.00000 0.00000 0.00000 0.00000 0.00000 0.00000 0.00000 0.00000 0.0000 3.209e+12 3.018e+11
151 155 1.8108e+12 259.55 110.77 301.161 47.089 27 50.07251 63.69357 14.11061 159.04 -13.54 247.48 9.419e+11 2.921e+12 1.483e+12 0.03514 47.08855 1.8108e+12 1.8108e+12 1.5090e+12 1.2072e+12 0.0000e+00 62.94607 12.71 0.04021 0.62416 0.18401 51.76012 86.34624 48.06880 0.94739 0.12883 -43.24649 -20.03491 97.67584 0.2103 3.551e+12 1.207e+12
152 170 1.5090e+12 230.84 128.52 283.403 65.482 26 5.57682 15.01676 92.73181 -38.26 -217.10 21.79 -4.926e+12 2.165e+12 -1.512e+11 0.05778 65.48179 1.5090e+12 1.5090e+12 1.5090e+12 6.0361e+11 0.0000e+00 33.05308 0.00 0.08602 0.33750 0.11544 48.98412 117.52163 -98.58747 0.00000 0.00000 0.00000 0.00000 0.00000 0.3974 3.026e+12 1.509e+12
153 -1 6.0361e+11 168.66 0.00 208.813 52.053 26 69.24181 53.81594 49.31721 43.71 233.43 -11.41 1.867e+12 5.911e+11 1.557e+12 0.17458 52.05321 6.0361e+11 6.0361e+11 3.0181e+11 3.0181e+11 0.0000e+00 91.68466 215.08 0.18414 0.00000 0.00000 0.00000 0.00000 0.00000 0.00000 0.00000 0.00000 0.00000 0.00000 0.0000 1.805e+12 6.036e+11
154 172 1.2072e+12 211.59 76.27 263.088 68.390 26 27.79400 58.67579 33.51659 217.03 -0.30 58.93 -1.594e+12 -1.774e+12 1.319e+12 0.03240 68.39036 1.2072e+12 1.2072e+12 0.0000e+00 0.0000e+00 0.0000e+00 79.35297 67.70 0.06317 0.73927 0.44781 140.44374 15.30832 55.53447 0.00000 0.00000 0.00000 0.00000 0.00000 0.4175 2.737e+12 1.207e+12
155 160 2.1127e+12 264.31 187.07 317.040 61.253 25 2.01109 99.91565 4.78551 8.76 316.64 -161.76 3.301e+12 -1.573e+12 -8.227e+12 0.05018 61.25294 2.1127e+12 2.1127e+12 2.1127e+12 3.0181e+11 0.0000e+00 19.06894 0.00 0.08212 0.82035 0.05064 101.36720 -18.06495 -12.18268 0.00000 0.00000 0.00000 0.00000 0.00000 0.5812 2.667e+12 1.207e+12
156 171 1.5090e+12 227.54 359.27 283.403 74.974 25 23.22427 30.31266 64.00567 322.33 -99.22 -48.11 4.619e+12 6.648e+12 -6.512e+12 0.21301 74.97449 1.5090e+12 1.5090e+12 1.2072e+12 9.0542e+11 0.0000e+00 100.76745 115.28 0.16604 0.54077 0.06044 118.93919 -4.80195 -1.75151 0.11537 0.00000 135.27148 1.97233 -11.53103 3.2517 2.811e+12 1.509e+12
157 176 1.5090e+12 223.81 177.99 283.403 92.420 25 15.56574 32.82156 65.71733 5.14 -177.41 -76.94 4.643e+12 8.514e+12 -6.534e+12 0.06067 92.41983 1.5090e+12 1.5090e+12 0.0000e+00 0.0000e+00 0.0000e+00 60.55706 92.20 0.18688 0.50319 0.09929 -122.11016 154.68356 59.00887 0.00000 0.00000 0.00000 0.00000 0.00000 1.2017 3.557e+12 2.716e+12
158 169 1.5090e+12 243.82 112.43 283.403 44.764 25 70.17954 82.56552 11.95917 -64.83 182.02 236.77 1.012e+12 -2.412e+11 -1.666e+12 0.02130 44.76368 1.5090e+12 1.5090e+12 1.5090e+12 0.0000e+00 0.0000e+00 94.89153 0.00 0.03140 0.31689 0.00000 15.69330 160.54008 -9.64357 0.00000 0.00000 0.00000 0.00000 0.00000 0.3259 3.660e+12 6.036e+11
159 33 1.8108e+12 235.89 269.04 301.161 117.130 25 71.27937 23.56561 2.20808 198.31 -452.01 -7.57 4.742e+12 -5.009e+12 -5.133e+12 0.07003 117.13007 1.8108e+12 1.8108e+12 0.0000e+00 0.0000e+00 0.0000e+00 55.00787 69.12 0.10141 0.94641 0.00000 -14.68353 7.38271 129.95143 0.00000 0.00000 0.00000 0.00000 0.00000 1.7378 2.023e+12 2.414e+12
