#ID DescID Mvir Vmax Vrms Rvir Rs Np X Y Z VX VY VZ JX JY JZ Spin rs_klypin Mvir_all M200b M200c M500c M2500c Xoff Voff spin_bullock b_to_a c_to_a A[x] A[y] A[z] b_to_a(500c) c_to_a(500c) A[x](500c) A[y](500c) A[z](500c) T/|U| M_pe_Behroozi M_pe_Diemer
#a = 0.598996
#Om = 0.285000; Ol = 0.715000; h = 0.695000
#FOF linking length: 0.280000
#Unbound Threshold: 0.500000; FOF Refinement Threshold: 0.700000
#Particle mass: 3.01807e+11 Msun/h
#Box size: 100.000000 Mpc/h
#Force resolution assumed: 0.0976562 Mpc/h
#Units: Masses in Msun / h
#Units: Positions in Mpc / h (comoving)
#Units: Velocities in km / s (physical, peculiar)
#Units: Halo Distances, Lengths, and Radii in kpc / h (comoving)
#Units: Angular Momenta in (Msun/h) * (Mpc/h) * km/s (physical)
#Units: Spins are dimensionless
#Np is an internal debugging quantity.
#Rockstar Version: 0.99.9-RC3
0 0 4.6177e+13 624.59 642.59 856.455 844.811 283 6.67169 4.87398 91.88847 -504.69 513.51 588.19 -7.943e+14 -5.875e+13 -3.879e+14 0.02932 322.54938 4.6478e+13 4.9496e+13 3.4406e+13 1.4185e+13 7.5452e+12 157.38232 66.10 0.04250 0.59457 0.30093 -83.99529 110.32265 -12.95544 0.44579 0.26026 -8.38234 66.42750 -56.70776 0.6957 4.759e+13 8.692e+13
1 1 2.4627e+14 1134.90 1181.33 1496.365 495.964 853 4.88421 5.42638 94.65687 -55.67 157.16 231.00 -7.766e+15 -3.821e+15 -8.219e+15 0.02646 342.28699 2.4627e+14 2.5110e+14 2.2877e+14 1.2012e+14 2.6861e+13 223.70227 101.56 0.03517 0.29968 0.20057 -203.45248 -6.59444 219.42970 0.45733 0.29596 -115.47389 -10.36719 132.34486 0.6757 2.213e+14 2.698e+14
2 2 2.9275e+13 587.68 534.57 735.752 117.409 116 4.27461 5.41191 95.18616 7.53 199.72 -156.67 -4.177e+13 1.113e+14 -3.075e+14 0.03307 117.40884 2.9275e+13 2.9275e+13 2.6861e+13 2.0221e+13 6.3380e+12 50.51728 0.00 0.03380 0.42672 0.31640 -70.10826 -2.83836 127.97908 0.63651 0.34361 -23.96180 -21.79369 93.53788 0.5092 2.797e+13 2.203e+13
3 4 3.6821e+13 669.26 757.67 794.195 85.118 153 71.13411 60.37277 49.77587 152.76 -513.01 252.46 3.973e+14 3.524e+14 -3.326e+14 0.02163 95.03329 3.8631e+13 3.7122e+13 3.3199e+13 2.6257e+13 5.4325e+12 150.42612 49.98 0.04384 0.53831 0.37970 155.21257 -56.80662 51.88044 0.52109 0.22531 143.88658 -29.01338 32.67530 0.8773 3.685e+13 2.022e+13
4 4 1.5030e+14 1001.25 1077.90 1269.260 195.260 454 70.97945 60.95185 49.70646 -328.52 227.69 360.53 7.062e+15 2.834e+15 6.018e+15 0.04623 218.63498 1.5030e+14 1.5302e+14 1.4034e+14 1.0050e+14 2.2032e+13 230.59470 168.53 0.06511 0.49898 0.45929 -26.75768 224.13304 -15.25718 0.43675 0.39926 -17.82882 171.84119 3.07095 0.7318 1.434e+14 1.083e+14
5 6 1.0473e+14 836.96 854.80 1125.254 349.228 391 71.09375 61.72466 52.74922 47.11 83.30 -774.81 2.275e+15 -2.551e+15 -9.268e+14 0.03528 310.57404 1.0473e+14 1.0654e+14 8.9637e+13 5.1911e+13 1.6901e+13 160.46217 55.85 0.04340 0.33216 0.25753 88.02919 125.27300 -59.65129 0.32568 0.27059 64.33331 89.38579 -32.19912 0.6240 9.045e+13 1.171e+14
6 27 5.6136e+13 748.10 766.67 914.068 131.053 121 70.97607 2.54023 25.75724 139.20 62.30 295.23 7.608e+14 4.402e+14 3.647e+13 0.02391 127.12022 5.6136e+13 5.6438e+13 4.9195e+13 3.7424e+13 1.4487e+13 60.06398 48.27 0.03048 0.69760 0.47479 3.36577 82.94620 130.39070 0.53335 0.43338 -4.63813 15.61424 131.77980 0.6917 5.087e+13 3.742e+13
7 29 2.2032e+13 525.64 696.11 669.240 118.519 110 71.03491 2.55729 25.55445 190.65 457.78 520.84 2.876e+14 7.701e+13 1.319e+14 0.02618 118.51885 2.2032e+13 2.3239e+13 1.9617e+13 1.4789e+13 3.9235e+12 88.53049 0.00 0.05363 0.70378 0.51500 101.54049 16.87403 -53.75437 0.42973 0.21688 107.00630 -7.67128 -30.37703 1.1316 2.147e+13 1.600e+13
8 25 1.5090e+12 199.37 139.85 273.819 108.386 53 67.05044 4.97119 30.27209 319.10 -14.70 -157.02 -4.652e+11 -1.024e+12 1.549e+13 0.27701 108.38591 1.5090e+12 1.5090e+12 0.0000e+00 0.0000e+00 0.0000e+00 165.74428 102.64 0.22303 0.78510 0.14886 -106.14846 137.53299 -53.42094 0.00000 0.00000 0.00000 0.00000 0.00000 3.7185 3.951e+12 2.716e+12
9 30 1.3581e+13 420.76 398.59 569.567 170.752 94 71.10396 3.72050 27.56410 -49.05 -310.06 -91.66 1.676e+14 5.384e+12 -1.952e+12 0.04609 170.75214 1.3581e+13 1.4487e+13 9.9596e+12 6.6398e+12 0.0000e+00 37.62680 14.52 0.06184 0.87106 0.50682 74.49785 96.56934 61.86615 0.51079 0.35998 -44.23748 -58.29598 77.79700 0.6273 1.656e+13 1.569e+13
10 28 1.1469e+13 395.37 325.97 538.355 175.876 52 71.95490 1.57609 24.36166 -325.46 384.16 332.28 -2.008e+13 -5.139e+13 -2.853e+13 0.02373 175.87602 1.1770e+13 1.1469e+13 6.3380e+12 3.3199e+12 0.0000e+00 33.07071 25.02 0.03036 0.43328 0.16213 -99.13828 25.98129 98.84659 0.14233 0.00000 87.27116 -23.06060 -38.67166 0.5351 1.009e+13 1.298e+13
11 45 5.5231e+13 666.71 668.42 909.127 357.555 300 73.71413 3.91459 29.98269 -289.97 -81.12 -137.05 5.108e+14 4.645e+14 -7.336e+14 0.03045 304.21219 5.5231e+13 5.8249e+13 4.6478e+13 2.5955e+13 1.2676e+13 98.52956 53.03 0.03586 0.69583 0.35864 -91.41959 123.79417 18.83234 0.71652 0.48152 -68.76874 76.74538 12.64775 0.5880 5.315e+13 7.938e+13
12 46 2.3239e+13 504.80 527.42 681.246 196.509 113 76.68953 4.08322 32.18725 -540.63 54.99 -242.58 1.425e+14 -2.137e+14 2.120e+14 0.03740 196.50861 2.3239e+13 2.3843e+13 1.7807e+13 1.1469e+13 4.5271e+12 21.96880 0.00 0.05018 0.83061 0.59165 76.05527 -59.09057 -45.45641 0.46133 0.31289 73.29120 -25.67035 41.52811 0.6722 2.050e+13 2.596e+13
13 7 4.8289e+12 300.85 323.78 403.504 108.468 114 16.88842 9.75447 1.57736 294.32 122.87 184.50 -1.708e+14 -3.211e+13 -1.900e+12 0.15764 108.46761 4.8289e+12 6.3380e+12 2.7163e+12 6.0361e+11 0.0000e+00 84.03852 106.34 0.35912 0.27958 0.05734 44.78336 49.13500 136.85146 0.00000 0.00000 0.00000 0.00000 0.00000 1.1775 1.558e+13 5.131e+12
14 -1 2.7163e+12 249.60 187.30 333.085 85.002 43 18.66096 11.38522 3.95438 282.96 -351.73 -279.15 -5.063e+12 1.091e+13 -6.846e+12 0.04828 85.00239 2.7163e+12 3.0181e+12 1.8108e+12 9.0542e+11 0.0000e+00 44.88157 50.79 0.07463 0.44618 0.04102 -49.30369 -80.44705 77.93870 0.60119 0.00000 69.62746 -6.51181 18.47136 0.5932 4.361e+12 2.716e+12
15 8 6.6398e+12 367.81 345.95 448.692 61.862 40 20.87214 9.74189 2.36946 529.38 24.12 179.63 -2.806e+12 5.124e+13 -7.014e+13 0.08346 61.86231 6.6398e+12 6.6398e+12 6.6398e+12 4.8289e+12 0.0000e+00 39.47047 0.00 0.10564 0.79639 0.60763 -0.66975 77.01572 64.45625 0.81140 0.25272 -9.74067 84.98612 32.06018 0.6310 6.665e+12 4.527e+12
16 11 3.9235e+12 285.82 315.24 376.520 85.476 37 20.70016 10.69481 2.97624 174.82 542.97 594.62 1.488e+13 4.974e+12 1.249e+13 0.01465 85.47610 4.5271e+12 4.2253e+12 3.6217e+12 6.0361e+11 0.0000e+00 43.04258 47.43 0.05857 0.15016 0.02165 -73.97662 77.23032 -34.41616 0.00000 0.00000 0.00000 0.00000 0.00000 1.0522 4.015e+12 3.622e+12
17 9 1.4034e+14 903.60 909.42 1240.581 379.628 626 23.10501 11.03508 3.55863 88.14 189.93 290.32 2.824e+15 1.841e+15 -4.692e+14 0.02145 484.78632 1.4034e+14 1.4668e+14 1.1137e+14 6.9718e+13 2.4446e+13 25.92911 185.25 0.02560 0.69379 0.33500 171.06941 65.19805 48.81631 0.59891 0.28280 106.90778 58.41158 63.75838 0.5964 1.235e+14 1.609e+14
18 10 9.3560e+12 444.99 350.49 503.031 48.041 36 24.09154 11.39878 4.16866 -657.82 -257.81 -230.48 -3.655e+13 -3.450e+12 2.673e+13 0.03054 48.04113 9.3560e+12 9.6578e+12 9.3560e+12 8.4506e+12 0.0000e+00 14.49011 0.00 0.03117 0.56233 0.35065 110.12372 -73.69617 -27.03201 0.09058 0.06946 109.48389 -6.46887 -17.55277 0.4814 1.154e+13 3.320e+12
19 16 1.0986e+14 854.37 901.20 1143.338 309.974 491 39.59341 17.24811 42.58233 277.78 135.70 14.40 -1.673e+15 2.481e+15 -7.196e+14 0.02803 300.18997 1.0986e+14 1.1318e+14 9.7182e+13 6.0965e+13 2.2032e+13 114.62704 104.57 0.03482 0.60475 0.41209 148.36395 75.55936 -17.81860 0.60587 0.36984 116.92973 43.13278 -21.04704 0.6483 9.566e+13 1.162e+14
20 17 8.1488e+12 419.74 355.64 480.391 48.480 72 39.70016 18.53481 42.91249 387.25 -749.62 -123.73 3.748e+13 -3.858e+13 3.618e+13 0.05146 48.48026 8.1488e+12 1.0563e+13 7.5452e+12 5.7343e+12 3.0181e+12 63.20863 0.00 0.05601 0.49517 0.35189 49.07689 86.31356 29.29592 0.51786 0.36950 26.06435 78.86449 18.55573 0.5490 1.073e+13 4.527e+12
21 18 3.8028e+13 611.91 662.64 802.782 195.973 168 43.31708 18.51601 44.28750 72.80 224.95 -647.87 -2.469e+14 -1.426e+14 -5.785e+14 0.03243 176.21118 3.8028e+13 3.9537e+13 3.3802e+13 2.2032e+13 9.3560e+12 132.77151 30.29 0.04277 0.64612 0.36959 -4.10771 64.17867 106.13805 0.60238 0.30412 6.44905 43.12211 85.27695 0.6957 3.738e+13 3.742e+13
22 19 1.3280e+13 515.89 459.22 565.316 47.263 82 44.27706 18.50895 43.65182 -337.07 210.94 78.77 -6.145e+13 -7.941e+13 -5.745e+13 0.04233 47.26314 1.3280e+13 1.4487e+13 1.2676e+13 9.3560e+12 5.7343e+12 40.01500 0.00 0.04429 0.82393 0.37899 69.83186 -57.12805 33.90818 0.66999 0.26949 73.51468 -39.84747 -10.76193 0.5773 1.453e+13 6.942e+12
23 13 7.7866e+13 749.59 732.39 1019.406 577.170 298 73.94978 18.78436 1.47784 -63.95 375.32 163.31 3.862e+14 2.230e+14 4.750e+14 0.01033 326.52597 7.7866e+13 7.9677e+13 6.6096e+13 3.0483e+13 9.0542e+12 17.57318 73.85 0.01308 0.75995 0.58665 -100.39465 152.88652 -9.44066 0.96836 0.70570 -17.86642 109.55325 -22.08352 0.6135 6.774e+13 9.929e+13
24 14 1.1650e+14 880.53 902.84 1165.923 339.325 414 72.51955 21.27050 0.86195 221.05 -288.15 206.03 -1.315e+15 2.524e+15 2.020e+15 0.02981 276.69135 1.1650e+14 1.1801e+14 1.0503e+14 6.0965e+13 2.0523e+13 69.16324 27.24 0.03581 0.89079 0.63334 58.85022 -84.96477 137.69514 0.87668 0.71034 15.30507 -34.32496 118.80656 0.6226 1.039e+14 1.246e+14
25 15 2.7163e+12 248.23 188.09 333.085 89.980 26 73.36136 20.04517 0.82359 -265.21 165.37 967.62 5.053e+12 8.301e+12 4.066e+12 0.03697 89.98050 2.7163e+12 2.7163e+12 1.5090e+12 1.2072e+12 0.0000e+00 83.72704 0.00 0.05680 0.50626 0.22874 95.88015 60.86761 -9.44221 0.47283 0.40252 26.59219 75.84800 9.96465 0.5898 3.333e+12 2.716e+12
26 20 1.0563e+14 858.44 885.78 1128.487 239.100 450 93.15876 41.08739 61.34017 -277.01 -250.49 -90.76 2.489e+15 4.527e+14 -4.142e+15 0.04710 251.80009 1.0563e+14 1.0865e+14 9.4768e+13 6.3983e+13 1.9919e+13 122.93947 86.55 0.05862 0.63153 0.50469 119.63007 -93.45601 101.29774 0.44302 0.36840 81.08034 -50.80812 96.88947 0.6477 9.320e+13 9.265e+13
27 20 6.9416e+12 367.82 339.50 455.390 68.116 27 92.95170 41.20648 61.12619 -651.69 708.41 274.62 4.282e+13 3.876e+13 -1.104e+13 0.05370 68.11627 7.5452e+12 6.9416e+12 6.9416e+12 4.8289e+12 0.0000e+00 38.91280 28.32 0.06637 0.24085 0.11930 -78.38725 87.64529 -17.95212 0.15325 0.00743 78.53397 -77.46953 27.72870 0.6112 6.810e+12 5.131e+12
28 22 3.0181e+12 259.43 277.38 344.991 85.126 25 91.50424 44.64871 59.49406 -244.91 -480.56 287.58 -1.925e+13 6.592e+11 -1.609e+13 0.03449 85.12582 3.3199e+12 3.0181e+12 2.4145e+12 1.2072e+12 0.0000e+00 74.27204 77.90 0.11353 0.15337 0.01359 2.68038 -21.62712 115.97179 0.18352 0.00000 -3.74570 -14.71611 81.13577 1.0811 5.122e+12 3.018e+12
29 23 6.0361e+11 147.91 0.00 201.752 67.845 41 91.24402 44.08424 59.51736 53.11 -633.29 -85.13 -1.037e+12 -5.886e+11 1.173e+11 0.25086 67.84468 9.0542e+11 6.0361e+11 0.0000e+00 0.0000e+00 0.0000e+00 148.65294 45.85 0.07925 0.00000 0.00000 0.00000 0.00000 0.00000 0.00000 0.00000 0.00000 0.00000 0.00000 0.0000 1.349e+12 6.036e+11
30 35 1.5694e+13 614.22 512.88 597.689 31.662 60 72.52045 68.88583 52.24061 -250.98 15.97 176.73 -6.026e+13 -1.017e+14 -1.516e+14 0.05889 31.66206 1.5996e+13 1.5694e+13 1.4487e+13 1.1770e+13 8.7524e+12 59.23550 14.47 0.05572 0.83075 0.51001 54.64029 -54.33493 -18.45144 0.57535 0.45854 64.06364 -33.37864 -14.06220 0.5485 2.044e+13 6.036e+12
31 36 1.6237e+14 959.12 1030.81 1302.371 538.064 573 72.29758 68.10325 52.47868 -37.19 -184.03 -392.24 4.102e+15 2.762e+15 8.368e+15 0.04221 407.68866 1.6237e+14 1.6811e+14 1.4064e+14 7.5452e+13 2.5955e+13 185.70377 140.94 0.05735 0.41445 0.35548 68.00969 239.46320 -60.84650 0.58673 0.39221 19.41535 147.31541 16.18491 0.6858 1.409e+14 1.889e+14
32 31 9.0542e+11 182.94 161.10 230.948 38.759 63 48.96939 18.61842 43.28990 -101.78 122.37 -425.36 -3.425e+12 1.182e+12 2.098e+12 0.07994 38.75946 9.0542e+11 2.1127e+12 9.0542e+11 0.0000e+00 0.0000e+00 154.15147 0.00 0.14087 0.00000 0.00000 0.00000 0.00000 0.00000 0.00000 0.00000 0.00000 0.00000 0.00000 2.1306 7.634e+12 0.000e+00
33 34 1.2374e+14 910.85 966.40 1189.603 304.627 456 51.79010 16.05377 40.66389 -295.19 279.86 9.23 1.946e+15 -5.078e+15 7.684e+15 0.06303 252.01291 1.2374e+14 1.2585e+14 1.1620e+14 6.2776e+13 1.2978e+13 238.41910 119.56 0.08735 0.48334 0.26827 -57.37708 172.06631 128.59612 0.65568 0.31236 -38.44315 101.13400 93.33889 0.7067 1.123e+14 1.253e+14
34 32 4.8289e+12 302.93 248.65 403.504 101.139 44 51.08695 17.32539 41.50038 -186.35 -139.88 -645.93 -2.717e+12 -8.528e+11 1.040e+12 0.00510 101.13928 4.8289e+12 5.1307e+12 4.2253e+12 2.4145e+12 0.0000e+00 31.35962 17.49 0.00626 0.42447 0.23808 86.86694 69.43213 78.34800 0.87985 0.67226 74.23930 27.63666 54.20344 0.5155 5.562e+12 4.829e+12
35 42 1.1529e+14 883.60 936.01 1161.881 242.566 431 54.35343 27.79229 35.64008 -84.56 -147.86 -142.92 9.805e+14 -3.192e+14 1.664e+15 0.01620 259.84909 1.1529e+14 1.1921e+14 1.0261e+14 6.5492e+13 2.1730e+13 93.92773 90.45 0.02044 0.59367 0.33693 -56.60326 -3.08475 174.45244 0.66430 0.36202 -47.19927 -10.99080 123.01576 0.6651 1.007e+14 9.929e+13
36 44 1.0684e+14 888.17 949.67 1132.770 154.894 468 53.62295 40.81837 57.66363 131.62 -249.25 -399.79 3.860e+14 -7.175e+13 6.584e+14 0.00760 202.89200 1.0684e+14 1.0986e+14 9.5069e+13 7.0925e+13 2.8672e+13 21.82503 95.97 0.00909 0.71054 0.45976 18.43748 72.86368 137.86809 0.56764 0.37207 10.36214 74.02117 109.10649 0.6571 9.832e+13 6.730e+13
37 47 1.0503e+14 885.05 914.30 1126.334 178.529 452 57.92472 30.51039 31.69603 -228.76 -309.76 25.77 -1.834e+15 4.749e+14 -1.351e+15 0.02439 198.89297 1.0503e+14 1.1529e+14 9.3560e+13 7.0321e+13 2.8370e+13 41.77021 36.54 0.02837 0.86312 0.67076 -100.65346 -24.96937 115.92558 0.78201 0.57434 -85.11302 -55.65102 73.97573 0.6310 9.721e+13 7.575e+13
38 115 2.9879e+13 555.77 557.40 740.774 186.889 131 52.39695 52.55375 39.25245 192.76 -124.98 -149.92 -1.038e+12 -2.139e+14 -4.151e+13 0.01780 186.88922 2.9879e+13 3.0483e+13 2.5352e+13 1.7505e+13 5.7343e+12 68.37292 0.00 0.02160 0.92219 0.43804 -22.26199 103.95159 -83.69151 0.75321 0.40038 78.29498 -9.46634 -72.67837 0.6137 2.673e+13 2.988e+13
39 114 9.0542e+11 190.69 249.94 230.948 30.651 26 51.21828 52.82571 38.94699 702.41 -138.33 -115.77 -2.093e+12 -2.665e+12 -4.620e+12 0.20393 30.65075 9.0542e+11 9.0542e+11 9.0542e+11 3.0181e+11 0.0000e+00 106.21827 0.00 0.19278 0.00000 0.00000 0.00000 0.00000 0.00000 0.00000 0.00000 0.00000 0.00000 0.00000 4.4771 4.354e+12 3.018e+11
40 74 2.3239e+13 518.75 507.40 681.246 150.759 81 53.49115 55.38737 37.26292 29.41 -77.45 -43.99 1.084e+13 1.123e+14 1.896e+13 0.01304 150.75856 2.3239e+13 2.4446e+13 1.6298e+13 1.2374e+13 1.8108e+12 134.05388 0.00 0.01724 0.53753 0.38905 -56.76026 126.85409 -8.66047 0.36929 0.19132 -38.10289 103.01250 -35.01350 0.6506 2.732e+13 1.932e+13
41 76 9.0542e+12 370.95 359.11 497.563 133.858 53 53.82836 55.93428 36.73437 -215.42 -185.94 398.59 1.891e+13 -9.032e+13 2.737e+13 0.04059 133.85800 9.0542e+12 9.3560e+12 7.5452e+12 0.0000e+00 0.0000e+00 40.33664 0.00 0.06977 0.44731 0.00000 98.57772 181.60205 -22.50462 0.00000 0.00000 0.00000 0.00000 0.00000 0.7417 8.768e+12 9.658e+12
42 75 1.0865e+13 398.69 374.30 528.739 127.257 84 52.74910 56.66716 36.97192 451.81 -459.73 115.80 2.210e+13 6.958e+11 -3.161e+13 0.01144 127.25710 1.0865e+13 1.0865e+13 9.9596e+12 9.0542e+11 0.0000e+00 144.55945 0.00 0.02063 0.17666 0.03671 197.52916 131.97151 -5.12188 0.33237 0.00000 -22.95381 79.00929 -48.68291 0.7632 1.201e+13 1.056e+13
43 48 8.7524e+12 453.42 383.08 491.972 39.483 45 47.39750 28.42964 45.46971 -830.39 -525.09 -610.60 -2.597e+13 6.419e+13 6.278e+13 0.07357 39.48285 1.0261e+13 9.9596e+12 8.4506e+12 6.6398e+12 3.9235e+12 19.96581 22.92 0.07169 0.75010 0.51955 71.12665 -11.80131 -35.58189 0.69838 0.38320 -45.30713 -8.94011 47.85769 0.5152 1.089e+13 3.923e+12
44 48 8.5713e+13 846.64 896.70 1052.560 146.909 326 47.27853 28.17096 45.44436 131.02 -180.10 -136.68 -1.860e+15 8.822e+13 1.795e+15 0.03476 161.21907 8.5713e+13 8.8731e+13 7.8470e+13 5.9758e+13 1.5090e+13 29.45494 20.15 0.04426 0.71054 0.65578 98.98463 116.99892 31.58366 0.50899 0.40808 76.30476 107.43154 -17.51787 0.6942 8.113e+13 5.704e+13
45 54 7.2434e+12 336.13 319.50 461.896 186.568 78 70.96937 27.13696 5.75084 186.91 -427.00 -2.45 -4.427e+13 3.380e+13 -3.007e+13 0.02740 186.56758 7.2434e+12 7.8470e+12 3.0181e+11 3.0181e+11 0.0000e+00 33.21136 30.67 0.06656 0.95520 0.63117 131.01120 -69.19762 -71.60341 0.00000 0.00000 0.00000 0.00000 0.00000 0.8446 1.172e+13 1.449e+13
46 55 8.4506e+12 368.05 373.47 486.250 113.158 68 71.93603 29.43166 5.81214 -61.18 -365.75 275.85 -4.565e+13 -6.729e+13 3.485e+13 0.03856 113.15816 8.4506e+12 9.3560e+12 7.8470e+12 3.3199e+12 0.0000e+00 35.25666 18.55 0.07194 0.57335 0.19255 43.57163 -47.84110 112.88178 0.45165 0.12728 31.69745 -24.93974 66.02135 0.7914 9.946e+12 7.847e+12
47 57 1.3280e+13 467.15 413.02 565.316 74.702 70 71.81203 30.61701 6.08014 182.25 -936.51 284.72 -1.597e+13 -2.281e+13 2.423e+12 0.01039 74.70234 1.3883e+13 1.3883e+13 1.2676e+13 8.1488e+12 3.6217e+12 86.17837 15.56 0.01070 0.94542 0.48303 -56.25936 77.61761 1.79782 0.64385 0.25350 -42.34080 72.03255 40.20824 0.5129 1.335e+13 8.149e+12
48 56 1.2072e+13 509.43 473.41 547.639 42.323 70 72.59631 30.26178 6.44374 -351.60 -588.34 -105.73 -3.290e+13 8.248e+13 -3.035e+13 0.03590 42.32278 1.2072e+13 1.2374e+13 1.1469e+13 8.1488e+12 4.5271e+12 35.05386 0.00 0.04212 0.90992 0.63104 77.77832 32.38568 24.18946 0.62513 0.44046 46.65416 36.80669 45.81164 0.6596 2.517e+13 5.433e+12
49 50 4.1046e+13 626.50 621.95 823.481 282.660 192 96.59701 23.63426 50.81828 -66.51 -213.40 374.72 -5.116e+14 1.380e+14 1.118e+14 0.02726 183.55751 4.1046e+13 4.1649e+13 3.8330e+13 2.0825e+13 9.0542e+12 59.66196 25.85 0.03162 0.87459 0.59234 -72.37028 79.39120 57.25667 0.84561 0.61333 82.93739 -0.78721 -11.19924 0.5932 3.745e+13 4.738e+13
50 51 2.0221e+13 508.53 489.79 650.378 118.634 118 97.14264 23.51726 52.81487 -83.22 -47.73 -90.66 3.882e+13 7.004e+13 3.522e+14 0.06182 118.63421 2.0221e+13 2.0221e+13 1.8410e+13 1.2676e+13 5.7343e+12 38.33891 10.76 0.06863 0.88367 0.60952 -51.31950 1.80814 100.39894 0.50950 0.20848 -23.29983 -18.42727 87.04944 0.5657 1.869e+13 1.630e+13
51 -1 6.0361e+11 182.04 0.00 201.752 17.689 51 76.52657 18.03926 2.98341 -415.09 -191.70 -389.02 0.000e+00 0.000e+00 0.000e+00 0.00000 17.68873 6.0361e+11 6.0361e+11 6.0361e+11 6.0361e+11 0.0000e+00 129.56728 0.00 0.00000 0.00000 0.00000 0.00000 0.00000 0.00000 0.00000 0.00000 0.00000 0.00000 0.00000 0.0000 6.500e+12 0.000e+00
52 117 6.0361e+11 149.98 0.00 201.752 56.048 90 78.21526 16.64805 2.46923 -212.49 -34.63 -193.95 4.031e+11 3.191e+11 1.948e+11 0.04824 56.04840 6.0361e+11 1.5090e+12 0.0000e+00 0.0000e+00 0.0000e+00 181.34657 89.51 0.03636 0.00000 0.00000 0.00000 0.00000 0.00000 0.00000 0.00000 0.00000 0.00000 0.00000 0.0000 1.204e+13 6.036e+11
53 124 2.3239e+13 503.12 481.33 681.246 204.997 154 81.16781 15.50183 2.09465 -213.28 198.73 -18.76 -1.530e+14 -9.091e+13 1.804e+13 0.02028 204.99652 2.3239e+13 2.4145e+13 1.6599e+13 9.0542e+12 0.0000e+00 144.86108 12.29 0.02695 0.65133 0.39257 68.35854 117.72452 -93.39159 0.89908 0.58801 70.52741 61.12095 -50.98837 0.6235 2.205e+13 2.746e+13
54 63 2.9577e+13 621.49 581.47 738.271 88.796 150 4.73237 5.05532 77.85265 -58.37 445.95 160.76 -1.396e+14 -3.105e+14 5.642e+13 0.02983 88.79584 2.9577e+13 3.0483e+13 2.3541e+13 2.0221e+13 2.7163e+12 19.35251 0.00 0.03478 0.67749 0.34387 24.79424 31.75630 135.38972 0.56584 0.06582 16.98382 31.41352 106.84451 0.6122 2.887e+13 1.811e+13
55 64 2.0825e+13 477.67 452.95 656.786 272.333 117 4.47922 6.50782 76.15999 -95.06 69.41 406.66 -2.924e+14 2.037e+14 1.566e+14 0.05299 272.33334 2.0825e+13 2.1428e+13 1.6901e+13 7.2434e+12 1.5090e+12 62.04333 20.80 0.07042 0.77878 0.31167 45.36283 4.08437 155.11285 0.26003 0.08429 46.37743 90.57949 30.60175 0.6180 1.980e+13 3.260e+13
56 58 4.2253e+12 293.61 206.96 385.937 86.058 27 99.56003 21.98873 76.59769 -186.79 63.76 -576.75 -1.768e+13 -8.697e+11 2.640e+13 0.06546 86.05849 4.2253e+12 4.2253e+12 2.4145e+12 1.5090e+12 0.0000e+00 42.37576 0.00 0.08206 0.66023 0.13557 -37.80624 -53.16769 64.96582 0.64659 0.00205 -46.19249 -20.52063 68.83534 0.4578 3.989e+12 3.320e+12
57 59 4.7384e+13 656.06 659.28 863.854 209.106 247 99.27292 22.49456 75.83241 -10.14 114.99 84.96 6.345e+14 2.098e+14 -2.653e+14 0.02817 195.38290 4.7384e+13 4.8893e+13 4.1348e+13 2.7163e+13 9.6578e+12 77.96919 45.72 0.03304 0.82347 0.45913 45.30576 18.99432 131.85075 0.79695 0.39658 32.55780 -10.05842 100.46845 0.6059 4.347e+13 4.618e+13
58 73 5.7343e+13 697.55 704.09 920.574 180.690 257 39.22689 23.02597 60.27277 174.59 234.59 -239.36 7.337e+14 -1.712e+14 1.785e+14 0.02142 212.23784 5.7343e+13 5.7947e+13 5.1307e+13 2.9275e+13 1.0865e+13 47.29706 22.11 0.02589 0.55052 0.43411 -31.42319 9.61367 134.83096 0.69440 0.53217 -36.62559 18.32786 93.93694 0.6209 4.968e+13 4.467e+13
59 62 5.2213e+13 688.99 727.82 892.256 185.720 258 34.77350 7.04201 40.83762 122.04 430.10 17.15 -2.819e+14 -1.243e+14 1.394e+14 0.01023 177.44917 5.2213e+13 5.3420e+13 4.5271e+13 3.1992e+13 1.0865e+13 92.58340 28.89 0.01322 0.75243 0.54601 58.32232 -96.97189 79.14409 0.79002 0.52359 34.39258 -66.01425 68.14463 0.6807 4.749e+13 4.437e+13
60 78 6.0361e+12 341.64 383.68 434.661 76.617 76 92.10078 22.73395 1.02285 -338.75 -187.59 -133.78 4.558e+13 -5.618e+12 -2.533e+13 0.01535 76.61712 6.0361e+12 6.3380e+12 4.2253e+12 3.0181e+12 0.0000e+00 45.50379 21.93 0.07473 0.44467 0.17245 51.16972 95.00933 109.64466 0.68863 0.02632 52.25651 61.84220 65.39279 0.9709 1.336e+13 4.225e+12
61 77 1.1469e+13 396.69 397.84 538.355 167.151 127 91.29523 23.59772 1.05270 -113.82 -636.62 -123.28 -5.210e+13 1.974e+13 4.803e+13 0.02088 167.15076 1.1469e+13 1.1469e+13 7.8470e+12 4.5271e+12 0.0000e+00 77.27956 0.00 0.03596 0.65046 0.20727 92.40967 -34.43587 82.99677 0.34662 0.04327 57.19699 -30.79702 73.74602 0.7584 2.513e+13 1.569e+13
62 71 9.3560e+12 368.39 351.26 503.031 172.597 48 43.03983 83.13554 45.27987 174.75 427.70 110.16 -7.595e+12 -6.692e+13 -7.000e+13 0.03903 172.59711 9.9596e+12 9.9596e+12 4.2253e+12 2.4145e+12 1.2072e+12 51.05867 15.97 0.06667 0.40477 0.25950 119.78604 -15.76570 -17.32770 0.78272 0.53893 44.99613 36.98835 -19.26744 0.7294 8.432e+12 1.147e+13
63 72 3.8631e+13 627.62 659.36 807.007 158.018 194 42.82220 85.54111 45.68412 207.54 38.14 -31.23 4.606e+13 -2.836e+14 -8.229e+13 0.01485 152.63846 3.8631e+13 4.0442e+13 3.4104e+13 2.1730e+13 7.8470e+12 45.42776 7.71 0.01930 0.83685 0.48880 118.24850 -19.95064 44.91625 0.76448 0.46441 91.24208 15.32953 48.63330 0.6827 3.389e+13 3.199e+13
64 38 8.7524e+12 360.36 292.56 491.972 168.187 106 27.21658 12.09830 5.15046 -155.48 -61.92 154.14 3.615e+13 8.654e+13 -7.408e+13 0.07256 168.18747 8.7524e+12 9.3560e+12 5.1307e+12 1.5090e+12 0.0000e+00 67.72627 0.00 0.09168 0.49019 0.06398 150.83727 -92.38871 -45.74404 0.45951 0.37155 111.43507 48.25663 -19.38496 0.5071 1.062e+13 1.207e+13
65 37 1.9617e+13 509.91 548.95 643.841 108.188 156 29.42496 12.75991 5.83584 -283.93 8.98 185.30 -1.817e+14 -2.507e+14 2.162e+14 0.04083 108.18781 1.9617e+13 2.0221e+13 1.7807e+13 1.1770e+13 0.0000e+00 129.88243 6.82 0.07546 0.22901 0.16263 188.87897 102.49277 0.12397 0.32207 0.11761 104.46337 85.85525 -11.82016 0.8272 1.879e+13 1.418e+13
66 80 1.8108e+12 215.71 242.93 290.976 83.477 49 26.14740 29.41436 63.23489 475.17 -201.06 -77.12 6.167e+11 4.636e+12 -2.146e+11 0.04286 83.47727 1.8108e+12 2.4145e+12 9.0542e+11 0.0000e+00 0.0000e+00 146.83809 126.47 0.04962 0.30420 0.02453 -70.48054 123.45184 39.44490 0.00000 0.00000 0.00000 0.00000 0.00000 2.0073 6.110e+12 2.414e+12
67 81 1.8712e+13 470.36 430.88 633.779 179.403 120 27.55887 29.09821 63.56453 119.95 -24.67 -49.21 2.217e+13 -1.847e+13 4.462e+13 0.00938 179.40321 1.8712e+13 1.9316e+13 1.6298e+13 6.3380e+12 3.6217e+12 67.12815 3.74 0.01149 0.54857 0.35542 -47.22622 33.85292 95.97672 0.59996 0.30374 -40.29974 39.29155 49.29980 0.5676 2.902e+13 1.992e+13
68 82 1.3883e+13 423.96 389.30 573.755 171.432 66 28.78658 28.59102 63.84005 -67.49 87.79 -336.07 -4.316e+13 5.299e+13 -3.746e+13 0.02143 171.43198 1.3883e+13 1.3883e+13 1.1469e+13 5.4325e+12 0.0000e+00 48.20031 0.00 0.02771 0.54115 0.29090 -73.30089 -26.68036 117.30375 0.64120 0.12201 -44.29724 -46.50989 70.96011 0.5893 1.231e+13 1.479e+13
69 91 4.8289e+13 647.88 670.34 869.322 425.241 249 64.84954 4.91550 71.44657 -3.35 117.61 -148.32 9.580e+13 -2.417e+14 5.625e+13 0.00968 234.76424 4.8289e+13 5.0704e+13 4.2253e+13 2.4446e+13 1.1167e+13 70.93855 29.47 0.01184 0.64760 0.49484 35.05272 128.28345 -38.61682 0.52022 0.36810 39.15189 87.64381 -45.05094 0.6290 4.250e+13 6.821e+13
70 53 5.8852e+13 679.50 700.19 928.579 353.623 237 42.66685 41.30929 81.38979 159.67 -239.54 -193.90 -1.361e+14 2.272e+14 -6.069e+13 0.00719 323.54636 5.8852e+13 5.9456e+13 4.9195e+13 2.9577e+13 1.3280e+13 34.68489 50.44 0.00870 0.48427 0.37312 -47.25833 118.90581 101.02328 0.62923 0.47960 -38.57814 64.48063 71.43825 0.6154 5.083e+13 7.213e+13
71 41 6.0361e+12 323.96 417.11 434.661 117.287 131 33.47511 13.34375 6.10962 -368.40 -161.85 254.67 8.969e+13 -1.906e+13 -5.975e+13 0.12674 117.28720 6.9416e+12 6.3380e+12 1.2072e+12 0.0000e+00 0.0000e+00 26.09212 53.41 0.15593 0.82555 0.00781 -31.87780 81.22758 100.30881 0.00000 0.00000 0.00000 0.00000 0.00000 1.6371 2.050e+13 6.338e+12
72 39 5.4325e+12 336.45 246.60 419.661 65.519 60 31.46827 12.89325 6.05143 -402.76 136.06 223.14 2.815e+13 1.670e+12 -5.460e+12 0.04273 65.51930 5.4325e+12 5.7343e+12 5.1307e+12 3.6217e+12 0.0000e+00 75.87858 0.00 0.04878 0.52275 0.24528 104.51376 79.65907 -1.10770 0.34875 0.00000 39.50382 2.25532 64.20774 0.4488 5.243e+12 3.923e+12
73 65 1.7807e+13 602.23 578.14 623.387 41.519 206 78.90356 74.40800 56.04302 -516.90 -182.82 -257.06 8.622e+13 -1.083e+13 4.992e+13 0.02099 41.51901 1.7807e+13 1.8410e+13 1.7203e+13 1.5090e+13 7.5452e+12 32.96728 0.00 0.02353 0.87902 0.62287 81.32029 -52.53825 20.30707 0.83221 0.53913 46.39887 -44.39706 63.23183 0.6712 2.395e+13 6.036e+12
74 83 2.8068e+13 537.84 532.02 725.496 208.079 175 34.07799 14.29135 43.02309 406.95 165.81 -122.18 1.842e+13 1.005e+13 -5.804e+13 0.00534 208.07913 2.8068e+13 2.8370e+13 2.4748e+13 1.2978e+13 4.5271e+12 85.36313 1.51 0.00679 0.49236 0.24161 -62.51471 116.82281 74.79890 0.37561 0.12466 -49.02450 85.21706 57.18897 0.6235 2.674e+13 3.078e+13
75 84 3.0181e+12 275.70 135.38 344.991 54.889 50 35.67444 15.71623 43.53908 345.36 27.85 -638.73 1.001e+12 5.306e+12 5.435e+12 0.03059 54.88950 3.0181e+12 4.5271e+12 2.7163e+12 0.0000e+00 0.0000e+00 66.67435 22.28 0.03466 0.24807 0.08781 152.87143 21.24680 -70.43919 0.00000 0.00000 0.00000 0.00000 0.00000 0.2758 7.192e+12 1.509e+12
76 68 1.2676e+13 480.41 397.58 556.618 59.415 92 86.92687 48.36211 71.10290 1.51 -190.00 -155.92 6.734e+13 -1.583e+12 1.759e+13 0.02713 59.41516 1.2676e+13 1.2978e+13 1.2072e+13 8.7524e+12 0.0000e+00 48.98895 0.00 0.02880 0.66001 0.35523 11.08239 118.85380 -13.63039 0.27825 0.04735 16.07483 131.88060 -38.56768 0.5255 1.323e+13 7.545e+12
77 69 2.6861e+13 571.49 568.17 714.942 113.578 126 87.12112 51.36131 70.19199 -206.94 -433.05 -259.59 2.114e+13 9.816e+13 1.161e+14 0.01542 113.57752 2.6861e+13 2.7464e+13 2.4748e+13 1.9014e+13 5.4325e+12 40.90314 0.00 0.01817 0.83358 0.59438 4.08230 -87.29086 87.26715 0.74641 0.65559 -0.79711 -66.51402 75.88723 0.6259 2.500e+13 1.962e+13
78 79 3.9537e+13 656.29 644.00 813.263 203.369 182 66.50286 95.63190 66.34485 -89.09 382.86 -205.42 9.235e+13 -1.885e+14 -9.224e+13 0.01144 122.26829 3.9537e+13 4.1649e+13 3.2595e+13 2.2032e+13 1.0865e+13 60.21671 8.36 0.01425 0.70198 0.46226 -69.85272 109.06882 66.38605 0.95758 0.71452 -39.33862 69.29517 54.37798 0.6534 3.520e+13 3.954e+13
79 92 5.1609e+13 655.92 649.99 888.804 441.787 216 65.60044 64.35224 39.21819 -36.88 25.66 277.33 -1.374e+14 -1.223e+15 3.243e+14 0.04382 270.14178 5.1609e+13 5.4627e+13 4.2857e+13 2.6559e+13 1.1167e+13 111.66137 59.34 0.05071 0.72925 0.58991 77.13473 50.53239 -88.36507 0.81368 0.69118 53.21051 43.27032 -65.05990 0.5782 4.559e+13 6.670e+13
80 102 3.5311e+13 623.01 625.05 783.194 140.821 211 52.66295 44.41530 44.60435 13.97 -206.77 41.46 -1.027e+15 3.283e+14 -5.276e+14 0.07440 128.10603 3.5311e+13 3.5613e+13 3.1992e+13 2.1428e+13 6.3380e+12 72.86647 7.83 0.09008 0.77758 0.38669 -32.78632 22.47442 139.13963 0.82045 0.30335 -4.89464 77.65880 88.80539 0.6416 3.160e+13 2.777e+13
81 -1 6.0361e+11 202.77 0.00 201.752 11.585 30 87.78284 32.37092 67.15566 241.36 -38.99 -162.26 0.000e+00 0.000e+00 0.000e+00 0.00000 11.58530 6.0361e+11 1.2072e+12 6.0361e+11 6.0361e+11 0.0000e+00 87.65853 0.00 0.00000 0.00000 0.00000 0.00000 0.00000 0.00000 0.00000 0.00000 0.00000 0.00000 0.00000 0.0000 3.376e+12 0.000e+00
82 113 4.1649e+13 622.90 611.63 827.498 273.177 193 89.81407 34.82401 66.10761 -7.30 -165.93 -275.86 -6.270e+14 6.660e+13 5.853e+13 0.03090 202.29346 4.1649e+13 4.3762e+13 3.6519e+13 2.1428e+13 7.8470e+12 88.13389 50.82 0.03608 0.76122 0.66257 83.43913 97.52138 -51.31678 0.68079 0.37621 69.16866 26.75084 -61.88241 0.5871 3.744e+13 4.889e+13
83 85 5.1307e+12 343.84 211.81 411.741 51.544 27 66.57864 24.26029 89.53464 -69.41 17.34 263.20 2.978e+13 -1.987e+13 -1.856e+13 0.07634 51.54430 5.1307e+12 5.1307e+12 4.8289e+12 3.3199e+12 0.0000e+00 13.95819 44.05 0.07533 0.66409 0.29743 48.35615 -50.20494 74.68723 0.32211 0.00915 -39.33435 54.40581 -19.41278 0.3332 4.829e+12 2.414e+12
84 86 2.7464e+13 562.44 554.19 720.258 132.519 149 66.34897 24.89962 89.42622 274.58 -200.02 73.18 -2.333e+14 2.539e+14 -1.286e+14 0.03355 132.51907 2.7464e+13 2.8672e+13 2.1428e+13 1.4789e+13 6.9416e+12 132.40584 0.00 0.04197 0.86096 0.61727 84.18105 -25.61698 57.76740 0.63006 0.34753 49.22707 17.67626 51.67272 0.6445 2.474e+13 1.901e+13
85 207 7.2434e+12 416.77 299.15 461.896 40.498 47 68.58055 22.45555 87.34797 74.22 272.76 227.84 -1.593e+13 -4.253e+13 -2.993e+12 0.05052 40.49751 7.2434e+12 7.2434e+12 6.6398e+12 5.7343e+12 1.5090e+12 15.16628 0.00 0.04785 0.72881 0.42946 -58.92925 66.14810 -31.72925 0.35601 0.11444 -33.22982 76.73630 -55.89737 0.4192 8.899e+12 3.018e+12
86 101 1.1167e+13 403.48 364.52 533.590 125.250 92 66.52139 25.78587 15.74034 81.32 -72.98 -123.52 2.719e+13 -6.006e+13 -1.938e+13 0.02791 125.24957 1.1167e+13 1.2072e+13 9.3560e+12 4.8289e+12 0.0000e+00 48.99086 0.00 0.03512 0.72334 0.49193 -36.78022 76.78687 126.64620 0.51101 0.00713 21.39751 82.33764 83.22321 0.5817 1.246e+13 1.056e+13
87 96 3.6821e+13 585.80 591.57 794.195 301.624 125 39.52871 4.46828 5.32024 66.22 440.24 159.92 2.134e+13 -1.106e+15 1.093e+15 0.08082 243.10732 3.6821e+13 3.8028e+13 2.6861e+13 1.7807e+13 6.3380e+12 112.44130 56.24 0.10881 0.34561 0.31279 -64.64323 91.43547 78.27549 0.67441 0.52217 -48.53476 50.65627 47.88707 0.6628 3.428e+13 5.131e+13
88 97 1.9617e+13 488.27 454.13 643.841 147.386 85 39.33104 5.00765 5.79247 -190.94 93.18 -211.66 6.579e+13 -9.153e+13 2.549e+14 0.04834 147.38641 1.9617e+13 1.9617e+13 1.7807e+13 8.4506e+12 4.2253e+12 83.01040 2.39 0.05570 0.57903 0.37511 69.70936 31.36100 104.51779 0.54340 0.28045 47.17683 -19.37824 78.28107 0.5586 1.748e+13 1.841e+13
89 89 1.0261e+13 464.66 339.07 518.761 46.926 56 42.63731 29.93612 75.06215 352.40 94.82 -198.49 8.254e+12 3.260e+13 -5.867e+12 0.02189 46.92646 1.0261e+13 1.0563e+13 8.4506e+12 6.9416e+12 4.5271e+12 34.73798 0.00 0.02009 0.49504 0.37727 -6.90851 5.71189 110.50731 0.58577 0.34774 -11.81670 -1.18612 95.64322 0.4056 1.267e+13 4.829e+12
90 87 4.5271e+12 303.47 253.51 394.916 81.402 41 44.65956 30.53832 73.96639 118.37 -85.44 -55.62 -2.695e+13 6.182e+12 1.127e+13 0.04799 81.40233 4.5271e+12 4.5271e+12 4.2253e+12 2.1127e+12 0.0000e+00 95.86961 26.73 0.06872 0.72838 0.26648 -6.74657 133.52715 6.04391 0.00000 0.00000 45.30334 38.42163 61.09619 0.6140 6.295e+12 3.923e+12
91 90 8.4506e+12 363.98 320.82 486.250 125.475 43 43.46245 30.46449 75.16536 59.06 -81.13 -361.58 5.655e+13 -3.961e+13 -2.590e+13 0.04792 125.47522 8.4506e+12 8.7524e+12 6.0361e+12 4.2253e+12 0.0000e+00 67.31078 0.00 0.05997 0.81258 0.33934 32.89953 111.77126 -19.31717 0.80355 0.01552 -45.48225 57.64754 -22.20694 0.5672 7.989e+12 8.752e+12
92 88 1.0563e+13 452.18 381.26 523.797 55.855 65 46.33909 30.38935 73.41637 -147.08 -55.79 -111.12 -1.042e+13 -3.969e+13 -2.688e+12 0.02222 55.85466 1.0563e+13 1.0563e+13 9.9596e+12 7.8470e+12 3.3199e+12 32.17916 0.00 0.02306 0.66338 0.42032 27.20244 67.70258 52.14162 0.63638 0.24911 36.25355 41.16947 53.29113 0.5269 1.132e+13 5.433e+12
93 103 1.1770e+13 526.40 486.36 543.036 35.698 109 66.51457 84.49433 46.55061 151.92 -85.23 -95.87 7.180e+13 9.463e+13 3.520e+12 0.04575 35.69777 1.1770e+13 1.2978e+13 1.0563e+13 8.7524e+12 5.4325e+12 23.26072 10.88 0.05563 0.74079 0.64324 82.52313 -30.83531 26.67044 0.72988 0.55272 76.87447 -25.68072 24.93395 0.6892 1.587e+13 3.622e+12
94 104 1.6901e+13 484.93 440.58 612.637 103.297 73 65.54489 86.05889 45.08464 232.92 -71.68 76.39 1.785e+14 -5.181e+13 8.506e+13 0.04724 103.29667 1.6901e+13 1.6901e+13 1.5694e+13 1.0865e+13 0.0000e+00 33.05482 0.00 0.05237 0.25850 0.14379 -65.02829 112.85253 -104.75607 0.02802 0.00000 -59.35715 109.52795 -74.99441 0.5393 1.632e+13 1.237e+13
95 98 4.5875e+13 725.72 727.44 854.585 96.793 194 79.34656 85.54018 5.05910 -54.64 191.63 176.76 1.409e+14 -3.025e+14 1.153e+14 0.01436 98.49319 4.5875e+13 4.7686e+13 4.3460e+13 3.1992e+13 1.2676e+13 71.05891 29.29 0.01712 0.64137 0.43235 107.40837 -19.16500 -75.97116 0.52858 0.21142 97.77541 -22.82985 -39.24334 0.6654 4.480e+13 2.746e+13
96 95 2.5955e+13 587.23 592.55 706.817 90.836 193 90.40022 12.34363 99.38891 -156.34 350.38 159.91 -9.389e+13 -2.580e+13 3.202e+14 0.03271 90.83595 2.5955e+13 2.8370e+13 2.3541e+13 1.7203e+13 6.0361e+12 35.89326 0.00 0.04193 0.60866 0.41495 21.04350 120.31388 42.71572 0.35574 0.05461 35.40553 121.40338 40.76299 0.6869 2.559e+13 1.539e+13
97 99 3.9839e+13 627.77 667.09 815.327 195.176 193 86.43839 14.30031 0.23877 -122.79 35.39 109.20 1.425e+14 5.186e+13 -1.324e+14 0.00944 165.59660 3.9839e+13 4.0744e+13 3.5010e+13 2.2032e+13 9.9596e+12 68.58757 31.08 0.01235 0.65545 0.38947 115.05546 -48.45772 -20.19556 0.77440 0.39441 82.79366 -39.19535 -19.21192 0.6868 3.645e+13 3.773e+13
98 105 2.1428e+13 573.44 488.99 663.071 70.120 174 66.17893 92.72944 27.23292 207.06 309.12 45.27 2.715e+14 -3.306e+13 -9.062e+13 0.04551 70.11979 2.1428e+13 2.2334e+13 1.8108e+13 1.1469e+13 6.9416e+12 43.86951 0.00 0.04970 0.41095 0.36893 11.54573 45.38438 92.97000 0.62110 0.52431 1.11297 20.81694 66.63697 0.5499 2.183e+13 8.149e+12
99 108 2.6257e+13 634.52 617.49 709.546 64.636 162 39.00277 83.69334 96.22899 223.96 200.55 33.55 -6.078e+13 -6.900e+13 6.929e+12 0.00962 64.63566 2.6257e+13 2.8672e+13 2.4145e+13 1.8108e+13 1.0865e+13 38.21252 0.00 0.01134 0.87838 0.65726 87.75594 -30.64844 60.81574 0.74124 0.50385 -49.45610 64.36274 -53.59699 0.6679 2.741e+13 1.418e+13
100 60 1.1770e+13 399.61 389.73 543.036 171.945 130 71.48525 24.27988 3.91511 117.17 -525.44 116.07 3.558e+13 -6.553e+13 3.661e+13 0.02467 171.94495 1.1770e+13 1.2676e+13 9.3560e+12 3.9235e+12 0.0000e+00 154.15411 0.00 0.03889 0.09299 0.00388 -139.24312 -145.01982 155.95636 0.25528 0.00000 -3.64509 -69.75625 117.34928 0.7081 1.689e+13 1.509e+13
101 111 2.0221e+13 583.84 542.35 650.378 58.280 105 2.93809 1.25260 1.01527 -161.04 538.53 -57.65 -1.811e+14 -5.153e+13 -1.013e+14 0.03590 58.28008 2.0221e+13 2.0221e+13 1.7807e+13 1.2374e+13 8.4506e+12 76.17749 0.00 0.04062 0.75354 0.62913 27.42742 -9.62298 93.90252 0.66803 0.61039 -0.02094 -19.07849 81.19241 0.6277 1.951e+13 9.658e+12
102 112 1.3581e+13 472.61 412.27 569.567 73.673 68 2.00784 0.96680 4.33426 -0.85 343.08 -193.45 7.632e+13 -6.875e+13 5.354e+13 0.03746 73.67251 1.3581e+13 1.3581e+13 1.2072e+13 7.2434e+12 2.7163e+12 19.52887 0.00 0.04272 0.35666 0.35006 4.30725 108.86313 47.04443 0.33958 0.27987 2.45848 93.21850 41.39032 0.5646 1.186e+13 6.942e+12
103 106 2.8068e+13 562.01 566.73 725.496 141.041 133 1.76841 19.10988 53.11695 -168.14 316.88 -143.33 -4.830e+13 -2.470e+14 8.548e+13 0.02440 141.04117 2.8068e+13 2.8974e+13 2.6559e+13 1.7807e+13 5.7343e+12 83.30073 0.00 0.02923 0.48524 0.23074 -34.91369 109.08282 37.68187 0.32888 0.10934 -30.51221 85.68747 30.33995 0.6263 2.606e+13 2.414e+13
104 107 4.8289e+12 309.94 292.82 403.504 83.438 38 0.91519 20.35751 53.67289 -24.60 -7.32 -116.13 5.031e+13 -3.359e+13 2.794e+12 0.05978 83.43772 4.8289e+12 4.8289e+12 4.8289e+12 9.0542e+11 0.0000e+00 75.95108 33.17 0.12515 0.48400 0.06443 95.44715 88.88045 35.94826 0.88378 0.13190 44.46846 28.33956 -45.15843 0.8044 4.647e+12 3.923e+12
105 110 4.4969e+13 654.97 667.09 848.925 171.545 162 37.76956 10.55472 9.29440 -187.12 287.22 -48.24 8.981e+14 -8.038e+14 9.510e+14 0.06346 169.87920 4.4969e+13 4.5271e+13 4.1951e+13 2.7163e+13 6.9416e+12 122.99037 78.29 0.07698 0.41433 0.39197 -85.95660 70.02126 102.23060 0.42055 0.30613 -51.21640 57.08192 79.67337 0.6298 4.128e+13 3.923e+13
106 120 2.5352e+13 563.51 542.52 701.294 108.060 161 90.26372 91.08232 23.00366 -48.86 403.42 -35.14 -9.861e+13 1.439e+14 1.184e+14 0.02435 108.05975 2.5352e+13 2.5654e+13 2.4145e+13 1.7807e+13 4.8289e+12 86.79923 0.00 0.02748 0.68166 0.61927 -57.21454 -6.37311 102.80779 0.66626 0.38855 -16.25537 -26.00382 87.00763 0.5949 2.435e+13 1.871e+13
107 147 6.6398e+12 513.89 366.71 448.692 16.400 59 59.26023 0.69315 63.17711 188.83 18.98 163.43 3.143e+13 -1.077e+13 2.478e+11 0.04346 16.40004 6.6398e+12 7.5452e+12 6.6398e+12 5.4325e+12 3.9235e+12 25.15775 0.00 0.04039 0.73100 0.63742 48.72614 42.41084 -22.00237 0.78070 0.49420 -10.89580 -24.70215 45.91480 0.5137 1.161e+13 3.018e+12
108 147 2.0825e+13 515.05 494.51 656.786 117.511 100 57.76186 0.40055 67.20061 297.50 49.66 -25.51 1.095e+14 8.901e+13 1.640e+14 0.03344 117.51077 2.0825e+13 2.1428e+13 2.0221e+13 1.2978e+13 3.6217e+12 49.71829 2.84 0.03914 0.82658 0.30927 -20.98637 -5.08842 119.00774 0.73393 0.29747 -4.46133 30.29911 71.15717 0.5963 2.035e+13 1.690e+13
109 121 2.4145e+13 604.48 601.28 689.981 68.794 139 67.51885 81.78521 47.35122 -15.07 74.44 -177.05 1.272e+14 -2.945e+12 9.072e+13 0.01924 68.79428 2.4446e+13 2.4446e+13 2.2636e+13 1.7807e+13 7.5452e+12 41.88869 11.91 0.02209 0.94842 0.60752 47.92843 -33.35741 89.44297 0.90154 0.64677 -30.29870 72.12755 -51.52907 0.6562 2.635e+13 1.358e+13
110 119 2.6257e+13 582.40 531.96 709.546 97.153 144 81.79781 29.83534 66.98190 -38.66 -74.83 -2.94 4.607e+14 -3.250e+14 1.176e+14 0.06308 97.15308 2.6257e+13 2.7163e+13 2.2937e+13 1.7807e+13 3.6217e+12 36.87564 0.00 0.07079 0.76700 0.66736 91.85116 45.57844 61.74344 0.49491 0.45918 81.14966 25.07109 56.18950 0.5771 2.431e+13 1.690e+13
111 134 3.1690e+13 665.59 646.99 755.447 104.659 152 78.59041 25.34312 79.29301 -149.30 -212.28 -49.98 -4.483e+14 -5.767e+14 6.483e+13 0.05594 73.44284 3.1690e+13 3.3501e+13 2.8370e+13 2.1127e+13 1.2374e+13 47.05793 7.27 0.06588 0.80061 0.42063 10.01595 -56.90953 117.49228 0.44613 0.31683 15.26701 -59.88537 115.93176 0.6606 3.226e+13 2.052e+13
112 116 3.8933e+13 617.13 630.35 809.103 378.212 125 69.44890 37.89218 55.51802 -84.95 -206.44 15.80 -6.916e+14 5.833e+14 1.059e+14 0.04662 176.68221 3.8933e+13 3.9537e+13 3.6821e+13 1.8108e+13 8.4506e+12 140.56647 53.04 0.05807 0.47979 0.36565 51.55947 136.64497 -12.87330 0.67063 0.64417 47.83286 44.16657 50.46005 0.6400 3.586e+13 4.497e+13
113 116 5.7343e+12 438.73 284.86 427.292 22.706 26 69.60892 38.30581 55.37369 -83.81 -398.14 -110.25 4.232e+12 2.276e+12 5.926e+12 0.01395 22.70582 6.0361e+12 5.7343e+12 5.4325e+12 4.5271e+12 2.7163e+12 15.44413 0.00 0.01184 0.49890 0.30634 -49.51650 71.07041 -1.28660 0.55390 0.32172 -46.49739 54.51814 -8.26908 0.3683 8.689e+12 1.509e+12
114 129 3.6217e+12 274.84 210.23 366.607 93.179 37 60.21093 79.51731 32.49305 354.09 150.07 -6.59 -5.356e+12 1.003e+13 -2.967e+13 0.05856 93.17941 3.6217e+12 3.6217e+12 1.2072e+12 0.0000e+00 0.0000e+00 91.55741 42.98 0.10609 0.49094 0.02907 -50.84027 138.79462 32.87951 0.00000 0.00000 0.00000 0.00000 0.00000 0.6772 5.182e+12 3.622e+12
115 129 6.0361e+11 153.25 0.00 201.752 45.549 26 60.23200 80.89243 33.08167 275.48 125.43 -17.52 1.025e+13 5.048e+12 6.609e+12 1.74265 45.54945 6.0361e+11 1.5090e+12 0.0000e+00 0.0000e+00 0.0000e+00 168.50607 484.95 0.87306 0.00000 0.00000 0.00000 0.00000 0.00000 0.00000 0.00000 0.00000 0.00000 0.00000 0.0000 3.278e+12 3.018e+11
116 130 1.0563e+13 394.19 341.40 523.797 128.343 84 60.25777 83.03408 33.74613 309.05 24.34 10.02 5.707e+13 -6.441e+13 -5.670e+13 0.04563 128.34302 1.0563e+13 1.1469e+13 9.9596e+12 4.5271e+12 0.0000e+00 51.25233 0.00 0.05778 0.59333 0.11741 75.70499 103.91450 -19.01649 0.17388 0.01510 52.30831 161.97565 -46.64192 0.5671 1.239e+13 1.056e+13
117 123 1.6901e+13 459.46 415.97 612.637 155.120 87 62.43328 9.64656 89.05417 73.16 176.23 -32.50 8.928e+12 -1.192e+14 5.114e+13 0.02814 155.11983 1.6901e+13 1.6901e+13 1.5392e+13 5.7343e+12 2.7163e+12 46.96305 0.00 0.03330 0.60481 0.28034 121.03059 -0.44583 40.42340 0.41768 0.13336 46.41847 -23.94375 58.99093 0.5421 1.532e+13 1.690e+13
118 136 2.9577e+13 616.46 623.57 738.271 92.473 137 51.96923 40.66070 48.45477 116.34 -261.80 -122.08 -6.297e+14 1.308e+14 -1.982e+14 0.05680 92.47260 2.9577e+13 2.9879e+13 2.7766e+13 2.3239e+13 6.6398e+12 125.14806 0.00 0.06784 0.80716 0.44350 -10.14901 99.65656 69.42008 0.79750 0.45939 -0.28509 55.55397 80.36417 0.6568 3.143e+13 1.720e+13
119 138 3.0181e+12 261.43 244.70 344.991 79.478 35 99.37727 25.74665 69.71721 -151.73 144.97 291.02 -7.316e+12 -1.382e+13 4.039e+12 0.01253 79.47802 3.0181e+12 3.9235e+12 0.0000e+00 0.0000e+00 0.0000e+00 39.64920 0.00 0.07304 0.35573 0.04823 -12.31095 118.33061 175.64699 0.00000 0.00000 0.00000 0.00000 0.00000 0.9672 3.524e+12 3.018e+12
120 139 1.6298e+13 508.01 515.23 605.255 73.874 101 99.69537 24.96872 71.01900 -398.70 78.97 101.16 -6.643e+13 -2.837e+13 -1.399e+14 0.03372 73.87449 1.6298e+13 1.6599e+13 1.5090e+13 1.2072e+13 3.6217e+12 72.57524 0.00 0.04285 0.93658 0.74962 91.70444 40.99387 7.10876 0.75150 0.32477 77.61897 15.43960 37.34175 0.6863 1.670e+13 1.026e+13
121 132 1.1167e+13 412.57 370.95 533.590 105.137 76 75.95139 30.77894 8.29479 -370.41 -375.45 19.63 1.151e+14 2.066e+14 -1.816e+13 0.09571 105.13663 1.1167e+13 1.1770e+13 1.0261e+13 3.3199e+12 2.4145e+12 13.28487 15.37 0.12124 0.31271 0.13003 61.97573 -18.47762 127.13432 0.55388 0.04767 54.92981 4.18910 58.36019 0.6018 1.473e+13 9.658e+12
122 131 1.0563e+13 396.62 322.22 523.797 121.502 59 76.13992 31.01096 9.18871 -337.43 -500.45 -332.50 6.211e+13 -4.917e+12 4.196e+13 0.03960 121.50193 1.0563e+13 1.0865e+13 9.3560e+12 5.1307e+12 1.8108e+12 43.09455 6.67 0.04211 0.70617 0.25536 83.17775 48.12366 74.09839 0.26897 0.03528 52.92095 37.41340 77.22184 0.4546 9.444e+12 9.658e+12
123 127 1.3581e+13 503.25 436.54 569.567 54.682 84 96.04396 95.87307 92.43103 20.80 527.99 378.20 -5.627e+13 -6.114e+13 4.329e+13 0.02880 54.68228 1.3581e+13 1.3581e+13 9.3560e+12 7.8470e+12 4.8289e+12 65.20306 0.00 0.03455 0.58312 0.34991 42.01542 60.79282 -13.20887 0.58409 0.33871 34.01863 43.07076 -30.39477 0.6181 1.371e+13 5.734e+12
124 128 3.9235e+12 287.93 222.71 376.520 80.546 49 97.23855 97.68279 93.37031 76.86 361.38 330.31 1.454e+13 -1.762e+13 1.814e+13 0.06260 80.54576 3.9235e+12 3.9235e+12 3.6217e+12 1.2072e+12 0.0000e+00 89.32056 67.65 0.08523 0.37641 0.14193 94.77347 99.98412 31.83553 0.00000 0.00000 88.28735 48.37799 -10.84900 0.5732 6.941e+12 3.622e+12
125 133 2.8068e+13 552.20 541.81 725.496 161.134 131 61.19707 27.60178 86.87106 265.05 -253.46 133.55 4.398e+12 -1.563e+14 2.338e+13 0.01465 161.13429 2.8068e+13 3.0181e+13 2.5654e+13 1.4789e+13 6.9416e+12 12.80871 5.21 0.01739 0.50922 0.45824 -69.06433 -27.94830 88.38062 0.55541 0.39255 -42.77486 -25.37920 73.53578 0.6021 2.554e+13 2.626e+13
126 137 2.1730e+13 488.68 489.06 666.170 221.832 131 38.57408 52.06618 42.60947 349.85 -127.89 -47.69 -5.210e+13 2.208e+13 2.784e+12 0.00761 221.83234 2.1730e+13 2.2636e+13 1.8108e+13 1.0261e+13 3.0181e+12 65.86092 0.00 0.00955 0.80886 0.45910 29.49936 -66.54912 105.74776 0.82307 0.36274 8.98147 75.02831 57.48756 0.6154 2.043e+13 2.807e+13
127 149 6.0361e+12 318.53 280.09 434.661 147.326 69 75.83524 31.95101 61.81033 101.08 -149.69 -36.78 -3.755e+13 1.086e+13 -3.744e+13 0.04709 147.32556 6.0361e+12 6.0361e+12 3.3199e+12 3.0181e+11 0.0000e+00 92.20087 0.00 0.07712 0.28829 0.09542 78.46819 23.02374 75.88759 0.00000 0.00000 0.00000 0.00000 0.00000 0.6751 7.540e+12 8.451e+12
128 119 1.2072e+12 199.52 79.96 254.191 45.205 61 77.91417 30.58551 63.43883 -14.78 17.19 26.49 2.361e+12 -3.268e+11 1.111e+12 0.02980 45.20468 1.2072e+12 1.2072e+12 1.2072e+12 3.0181e+11 0.0000e+00 20.30039 0.00 0.05477 0.69923 0.01137 91.20873 32.26435 -52.00683 0.00000 0.00000 0.00000 0.00000 0.00000 0.3489 4.499e+12 3.018e+11
129 153 1.8410e+13 531.82 495.03 630.353 74.995 100 96.09399 28.85513 64.13597 -76.65 120.26 136.90 -1.309e+12 -1.652e+14 -4.359e+13 0.03407 74.99474 1.8410e+13 2.0221e+13 1.6901e+13 1.1469e+13 5.7343e+12 23.77125 0.00 0.03795 0.61727 0.31689 71.81866 44.83545 58.09069 0.69637 0.43650 67.78444 31.27917 -14.36059 0.5865 1.947e+13 9.356e+12
130 267 2.1127e+12 228.83 178.54 306.319 80.689 26 97.63310 31.86119 63.63620 -246.76 -90.56 142.41 -1.273e+13 -4.585e+12 -5.421e+12 0.05986 80.68943 2.1127e+12 2.1127e+12 1.2072e+12 0.0000e+00 0.0000e+00 59.07311 0.00 0.11948 0.48763 0.00000 168.36066 -22.02125 -48.56936 0.00000 0.00000 0.00000 0.00000 0.00000 0.6913 3.532e+12 2.113e+12
131 93 6.0361e+11 160.23 0.00 201.752 33.323 124 70.02990 72.91962 48.02142 -90.26 -85.38 151.70 -3.773e+11 -9.695e+11 -9.260e+11 0.02365 33.32256 6.0361e+11 6.0361e+11 6.0361e+11 0.0000e+00 0.0000e+00 125.07913 62.11 0.09211 0.00000 0.00000 0.00000 0.00000 0.00000 0.00000 0.00000 0.00000 0.00000 0.00000 0.0000 8.155e+12 3.018e+11
132 140 1.5392e+13 441.45 396.30 593.833 164.891 121 57.54262 29.80112 28.50370 22.76 -122.79 450.44 3.598e+13 -2.155e+13 2.139e+13 0.01108 164.89059 1.5392e+13 1.8410e+13 1.2676e+13 5.7343e+12 1.5090e+12 91.66862 0.00 0.01410 0.47088 0.32391 72.35637 91.19164 -67.96095 0.47095 0.08536 52.35602 89.72185 -52.82249 0.5835 1.676e+13 1.841e+13
133 156 1.2072e+13 447.07 396.76 547.639 77.210 110 41.45707 29.46071 51.01760 262.29 -283.89 -234.23 7.029e+12 8.364e+11 5.847e+13 0.02176 77.21012 1.2072e+13 1.2072e+13 1.0261e+13 8.7524e+12 1.2072e+12 42.04846 0.00 0.02643 0.40244 0.29028 -41.36520 137.41110 7.00366 0.50218 0.08854 -49.14317 69.31372 15.15342 0.6040 1.205e+13 7.847e+12
134 143 7.8470e+12 359.16 312.41 474.386 110.154 49 41.79944 1.43124 23.59290 425.19 284.89 71.28 -5.755e+13 -5.344e+13 -9.219e+12 0.05475 110.15361 7.8470e+12 7.8470e+12 7.2434e+12 3.6217e+12 0.0000e+00 121.28695 68.64 0.07276 0.22937 0.12847 105.79404 28.60823 -82.35885 0.12805 0.07966 104.89886 18.93182 -70.47855 0.6012 7.242e+12 7.545e+12
135 144 1.5090e+13 515.62 438.77 589.926 59.442 60 42.76593 1.50363 23.33876 17.13 367.06 118.66 -2.444e+12 1.836e+12 6.440e+13 0.01910 59.44247 1.5090e+13 1.5090e+13 1.4487e+13 1.1770e+13 2.7163e+12 30.70145 12.58 0.01995 0.75751 0.39635 -76.71635 3.70875 78.76651 0.58201 0.29352 3.47322 5.37232 81.68212 0.5343 1.701e+13 6.036e+12
136 142 1.0261e+13 441.97 349.32 518.761 58.857 108 86.04671 21.90707 97.29153 -87.05 -374.65 247.22 6.646e+12 6.927e+13 -2.549e+13 0.04334 58.85711 1.0261e+13 1.0261e+13 8.4506e+12 6.9416e+12 0.0000e+00 17.23125 0.00 0.04361 0.33477 0.30566 119.20881 1.35718 -1.60025 0.16824 0.06697 122.89479 8.43166 -0.35817 0.4636 1.141e+13 6.338e+12
137 160 2.7163e+13 539.93 520.63 717.609 176.197 108 4.91551 12.43455 10.43831 -160.04 -166.22 -303.34 1.016e+14 1.361e+14 8.474e+12 0.01684 176.19687 2.7163e+13 2.7163e+13 2.3843e+13 1.2072e+13 5.7343e+12 115.96195 7.60 0.01975 0.79102 0.42337 71.28461 21.65810 108.26331 0.68689 0.50412 87.84563 4.71647 -10.02159 0.5768 2.461e+13 2.656e+13
138 148 9.0542e+11 171.60 38.83 230.948 64.494 107 86.30424 48.50801 79.06421 -39.28 -273.40 -320.79 -1.558e+12 -5.120e+11 -2.644e+12 0.04343 64.49367 9.0542e+11 9.0542e+11 0.0000e+00 0.0000e+00 0.0000e+00 84.95733 44.83 0.10468 0.00000 0.00000 0.00000 0.00000 0.00000 0.00000 0.00000 0.00000 0.00000 0.00000 0.3442 7.315e+12 9.054e+11
139 109 2.1127e+12 227.38 94.23 306.319 86.496 106 28.42811 10.95926 42.15974 349.89 309.24 -187.10 3.686e+12 -2.637e+12 -3.796e+12 0.03716 86.49602 2.1127e+12 2.1127e+12 6.0361e+11 0.0000e+00 0.0000e+00 94.43962 13.43 0.04846 0.44849 0.15558 152.40869 -7.88021 136.68033 0.00000 0.00000 0.00000 0.00000 0.00000 0.2178 7.527e+12 2.414e+12
140 145 1.0261e+13 382.77 310.97 518.761 158.048 106 41.86604 22.07982 14.00448 -48.14 -281.51 190.57 -1.045e+13 -9.390e+12 -2.174e+13 0.01119 158.04800 1.0261e+13 1.0865e+13 7.8470e+12 0.0000e+00 0.0000e+00 163.29649 0.00 0.01523 0.73731 0.26966 236.21577 96.47562 -10.07566 0.00000 0.00000 0.00000 0.00000 0.00000 0.5637 1.143e+13 1.207e+13
141 61 5.1307e+12 300.48 237.01 411.741 152.299 101 69.88939 24.51519 8.24594 -64.22 -150.21 -305.97 5.015e+13 1.954e+13 -5.170e+11 0.05566 152.29878 5.1307e+12 5.1307e+12 6.0361e+11 6.0361e+11 0.0000e+00 33.87429 84.58 0.10055 0.52665 0.07093 100.48897 18.46930 -12.04450 0.00000 0.00000 0.00000 0.00000 0.00000 0.6969 8.982e+12 9.356e+12
142 141 2.1127e+13 537.21 453.27 659.943 94.511 100 37.81145 27.10541 50.09714 511.31 -164.91 -150.74 -1.098e+14 1.882e+13 -4.299e+13 0.02030 94.51093 2.1127e+13 2.1730e+13 1.7807e+13 1.2374e+13 3.9235e+12 29.78178 6.38 0.02109 0.87846 0.71864 92.17320 -10.49527 -64.37093 0.76595 0.50587 84.46336 40.99099 -17.17483 0.4887 1.847e+13 1.268e+13
143 171 1.8108e+12 233.56 268.32 290.976 45.111 74 69.66439 85.23834 41.40386 -392.78 99.64 172.50 -1.145e+13 -1.234e+13 -5.185e+12 0.13557 45.11136 1.8108e+12 1.8108e+12 1.8108e+12 0.0000e+00 0.0000e+00 107.62381 0.00 0.18667 0.47251 0.19204 1.37490 164.45071 -74.42725 0.00000 0.00000 0.00000 0.00000 0.00000 1.6905 5.211e+12 0.000e+00
144 150 3.9235e+12 281.77 301.45 376.520 97.385 98 20.54417 31.41241 64.78664 4.51 -231.75 -197.42 6.322e+12 -3.880e+13 2.157e+13 0.02159 97.38525 3.9235e+12 3.9235e+12 3.6217e+12 1.2072e+12 0.0000e+00 96.19740 0.00 0.13100 0.09686 0.00000 116.87458 -21.98275 3.19108 0.66339 0.36446 45.65823 92.36953 -22.01857 0.9765 7.264e+12 3.923e+12
145 157 2.1428e+13 501.22 488.76 663.071 156.112 98 22.44485 13.78147 29.48856 219.49 -16.34 59.19 -1.867e+14 2.935e+14 4.419e+13 0.05075 156.11188 2.1428e+13 2.1428e+13 1.9919e+13 1.1167e+13 3.0181e+12 145.40793 8.89 0.06048 0.78589 0.29766 -31.57812 -31.97955 119.95007 0.53977 0.32169 -65.65382 -38.64075 69.40697 0.5911 1.941e+13 2.052e+13
146 155 8.4506e+12 372.85 307.85 486.250 101.884 96 56.48511 55.53956 25.35505 -114.75 -151.74 207.12 1.148e+13 -2.409e+13 2.519e+13 0.02565 101.88377 8.4506e+12 9.0542e+12 7.5452e+12 5.1307e+12 0.0000e+00 64.90712 0.00 0.02984 0.48803 0.09602 14.03277 114.09278 60.51379 0.34989 0.12310 28.89747 98.24537 21.64784 0.5147 1.130e+13 7.243e+12
147 159 2.1127e+13 484.63 466.79 659.943 215.825 96 94.67512 21.59657 1.25547 -503.14 -320.89 -54.04 5.823e+13 -1.387e+13 1.667e+14 0.02601 215.82489 2.1127e+13 2.2032e+13 1.7203e+13 9.0542e+12 3.6217e+12 80.50983 9.22 0.03128 0.91227 0.39199 -71.19637 83.97311 -32.91102 0.67384 0.36269 -9.36816 61.02555 -47.07812 0.5781 2.084e+13 2.777e+13
148 165 2.1127e+12 228.63 132.46 306.319 81.428 94 95.32029 28.20140 70.55117 -100.92 -42.62 -186.40 -3.205e+12 -7.184e+12 5.519e+11 0.04521 81.42834 2.1127e+12 3.6217e+12 1.5090e+12 0.0000e+00 0.0000e+00 52.10032 0.00 0.06464 0.21547 0.00000 -84.08572 -45.99897 119.95408 0.00000 0.00000 0.00000 0.00000 0.00000 0.3929 9.174e+12 2.414e+12
149 162 1.7505e+13 479.46 506.09 619.845 121.763 94 78.71960 10.24724 62.41343 -129.14 150.60 -23.20 -4.514e+13 3.223e+13 -3.014e+13 0.01103 121.76283 1.7505e+13 1.7505e+13 1.6901e+13 1.0261e+13 3.3199e+12 119.30070 0.00 0.01525 0.33756 0.19083 110.82699 -84.36698 -47.64797 0.18362 0.00558 -68.86588 75.67500 31.94840 0.7051 1.633e+13 1.449e+13
150 161 1.2374e+13 401.35 330.46 552.165 237.137 93 45.16749 85.76060 74.41701 231.62 288.29 77.57 4.382e+13 1.118e+13 -3.461e+13 0.01900 237.13658 1.2374e+13 1.3280e+13 9.9596e+12 1.2072e+12 0.0000e+00 41.47455 32.42 0.02453 0.16469 0.07544 -102.06735 -7.27885 141.56961 0.00000 0.00000 -23.38409 -1.45721 74.42474 0.5539 1.183e+13 1.962e+13
151 158 2.2937e+13 579.67 570.28 678.284 75.831 92 46.65438 93.74484 76.15511 250.44 61.74 41.64 9.566e+13 4.587e+13 -7.980e+13 0.01859 75.83142 2.2937e+13 2.2937e+13 2.2334e+13 1.7807e+13 8.4506e+12 37.55545 0.00 0.02044 0.48811 0.44985 120.18661 -51.93909 -55.97373 0.56692 0.48631 96.62132 -51.53525 -44.10533 0.6172 2.463e+13 1.328e+13
152 154 2.2937e+13 606.63 600.11 678.284 61.760 92 25.51480 58.04440 25.51271 268.91 -95.21 176.73 -1.677e+11 -6.885e+13 5.054e+13 0.01103 61.75988 2.2937e+13 2.3239e+13 2.2334e+13 1.9919e+13 4.2253e+12 86.08994 0.00 0.01315 0.51119 0.33652 -42.23568 -61.62395 113.28831 0.30529 0.18665 -39.13455 -61.49606 103.49491 0.6794 2.811e+13 1.117e+13
153 163 6.0361e+12 317.56 213.91 434.661 156.669 65 52.34857 25.40937 33.89389 364.76 17.45 453.58 1.026e+13 -2.592e+11 5.480e+12 0.01496 156.66949 6.0361e+12 6.0361e+12 4.2253e+12 2.4145e+12 0.0000e+00 26.15404 9.82 0.01658 0.95371 0.39624 -32.25784 20.18588 120.38557 0.51207 0.03496 -54.42713 64.49686 55.90296 0.3659 7.574e+12 9.356e+12
154 168 1.7203e+13 484.15 454.53 616.262 108.971 88 70.19483 25.78705 18.72893 -347.51 -19.01 -146.78 -1.004e+14 -1.044e+13 1.261e+13 0.02287 108.97055 1.7203e+13 1.7505e+13 1.6599e+13 1.1469e+13 2.7163e+12 38.28159 0.00 0.02530 0.61793 0.55143 134.75529 -41.41911 -0.28163 0.49998 0.38622 87.75712 -71.96106 41.43972 0.5562 1.690e+13 1.328e+13
155 172 1.0865e+13 412.50 346.59 528.739 97.893 84 62.30022 75.89060 31.78303 -18.82 68.18 49.72 1.064e+13 1.523e+13 4.598e+13 0.02390 97.89260 1.0865e+13 1.1469e+13 9.9596e+12 4.8289e+12 2.4145e+12 17.37044 16.28 0.02653 0.67256 0.59950 -54.19369 89.63775 32.34640 0.37392 0.15038 17.73588 90.79237 10.46085 0.5099 1.081e+13 9.054e+12
156 125 1.5392e+13 603.11 553.69 593.833 32.822 84 29.58696 24.63673 15.45794 324.25 -448.73 20.00 -2.614e+13 -2.154e+13 7.513e+13 0.02432 32.82167 1.5392e+13 1.5392e+13 1.4789e+13 1.3581e+13 8.4506e+12 16.12761 0.00 0.02467 0.88191 0.57321 -13.84792 34.65931 80.28491 0.93312 0.50779 13.75458 41.72429 69.40714 0.6276 2.095e+13 5.734e+12
157 169 9.0542e+12 370.98 299.70 497.563 133.755 84 25.84289 38.40285 29.20690 242.56 -202.38 89.79 -3.673e+13 -4.830e+13 -2.557e+13 0.03563 133.75453 9.0542e+12 1.2072e+13 6.3380e+12 2.4145e+12 0.0000e+00 62.24219 18.07 0.04773 0.17921 0.09464 -91.64928 253.60405 74.49901 0.46777 0.00000 33.64034 74.59509 54.34894 0.5620 1.054e+13 1.026e+13
158 170 8.7524e+12 413.61 387.03 491.972 59.557 62 2.90116 12.19267 9.02488 -76.28 -175.55 -114.06 1.520e+13 -1.799e+13 -2.324e+13 0.01905 59.55747 8.7524e+12 8.7524e+12 6.9416e+12 5.7343e+12 2.7163e+12 81.54875 14.25 0.02538 0.42000 0.18010 120.70689 -3.25020 25.80064 0.42898 0.19611 96.06929 -8.42484 25.21014 0.6771 1.042e+13 5.131e+12
159 164 2.1127e+12 229.85 174.99 306.319 77.170 28 65.36340 86.44059 53.12323 158.03 60.34 -238.81 -2.733e+12 3.514e+12 -4.517e+12 0.02882 77.16953 2.1127e+12 2.4145e+12 1.8108e+12 3.0181e+11 0.0000e+00 116.75689 0.00 0.05199 0.67673 0.13121 -31.58443 91.79775 77.10091 0.00000 0.00000 0.00000 0.00000 0.00000 0.6350 4.367e+12 2.113e+12
160 173 1.0865e+13 466.38 407.86 528.739 51.146 80 74.78575 57.73647 50.52861 -688.53 211.22 70.23 8.403e+13 -9.222e+13 -3.443e+13 0.06518 51.14619 1.0865e+13 1.1167e+13 9.9596e+12 9.0542e+12 3.0181e+12 25.20536 17.72 0.06923 0.56373 0.33357 -18.38469 98.47476 -59.65876 0.28705 0.06786 8.61948 92.68922 -62.98820 0.5528 1.233e+13 4.829e+12
161 177 9.3560e+12 514.12 417.02 503.031 27.176 80 49.21524 54.10458 37.94638 574.74 -91.34 202.93 -3.218e+13 -1.175e+13 3.132e+12 0.02470 27.17622 9.3560e+12 1.0563e+13 9.0542e+12 8.4506e+12 5.4325e+12 45.13043 0.00 0.02361 0.75693 0.47554 -16.06732 10.26110 75.29133 0.61592 0.33253 -14.36244 6.54431 71.99511 0.5466 1.252e+13 3.018e+12
162 166 1.7203e+13 524.90 465.63 616.262 70.008 79 85.49781 71.31305 10.06318 -297.55 211.80 111.09 3.381e+13 3.659e+13 1.283e+13 0.01192 70.00822 1.7203e+13 1.7203e+13 1.5996e+13 9.9596e+12 5.1307e+12 41.31578 4.55 0.01279 0.90495 0.39203 65.92305 68.62206 -37.39415 0.50485 0.37663 76.86343 31.14500 4.77126 0.5510 1.652e+13 8.451e+12
163 247 4.2253e+12 284.34 254.59 385.937 120.105 79 22.17556 12.57614 44.05765 175.60 27.03 -137.25 4.744e+13 -1.994e+13 1.712e+13 0.07781 120.10466 4.2253e+12 4.5271e+12 2.4145e+12 6.0361e+11 0.0000e+00 49.76754 38.34 0.14003 0.85171 0.43050 18.13933 -93.05637 92.38618 0.00000 0.00000 0.00000 0.00000 0.00000 0.7143 4.885e+12 5.433e+12
164 178 6.0361e+12 336.13 191.40 434.661 85.536 78 71.92993 64.52638 52.03065 10.78 -189.22 -646.07 8.645e+12 -2.079e+13 4.195e+11 0.03226 85.53561 6.6398e+12 6.0361e+12 5.7343e+12 2.4145e+12 0.0000e+00 33.77730 52.31 0.03209 0.13539 0.06095 143.55045 -73.00563 40.12881 0.56025 0.00000 -26.08723 31.82553 87.86520 0.2808 6.411e+12 5.131e+12
165 183 1.3883e+13 481.88 413.61 573.755 69.802 76 20.62164 12.75495 44.68512 373.92 50.39 -94.34 -3.118e+13 9.250e+13 -9.454e+13 0.04124 69.80244 1.3883e+13 1.3883e+13 1.0865e+13 8.1488e+12 3.6217e+12 89.43641 0.00 0.04831 0.59411 0.27653 -24.26307 84.97994 83.94830 0.56536 0.29356 69.49220 -21.78290 -62.59217 0.5802 1.330e+13 7.243e+12
166 180 1.5996e+13 516.04 455.52 601.496 66.026 75 53.98948 38.24508 52.63247 -232.09 29.51 -79.66 6.335e+13 -1.357e+13 7.361e+12 0.01748 66.02600 1.5996e+13 1.5996e+13 1.5694e+13 1.1167e+13 5.1307e+12 65.58103 0.00 0.01831 0.45342 0.31399 61.22969 12.56426 67.45456 0.31523 0.29765 60.90692 -0.95780 48.65841 0.5398 1.511e+13 7.243e+12
167 167 1.1770e+13 456.49 368.18 543.036 65.771 75 50.62923 63.68837 14.98509 177.93 -46.90 259.58 -5.987e+13 -6.446e+12 1.249e+13 0.02817 65.77122 1.1770e+13 1.1770e+13 1.0261e+13 7.2434e+12 3.6217e+12 28.27070 6.94 0.02879 0.94791 0.56846 -25.29923 35.59332 77.54740 0.86708 0.45921 56.06301 28.22869 -45.67512 0.4843 1.098e+13 6.942e+12
168 175 2.7163e+12 242.35 171.15 333.085 135.415 29 90.80908 12.28591 8.55416 67.26 84.65 -294.04 -2.123e+13 -9.243e+12 -1.525e+13 0.08943 135.41473 2.7163e+12 3.0181e+12 1.5090e+12 0.0000e+00 0.0000e+00 109.43211 77.28 0.14952 0.57801 0.07995 47.75159 111.78181 80.60450 0.00000 0.00000 0.00000 0.00000 0.00000 0.6090 4.142e+12 5.433e+12
169 176 6.0361e+11 150.21 0.00 201.752 55.072 46 92.67186 12.24127 8.40665 -103.21 53.60 -269.06 -3.160e+12 -3.752e+12 -6.276e+12 0.90217 55.07179 6.0361e+11 6.0361e+11 0.0000e+00 0.0000e+00 0.0000e+00 160.99414 346.37 0.52680 0.00000 0.00000 0.00000 0.00000 0.00000 0.00000 0.00000 0.00000 0.00000 0.00000 0.0000 7.411e+12 6.036e+11
170 179 1.3581e+13 430.30 402.71 569.567 134.750 74 61.49430 41.41134 68.02070 -71.50 -253.24 -318.98 -1.193e+14 1.969e+14 -3.213e+12 0.06647 134.75044 1.3581e+13 1.4487e+13 1.2676e+13 6.6398e+12 2.7163e+12 78.53422 0.00 0.08491 0.19596 0.11709 96.97894 58.15337 -55.29930 0.22420 0.04412 79.59438 42.08853 -34.73442 0.6061 1.250e+13 1.268e+13
171 19 6.0361e+11 165.46 0.00 201.752 27.750 74 44.32302 20.52804 42.03707 360.18 -359.67 563.06 0.000e+00 0.000e+00 0.000e+00 0.00000 27.74956 6.0361e+11 9.0542e+11 6.0361e+11 3.0181e+11 0.0000e+00 96.54661 0.00 0.00000 0.00000 0.00000 0.00000 0.00000 0.00000 0.00000 0.00000 0.00000 0.00000 0.00000 0.0000 5.193e+12 3.018e+11
172 181 7.5452e+12 340.38 223.75 468.224 199.085 72 92.97195 97.92059 13.43316 103.20 310.96 52.87 1.328e+13 1.525e+13 3.523e+13 0.03488 199.08469 7.5452e+12 7.8470e+12 4.2253e+12 1.5090e+12 1.2072e+12 16.03215 43.89 0.03990 0.73216 0.34791 80.08082 87.40723 11.93498 0.49363 0.17692 53.47633 -35.75529 -11.62852 0.3841 8.379e+12 1.298e+13
173 94 9.0542e+11 185.79 265.61 230.948 35.351 71 69.02509 76.95152 47.95710 -46.28 -6.71 -158.31 2.728e+12 -6.273e+12 1.883e+12 0.26850 35.35147 9.0542e+11 9.0542e+11 9.0542e+11 0.0000e+00 0.0000e+00 107.96417 0.00 0.23873 0.00000 0.00000 0.00000 0.00000 0.00000 0.00000 0.00000 0.00000 0.00000 0.00000 4.6484 6.186e+12 3.018e+11
174 184 1.0563e+13 490.45 365.65 523.797 39.430 70 70.04713 82.92745 12.67383 -57.67 128.02 248.64 -2.640e+12 -4.829e+13 2.867e+13 0.03297 39.43032 1.0563e+13 1.0563e+13 1.0563e+13 7.8470e+12 5.1307e+12 52.40743 0.00 0.03152 0.92080 0.44719 -26.97760 90.32397 15.51462 0.75374 0.40241 -7.61422 66.36436 -49.74636 0.4574 1.209e+13 5.131e+12
175 186 5.7343e+12 320.16 257.55 427.292 109.181 69 47.85234 61.64802 69.23151 76.45 -97.82 -115.96 -2.467e+12 -9.936e+12 -3.566e+13 0.05031 109.18126 5.7343e+12 6.0361e+12 4.8289e+12 3.0181e+12 1.2072e+12 29.76171 0.00 0.05757 0.25697 0.21656 95.29478 80.46449 -54.10627 0.09058 0.00000 -76.03273 -59.80970 77.90521 0.4754 6.142e+12 5.734e+12
176 182 1.3581e+13 538.58 477.61 569.567 41.229 69 23.60842 31.90947 54.55166 169.54 -92.14 9.07 4.926e+13 1.853e+13 -1.183e+13 0.01943 41.22940 1.3581e+13 1.3581e+13 1.3280e+13 1.0865e+13 5.4325e+12 47.61943 0.00 0.01989 0.79019 0.59978 0.10529 -1.12743 90.71667 0.86285 0.56199 54.37429 -19.40792 54.89295 0.5836 1.804e+13 5.433e+12
177 192 2.4145e+12 247.86 282.21 320.261 62.672 67 65.93045 49.77851 47.54550 -145.53 96.63 -2.63 1.421e+12 1.675e+13 1.174e+13 0.08990 62.67248 2.4145e+12 2.4145e+12 2.4145e+12 3.0181e+11 0.0000e+00 32.31224 0.00 0.13455 0.42682 0.04430 -46.82310 47.05236 114.83302 0.00000 0.00000 0.00000 0.00000 0.00000 1.5136 5.305e+12 1.509e+12
178 190 1.3280e+13 490.88 439.10 565.316 58.682 66 0.56946 94.63496 15.27634 -310.94 527.31 -164.51 -1.289e+14 2.779e+13 5.632e+13 0.05051 58.68248 1.3280e+13 1.4185e+13 1.2072e+13 9.3560e+12 5.1307e+12 54.28579 8.38 0.05491 0.55482 0.46522 7.66604 95.98963 -36.38494 0.43822 0.35125 -4.01685 88.88898 -29.86048 0.5778 1.303e+13 6.942e+12
179 187 1.3883e+13 491.17 469.05 573.755 63.637 66 57.06558 48.57821 16.72015 -20.02 -189.16 271.75 1.414e+13 -2.266e+13 3.288e+13 0.01363 63.63661 1.3883e+13 1.4487e+13 1.3581e+13 1.0563e+13 5.1307e+12 50.88849 0.00 0.01506 0.44607 0.25992 -32.72704 88.64165 -62.17491 0.37109 0.21689 -38.14560 94.87811 -56.72644 0.6093 1.482e+13 7.243e+12
180 188 4.2253e+12 305.73 209.07 385.937 64.747 42 0.27052 22.15079 80.10799 -1.52 -579.51 -398.10 -9.618e+12 1.676e+13 3.286e+11 0.04686 64.74709 4.2253e+12 4.2253e+12 3.3199e+12 2.4145e+12 0.0000e+00 52.35569 12.99 0.04990 0.58644 0.02619 -51.79183 -35.95219 69.66064 0.76558 0.03151 -3.62616 66.44064 -36.87321 0.3938 3.827e+12 3.018e+12
181 191 7.2434e+12 353.15 277.21 461.896 98.958 64 46.84627 28.11339 68.32426 1.14 38.56 -85.75 -4.855e+12 1.201e+12 -2.170e+13 0.01900 98.95768 7.2434e+12 7.2434e+12 6.6398e+12 1.8108e+12 0.0000e+00 125.13037 18.05 0.02341 0.53458 0.39762 -72.05959 136.82988 177.22069 0.46254 0.00350 -7.98826 48.53360 80.79979 0.5179 6.709e+12 6.640e+12
182 189 1.1469e+13 632.02 449.31 538.355 18.154 64 53.33791 20.81385 33.32264 -91.83 248.90 295.81 -1.244e+13 -1.526e+13 1.702e+13 0.01228 18.15422 1.1469e+13 1.1469e+13 9.3560e+12 7.2434e+12 5.7343e+12 27.16396 0.00 0.01272 0.66329 0.57415 61.43948 -16.40455 18.43643 0.87731 0.57725 41.51960 13.57400 16.18297 0.5911 2.339e+13 5.734e+12
183 -1 2.1127e+12 222.67 185.34 306.319 130.627 63 97.95959 98.40086 10.98470 31.66 385.12 68.83 1.084e+13 1.503e+12 1.569e+13 0.05627 130.62720 2.1127e+12 2.1127e+12 0.0000e+00 0.0000e+00 0.0000e+00 132.53264 69.04 0.15679 0.46634 0.15404 144.67244 69.78657 95.21034 0.00000 0.00000 0.00000 0.00000 0.00000 0.8225 3.806e+12 3.320e+12
184 126 2.7163e+12 266.66 243.35 333.085 52.444 63 32.12887 24.30272 16.51964 172.51 -337.10 -22.99 1.079e+13 -7.614e+12 1.240e+13 0.04908 52.44380 2.7163e+12 2.7163e+12 2.7163e+12 1.2072e+12 0.0000e+00 30.71555 0.00 0.09768 0.23445 0.01976 53.62537 -79.24237 107.77789 0.47250 0.12449 82.84667 -37.16745 69.02663 0.7788 5.710e+12 1.811e+12
185 193 1.5090e+12 205.24 63.88 273.819 69.707 62 87.55341 48.62311 54.65508 -154.92 -320.10 273.44 -5.946e+11 5.563e+11 -5.462e+10 0.00832 69.70662 1.5090e+12 1.8108e+12 0.0000e+00 0.0000e+00 0.0000e+00 12.30788 14.08 0.01172 0.39858 0.27160 93.32697 138.94077 -99.28787 0.00000 0.00000 0.00000 0.00000 0.00000 0.1315 6.646e+12 1.509e+12
186 195 6.3380e+12 352.80 290.46 441.788 70.589 62 69.00400 90.08439 12.59927 80.20 192.19 247.80 3.778e+12 1.543e+13 2.591e+13 0.03325 70.58850 6.3380e+12 6.6398e+12 6.3380e+12 4.2253e+12 0.0000e+00 27.82383 0.00 0.03992 0.70402 0.13040 92.35844 -6.42431 39.41906 0.29988 0.02656 64.19524 -53.19936 59.55471 0.5502 6.202e+12 4.527e+12
187 200 1.3883e+13 474.52 434.30 573.755 75.487 61 99.07010 17.67130 78.83957 -27.23 364.53 155.69 4.433e+13 4.555e+13 -8.891e+13 0.03534 75.48743 1.3883e+13 1.4185e+13 1.2374e+13 1.0261e+13 3.0181e+12 49.21211 12.76 0.03886 0.69383 0.58306 76.02285 55.41529 45.45177 0.66601 0.32599 53.93630 45.08133 56.55629 0.5663 1.404e+13 8.451e+12
188 198 9.0542e+12 494.85 378.88 497.563 29.700 61 2.94880 98.62224 2.04715 -64.03 829.75 38.00 3.110e+13 8.637e+12 -2.098e+13 0.02866 29.69955 9.0542e+12 9.0542e+12 9.0542e+12 5.4325e+12 4.2253e+12 35.99461 0.00 0.02791 0.75633 0.40252 68.71332 27.11487 2.11010 0.98829 0.47105 42.22145 -31.43194 -9.66726 0.5051 1.120e+13 3.622e+12
189 28 6.0361e+11 160.20 0.00 201.752 33.357 60 73.56507 0.80796 23.44394 -482.66 396.55 82.99 7.697e+11 1.742e+11 2.061e+12 0.13522 33.35729 6.0361e+11 6.0361e+11 6.0361e+11 0.0000e+00 0.0000e+00 157.40508 118.08 0.14593 0.00000 0.00000 0.00000 0.00000 0.00000 0.00000 0.00000 0.00000 0.00000 0.00000 0.0000 7.037e+12 0.000e+00
190 211 1.8108e+12 215.97 145.64 290.976 82.289 60 76.56241 30.24309 59.32204 -58.51 182.14 53.22 -6.236e+12 -9.364e+11 -5.600e+11 0.03764 82.28863 1.8108e+12 1.8108e+12 1.5090e+12 3.0181e+11 0.0000e+00 69.75547 25.10 0.06709 0.50915 0.15833 74.59663 76.87742 150.90034 0.00000 0.00000 0.00000 0.00000 0.00000 0.5710 5.534e+12 2.113e+12
191 199 5.7343e+12 352.31 244.79 427.292 57.125 58 21.60635 0.33998 36.35706 91.25 438.94 24.81 2.044e+13 3.001e+13 -2.691e+12 0.05419 57.12497 5.7343e+12 5.7343e+12 5.4325e+12 3.6217e+12 0.0000e+00 53.42323 39.90 0.05652 0.81849 0.31776 106.53653 43.28201 22.19724 0.18608 0.00071 103.45524 -16.18244 108.01811 0.4084 7.039e+12 3.622e+12
192 203 1.2072e+12 195.21 219.57 254.191 52.637 58 53.13660 90.88907 67.70613 -36.82 270.17 18.76 -1.783e+12 1.057e+12 2.884e+12 0.05846 52.63674 1.2072e+12 1.5090e+12 1.2072e+12 0.0000e+00 0.0000e+00 88.92528 0.00 0.07398 0.44082 0.16842 37.59479 -27.53972 152.79543 0.00000 0.00000 0.00000 0.00000 0.00000 2.2252 5.852e+12 9.054e+11
193 86 1.5090e+12 206.10 121.58 273.819 66.983 58 62.81972 26.83717 87.70197 180.50 -111.54 21.79 5.910e+12 -1.910e+12 1.502e+12 0.03288 66.98337 1.5090e+12 1.5090e+12 0.0000e+00 0.0000e+00 0.0000e+00 86.11945 106.26 0.09176 0.32179 0.28619 46.22889 92.95036 161.20590 0.00000 0.00000 0.00000 0.00000 0.00000 1.2332 3.976e+12 1.509e+12
194 205 1.2072e+13 502.00 430.65 547.639 44.941 54 47.25886 44.92136 77.49107 -60.19 -253.68 -78.77 -3.721e+13 1.599e+13 -1.160e+14 0.05132 44.94146 1.2072e+13 1.2374e+13 1.1770e+13 8.4506e+12 3.6217e+12 89.82784 0.00 0.05513 0.78053 0.36371 -10.66707 78.10455 56.33141 0.71480 0.26128 -34.04422 51.98993 65.91694 0.5745 1.396e+13 5.433e+12
195 204 6.0361e+12 320.03 261.19 434.661 136.509 53 40.94940 89.10999 98.40450 201.47 101.40 -16.99 9.663e+13 -1.169e+12 -2.593e+13 0.11736 136.50859 6.0361e+12 6.0361e+12 3.9235e+12 2.7163e+12 1.2072e+12 47.29482 14.97 0.14256 0.36968 0.31789 42.17496 38.97768 73.23562 0.27330 0.00000 27.39167 44.69909 29.07744 0.4984 5.663e+12 7.243e+12
196 209 2.4145e+12 253.78 152.39 320.261 53.631 53 32.53290 60.49892 4.36538 359.51 83.66 92.15 -1.596e+13 2.317e+12 -1.630e+12 0.07816 53.63150 2.4145e+12 3.6217e+12 2.1127e+12 3.0181e+11 0.0000e+00 45.59268 22.18 0.10635 0.23110 0.00000 12.84096 110.19722 119.38797 0.00000 0.00000 0.00000 0.00000 0.00000 0.4388 3.823e+12 9.054e+11
197 196 4.5271e+12 298.32 178.94 394.916 93.523 52 64.41444 96.80035 43.81038 81.48 -88.47 -74.96 5.067e+12 -6.267e+12 -2.152e+12 0.01858 93.52273 4.5271e+12 4.5271e+12 4.2253e+12 2.7163e+12 0.0000e+00 22.96877 0.00 0.01920 0.65554 0.35137 10.78097 3.71359 149.88412 0.23197 0.11568 97.99180 -23.58003 107.94650 0.2882 4.086e+12 4.225e+12
198 197 1.2072e+12 190.70 130.39 254.191 64.160 52 87.69274 24.41932 33.88594 -192.07 -263.40 25.91 5.928e+12 3.366e+12 5.333e+11 0.04032 64.15998 1.2072e+12 1.2072e+12 0.0000e+00 0.0000e+00 0.0000e+00 130.76183 28.04 0.14244 0.44508 0.38646 39.59023 10.98909 164.41820 0.00000 0.00000 0.00000 0.00000 0.00000 0.8225 4.894e+12 1.207e+12
199 202 6.0361e+12 323.65 246.08 434.661 118.510 51 53.15174 66.26152 18.53457 182.51 -126.89 69.15 2.277e+13 1.681e+13 2.603e+13 0.04558 118.50962 6.0361e+12 6.6398e+12 4.8289e+12 1.8108e+12 0.0000e+00 22.30810 0.00 0.05478 0.79971 0.17344 78.73933 89.43542 54.15060 0.48063 0.00000 50.96639 74.57257 3.55229 0.4692 7.095e+12 6.640e+12
200 210 2.1127e+12 229.16 152.74 306.319 79.501 50 69.82880 73.79650 18.21293 -284.77 305.40 46.34 1.739e+12 1.449e+13 1.684e+12 0.06293 79.50095 2.1127e+12 2.1127e+12 0.0000e+00 0.0000e+00 0.0000e+00 31.11753 0.00 0.12045 0.75234 0.00000 102.66287 71.02253 -67.41168 0.00000 0.00000 0.00000 0.00000 0.00000 0.6202 3.952e+12 2.113e+12
201 213 9.0542e+11 168.92 63.61 230.948 81.215 49 43.56749 37.55396 75.93506 80.20 -261.42 -34.18 -4.106e+11 1.368e+12 -3.854e+11 0.01045 81.21457 9.0542e+11 9.0542e+11 0.0000e+00 0.0000e+00 0.0000e+00 176.53880 84.07 0.04977 0.00000 0.00000 0.00000 0.00000 0.00000 0.00000 0.00000 0.00000 0.00000 0.00000 1.1649 3.582e+12 1.509e+12
202 220 6.0361e+11 150.51 0.00 201.752 53.886 46 64.23392 99.05108 68.26162 -3.54 219.25 -206.31 -3.172e+11 1.236e+12 -1.369e+12 0.05808 53.88586 6.0361e+11 1.2072e+12 0.0000e+00 0.0000e+00 0.0000e+00 190.79811 109.37 0.12376 0.00000 0.00000 0.00000 0.00000 0.00000 0.00000 0.00000 0.00000 0.00000 0.00000 0.0000 4.885e+12 6.036e+11
203 52 6.0361e+11 152.17 0.00 201.752 48.429 46 95.83639 25.56617 56.37639 -18.52 -60.20 -59.52 2.003e+12 -1.004e+12 -1.291e+11 0.14428 48.42935 6.0361e+11 6.0361e+11 3.0181e+11 0.0000e+00 0.0000e+00 126.64934 233.21 0.14842 0.00000 0.00000 0.00000 0.00000 0.00000 0.00000 0.00000 0.00000 0.00000 0.00000 0.0000 2.721e+12 6.036e+11
204 215 4.8289e+12 332.38 237.44 403.504 54.214 46 73.60336 32.30659 55.80967 -159.74 21.44 203.19 -3.993e+13 7.569e+12 -4.313e+12 0.07921 54.21382 4.8289e+12 5.1307e+12 4.8289e+12 2.7163e+12 0.0000e+00 40.47013 0.00 0.08447 0.42008 0.13148 -19.84956 -5.01258 123.72020 0.54632 0.16768 87.38323 49.18594 -14.18911 0.4181 6.855e+12 2.414e+12
205 217 9.0542e+12 464.18 389.63 497.563 38.009 45 24.57501 61.68258 35.85160 273.95 -38.83 76.60 9.573e+12 1.749e+13 1.076e+13 0.01637 38.00915 9.0542e+12 9.0542e+12 8.4506e+12 6.6398e+12 4.5271e+12 80.63924 15.32 0.01642 0.80569 0.60499 -1.11631 -45.19267 69.67375 0.60081 0.42656 0.81597 -56.39935 59.18962 0.5352 1.064e+13 4.225e+12
206 152 3.3199e+12 260.09 196.97 356.127 129.375 45 32.57578 16.43498 11.59700 26.37 -73.25 -115.50 1.094e+13 4.314e+12 9.665e+11 0.02081 129.37547 3.3199e+12 3.3199e+12 6.0361e+11 3.0181e+11 0.0000e+00 107.18329 82.14 0.04554 0.44282 0.24975 25.13175 44.29830 84.92116 0.00000 0.00000 0.00000 0.00000 0.00000 0.7565 4.616e+12 5.734e+12
207 218 9.6578e+12 509.09 449.75 508.383 29.585 44 38.42790 34.99639 67.24663 263.10 -387.54 -149.04 -2.599e+13 -3.831e+13 2.370e+13 0.03327 29.58548 9.6578e+12 9.6578e+12 8.4506e+12 8.1488e+12 5.7343e+12 57.34792 29.82 0.03386 0.68947 0.56020 36.00409 -20.20648 69.29183 0.61565 0.54242 30.43109 -18.00722 67.48185 0.6047 1.373e+13 3.320e+12
208 212 8.7524e+12 382.12 331.75 491.972 93.886 44 73.21794 80.81241 18.47547 -314.73 89.19 -54.84 -5.227e+13 -5.450e+13 -9.640e+12 0.04872 93.88618 8.7524e+12 9.0542e+12 7.8470e+12 5.4325e+12 2.1127e+12 19.42443 24.12 0.05839 0.86231 0.77155 80.79536 -13.89619 -59.65234 0.77535 0.32798 -59.36778 23.48312 68.69859 0.5663 7.761e+12 6.640e+12
209 216 1.0865e+13 498.01 429.72 528.739 38.877 44 72.16764 79.20244 17.37225 -259.41 226.70 83.44 1.224e+12 -1.638e+13 -2.377e+13 0.01457 38.87708 1.0865e+13 1.1167e+13 1.0563e+13 8.4506e+12 3.9235e+12 92.26533 0.00 0.01545 0.51288 0.38257 -47.26962 65.68156 36.93118 0.39923 0.28633 51.83648 -37.24577 -25.40903 0.5831 1.187e+13 3.923e+12
210 214 6.6398e+12 364.71 266.25 448.692 64.785 44 31.17445 65.36736 14.05984 251.39 -12.23 -46.28 3.604e+13 2.464e+13 2.092e+13 0.05618 64.78544 6.6398e+12 6.6398e+12 5.7343e+12 3.9235e+12 1.2072e+12 30.86275 13.79 0.05885 0.85902 0.70042 25.78517 34.47860 83.29975 0.60206 0.17132 72.31133 2.31747 9.35478 0.4230 5.983e+12 3.923e+12
211 222 4.8289e+12 296.73 216.80 403.504 129.044 43 67.81236 31.69598 51.09811 -124.17 12.31 15.21 2.584e+11 -2.160e+13 1.876e+13 0.04538 129.04448 4.8289e+12 5.4325e+12 3.9235e+12 6.0361e+11 0.0000e+00 78.04570 48.53 0.05913 0.25042 0.00000 94.56441 51.27027 47.81878 0.00000 0.00000 0.00000 0.00000 0.00000 0.4945 5.446e+12 6.036e+12
212 -1 2.7163e+12 244.74 134.56 333.085 107.963 40 40.65610 92.95605 97.61069 137.08 176.36 58.39 -9.302e+11 8.814e+12 -1.840e+13 0.08587 107.96303 2.7163e+12 2.7163e+12 1.5090e+12 3.0181e+11 0.0000e+00 71.31225 29.20 0.11010 0.66934 0.22915 80.55019 103.52364 -2.55899 0.00000 0.00000 0.00000 0.00000 0.00000 0.3151 3.148e+12 3.320e+12
213 206 7.2434e+12 345.69 285.25 461.896 119.375 39 15.60191 32.32664 65.46329 -11.90 -199.01 -70.42 7.868e+12 4.130e+13 4.295e+13 0.05349 119.37463 7.2434e+12 7.5452e+12 5.4325e+12 3.9235e+12 0.0000e+00 42.13055 0.00 0.06319 0.40496 0.16902 -42.11818 12.28698 145.05600 0.41400 0.25356 -28.12320 8.00586 112.25915 0.5026 7.190e+12 7.545e+12
214 232 2.1127e+12 256.80 135.56 306.319 37.603 39 3.99857 22.66178 10.91302 -105.70 -528.12 -139.59 -9.934e+11 -8.262e+11 3.801e+12 0.02595 37.60328 2.1127e+12 2.1127e+12 2.1127e+12 6.0361e+11 0.0000e+00 76.32659 0.00 0.03291 0.11799 0.00000 167.47763 84.13612 -56.32754 0.00000 0.00000 0.00000 0.00000 0.00000 0.3481 4.370e+12 6.036e+11
215 231 1.5090e+12 292.75 164.32 273.819 12.619 38 88.56462 29.67175 99.17435 -281.16 -723.72 194.93 8.988e+11 1.615e+12 1.066e+12 0.02660 12.61920 1.5090e+12 1.5090e+12 1.5090e+12 1.2072e+12 0.0000e+00 62.46333 0.00 0.03064 0.65821 0.47658 50.79881 45.68859 -6.46683 0.65821 0.47658 50.79881 45.68859 -6.46683 0.4300 3.408e+12 0.000e+00
216 219 9.0542e+11 210.67 144.20 230.948 19.339 38 72.47288 93.48048 37.97636 -297.45 116.81 -107.17 2.837e+12 -2.030e+12 -4.281e+11 0.08126 19.33883 9.0542e+11 9.0542e+11 6.0361e+11 6.0361e+11 0.0000e+00 61.50615 144.20 0.11825 0.00000 0.00000 0.00000 0.00000 0.00000 0.00000 0.00000 0.00000 0.00000 0.00000 1.8985 3.005e+12 6.036e+11
217 235 1.8108e+12 215.58 111.34 290.976 84.095 38 67.26501 60.77083 43.74038 -17.96 196.19 340.35 2.579e+12 -1.025e+12 6.360e+12 0.05058 84.09487 1.8108e+12 1.8108e+12 9.0542e+11 0.0000e+00 0.0000e+00 76.63449 20.32 0.07355 0.73776 0.11433 71.01524 87.45963 -12.49966 0.00000 0.00000 0.00000 0.00000 0.00000 0.3547 3.395e+12 1.811e+12
218 227 6.0361e+12 340.07 253.65 434.661 78.964 38 59.01099 41.94896 13.30030 15.68 -252.05 247.11 -3.943e+12 -1.730e+13 -1.296e+13 0.02558 78.96406 6.0361e+12 6.0361e+12 5.1307e+12 1.8108e+12 0.0000e+00 23.79350 0.00 0.03132 0.43155 0.01925 -36.74368 188.19292 32.49676 0.77240 0.36778 -59.12952 93.69999 58.98318 0.4999 6.574e+12 4.829e+12
219 229 6.0361e+12 385.11 290.10 434.661 41.229 37 76.62599 96.92567 62.70216 -299.00 257.10 -91.37 1.629e+13 4.026e+13 -2.246e+13 0.06656 41.22864 6.0361e+12 6.3380e+12 5.4325e+12 4.2253e+12 0.0000e+00 32.96581 20.08 0.06967 0.65785 0.40027 70.14278 54.43934 39.92001 0.25983 0.03126 85.75231 10.28877 0.42810 0.4859 6.678e+12 3.018e+12
220 230 2.1127e+12 223.75 218.24 306.319 110.906 37 59.06941 3.29030 77.95129 120.50 205.64 -151.53 -1.559e+13 -7.729e+12 -2.032e+12 0.06231 110.90646 2.1127e+12 2.7163e+12 1.5090e+12 3.0181e+11 0.0000e+00 74.89416 81.48 0.14359 0.79932 0.14927 -51.77917 85.92039 28.53026 0.00000 0.00000 0.00000 0.00000 0.00000 1.2332 6.365e+12 3.622e+12
221 224 4.8289e+12 334.10 217.55 403.504 52.768 37 15.05633 47.40866 54.11636 -136.53 -303.72 5.19 2.603e+13 -1.946e+13 2.794e+13 0.08702 52.76780 4.8289e+12 4.8289e+12 4.2253e+12 3.3199e+12 0.0000e+00 15.67351 40.35 0.08858 0.90375 0.12293 33.74529 97.98022 22.34881 0.26026 0.14345 24.72903 93.44695 -7.77152 0.3589 5.529e+12 3.018e+12
222 239 7.8470e+12 427.20 302.12 474.386 41.941 37 7.64406 87.68443 39.64397 -94.64 332.42 -66.84 -2.571e+13 5.844e+12 -3.109e+12 0.02462 41.94127 7.8470e+12 7.8470e+12 7.5452e+12 4.2253e+12 2.7163e+12 54.53021 0.00 0.02443 0.43250 0.31450 33.05488 33.98352 84.95864 0.50782 0.39794 9.21889 36.28839 64.35675 0.4406 7.797e+12 3.320e+12
223 228 9.0542e+11 178.91 72.23 230.948 44.882 35 30.64864 1.36806 94.65436 14.43 140.10 338.44 2.776e+11 1.455e+12 -2.746e+11 0.01535 44.88166 9.0542e+11 9.0542e+11 9.0542e+11 0.0000e+00 0.0000e+00 100.98672 123.34 0.05068 0.00000 0.00000 0.00000 0.00000 0.00000 0.00000 0.00000 0.00000 0.00000 0.00000 0.6577 3.127e+12 3.018e+11
224 -1 6.0361e+11 150.16 0.00 201.752 55.284 35 62.02624 79.64050 6.29530 17.11 248.78 309.22 -1.858e+12 -7.089e+11 7.170e+11 0.07313 55.28357 6.0361e+11 6.0361e+11 3.0181e+11 0.0000e+00 0.0000e+00 111.44185 106.43 0.13978 0.00000 0.00000 0.00000 0.00000 0.00000 0.00000 0.00000 0.00000 0.00000 0.00000 0.0000 2.217e+12 6.036e+11
225 237 6.0361e+11 152.20 0.00 201.752 48.363 34 71.89293 96.23557 64.97250 -280.53 107.10 -123.03 4.564e+11 -1.537e+12 -2.709e+11 0.04261 48.36276 6.0361e+11 6.0361e+11 0.0000e+00 0.0000e+00 0.0000e+00 171.27782 71.48 0.10753 0.00000 0.00000 0.00000 0.00000 0.00000 0.00000 0.00000 0.00000 0.00000 0.00000 0.0000 4.449e+12 6.036e+11
226 262 6.9416e+12 363.91 303.29 455.390 72.468 34 69.96801 36.31826 55.51707 -77.12 156.55 -91.48 -4.205e+12 7.726e+12 4.516e+13 0.04517 72.46831 6.9416e+12 6.9416e+12 6.6398e+12 4.2253e+12 0.0000e+00 51.30619 0.00 0.05193 0.95311 0.73585 104.61030 0.52541 -4.83130 0.44425 0.00629 12.35069 56.81813 50.01208 0.5213 6.907e+12 5.131e+12
227 242 1.8108e+12 248.61 124.71 290.976 32.572 34 78.56184 20.06631 71.33636 -123.00 94.87 -67.54 -4.920e+12 -2.410e+12 3.417e+12 0.05862 32.57198 1.8108e+12 3.0181e+12 1.8108e+12 1.2072e+12 0.0000e+00 95.96416 0.00 0.06843 0.57578 0.44418 -20.97878 102.36940 51.97471 0.82705 0.74172 -54.44918 -10.29542 63.50180 0.2907 3.133e+12 6.036e+11
228 245 8.1488e+12 494.08 369.54 480.391 25.375 34 28.27487 58.72778 33.46964 191.80 -22.29 74.83 -1.380e+13 -3.157e+13 -1.986e+13 0.03421 25.37456 8.1488e+12 8.1488e+12 6.9416e+12 5.7343e+12 4.2253e+12 50.81242 0.00 0.03436 0.78735 0.48993 22.49511 54.93546 -49.39219 0.66415 0.30159 20.94800 36.09400 50.96489 0.5322 1.204e+13 3.320e+12
229 246 3.6217e+12 278.22 167.65 366.607 83.433 34 47.48228 22.58854 48.30166 -161.86 74.64 -503.84 8.151e+12 -1.188e+13 -7.208e+12 0.04189 83.43337 3.6217e+12 3.6217e+12 3.0181e+12 0.0000e+00 0.0000e+00 46.18131 25.49 0.05377 0.40042 0.03299 89.39336 122.27062 49.25174 0.00000 0.00000 0.00000 0.00000 0.00000 0.4185 4.163e+12 3.018e+12
230 226 4.2253e+12 287.24 196.05 385.937 105.785 34 21.53530 31.71074 48.42751 168.44 -153.08 185.40 -1.084e+13 -2.796e+11 2.714e+12 0.02294 105.78471 4.2253e+12 4.2253e+12 3.6217e+12 6.0361e+11 0.0000e+00 49.42967 20.33 0.02885 0.22802 0.00896 -12.17400 36.95257 123.94679 0.00000 0.00000 0.00000 0.00000 0.00000 0.4596 4.279e+12 4.225e+12
231 238 1.8108e+12 216.99 166.44 290.976 78.062 33 70.69392 12.38943 66.63844 -41.96 122.10 61.72 1.152e+13 -9.041e+12 -2.293e+12 0.04075 78.06220 1.8108e+12 1.8108e+12 3.0181e+11 0.0000e+00 0.0000e+00 142.53532 37.55 0.15713 0.81422 0.39750 -17.03566 -60.14654 166.31104 0.00000 0.00000 0.00000 0.00000 0.00000 0.8934 2.419e+12 1.811e+12
232 250 4.5271e+12 289.27 237.63 394.916 134.976 33 17.58444 31.96044 65.26173 5.20 -140.25 -154.56 4.254e+13 -4.401e+13 1.239e+13 0.09940 134.97632 4.5271e+12 5.1307e+12 3.0181e+12 6.0361e+11 0.0000e+00 71.38719 35.45 0.14374 0.57114 0.20813 -61.00768 -70.64092 104.88438 0.00000 0.00000 0.00000 0.00000 0.00000 0.5721 4.932e+12 6.338e+12
233 -1 9.0542e+11 171.63 82.36 230.948 64.352 32 13.29520 9.08785 99.54490 56.33 70.60 248.28 4.335e+12 -1.330e+12 3.064e+12 0.09664 64.35218 9.0542e+11 9.0542e+11 0.0000e+00 0.0000e+00 0.0000e+00 94.77763 121.06 0.18414 0.00000 0.00000 0.00000 0.00000 0.00000 0.00000 0.00000 0.00000 0.00000 0.00000 2.0484 2.305e+12 9.054e+11
234 223 6.9416e+12 358.35 274.73 455.390 79.677 32 49.03076 63.09331 0.71080 -32.22 20.36 121.73 -1.374e+13 3.468e+13 4.012e+13 0.05480 79.67718 6.9416e+12 6.9416e+12 5.7343e+12 4.2253e+12 0.0000e+00 55.39436 16.38 0.06184 0.61698 0.56039 -10.77776 -71.26907 85.11596 0.71055 0.40416 -32.59996 -34.83575 77.34252 0.4719 5.984e+12 4.829e+12
235 241 2.1127e+12 236.66 120.73 306.319 60.682 32 85.19562 26.51016 55.08569 -40.04 -17.90 192.41 -5.299e+12 -3.635e+12 -2.864e+12 0.04641 60.68180 2.1127e+12 2.1127e+12 2.1127e+12 9.0542e+11 0.0000e+00 49.98655 0.00 0.05767 0.32748 0.04038 84.48099 -7.99157 -4.42875 0.32433 0.00000 69.90154 -37.37371 -0.77338 0.3086 3.155e+12 1.207e+12
236 1 1.8108e+12 217.28 81.57 290.976 76.977 32 3.27143 4.47548 97.23518 47.53 586.02 -542.23 3.671e+12 6.082e+12 6.923e+12 0.06866 76.97734 2.1127e+12 1.8108e+12 6.0361e+11 6.0361e+11 0.0000e+00 43.46141 117.84 0.10512 0.63690 0.10222 115.75014 -40.89144 122.34949 0.00000 0.00000 0.00000 0.00000 0.00000 0.4847 3.558e+12 1.811e+12
237 243 3.6217e+12 278.63 201.50 366.607 82.404 31 99.31361 11.79037 8.95669 60.45 -125.07 -168.94 2.166e+13 -7.579e+12 -2.343e+13 0.07946 82.40443 3.6217e+12 3.6217e+12 2.4145e+12 3.0181e+11 0.0000e+00 93.31134 0.00 0.10950 0.54718 0.26553 169.47362 -44.61434 17.11024 0.00000 0.00000 0.00000 0.00000 0.00000 0.5069 4.861e+12 3.018e+12
238 255 1.2072e+12 185.52 122.91 254.191 93.876 31 74.91322 12.88207 58.31639 -67.39 54.79 78.18 5.857e+12 -2.513e+12 6.747e+11 0.04284 93.87566 1.2072e+12 1.2072e+12 3.0181e+11 3.0181e+11 0.0000e+00 39.66684 77.01 0.13351 0.75511 0.25142 109.46764 17.00242 -40.69133 0.00000 0.00000 0.00000 0.00000 0.00000 1.2469 3.285e+12 1.509e+12
239 252 9.0542e+11 182.35 112.81 230.948 39.547 30 99.50922 17.86786 86.46635 126.94 32.43 44.92 2.825e+12 -1.897e+12 -5.020e+11 0.03390 39.54704 9.0542e+11 9.0542e+11 9.0542e+11 0.0000e+00 0.0000e+00 50.07387 0.00 0.11573 0.00000 0.00000 0.00000 0.00000 0.00000 0.00000 0.00000 0.00000 0.00000 0.00000 1.3033 4.017e+12 3.018e+11
240 -1 1.2072e+12 192.07 105.18 254.191 60.060 30 82.72385 81.89043 1.13443 -170.28 395.29 444.78 1.812e+12 -5.008e+12 -6.834e+12 0.07536 60.06018 1.2072e+12 1.5090e+12 0.0000e+00 0.0000e+00 0.0000e+00 98.21775 36.42 0.18048 0.00000 0.00000 17.40265 114.69269 95.67964 0.00000 0.00000 0.00000 0.00000 0.00000 0.5924 3.593e+12 1.207e+12
241 43 4.2253e+12 280.50 225.38 385.937 166.604 30 52.73488 40.68198 55.02027 213.27 -456.83 193.27 -5.373e+13 -3.617e+13 2.047e+13 0.11225 166.60378 4.2253e+12 4.8289e+12 1.5090e+12 1.5090e+12 0.0000e+00 34.99453 47.31 0.17539 0.15844 0.07046 3.01555 -16.13705 166.26857 0.39120 0.00000 -5.10801 3.21799 77.89978 0.6055 4.222e+12 6.640e+12
242 251 6.9416e+12 372.96 274.80 455.390 63.095 30 35.50237 63.05213 10.27429 185.67 11.68 18.67 -1.840e+13 4.969e+12 2.807e+12 0.02074 63.09509 6.9416e+12 7.2434e+12 6.6398e+12 5.1307e+12 0.0000e+00 23.96199 15.32 0.02174 0.49400 0.15315 28.62920 22.10545 93.69193 0.38781 0.06725 -2.23686 16.35238 70.74039 0.4401 7.338e+12 3.923e+12
243 258 9.0542e+11 174.37 81.74 230.948 54.929 30 23.36942 64.70728 37.70996 272.64 -160.71 -75.73 -5.612e+11 -2.205e+12 -2.365e+12 0.01597 54.92882 9.0542e+11 9.0542e+11 3.0181e+11 3.0181e+11 0.0000e+00 143.93414 52.39 0.11040 0.00000 0.00000 0.00000 0.00000 0.00000 0.00000 0.00000 0.00000 0.00000 0.00000 1.0863 3.585e+12 9.054e+11
244 236 1.2072e+12 185.18 51.35 254.191 98.782 29 3.01107 2.93429 99.18200 -137.78 572.87 -165.65 -1.919e+12 -8.969e+11 3.347e+12 0.05210 98.78175 1.2072e+12 1.2072e+12 9.0542e+11 3.0181e+11 0.0000e+00 67.06777 31.96 0.08252 0.70069 0.08751 99.58385 -9.82879 44.34135 0.00000 0.00000 0.00000 0.00000 0.00000 0.1888 2.539e+12 2.113e+12
245 -1 6.0361e+11 158.75 0.00 201.752 35.321 29 79.30646 54.13250 52.17704 -453.04 -20.97 55.30 -2.997e+12 -7.271e+11 3.782e+12 0.39885 35.32059 6.0361e+11 6.0361e+11 6.0361e+11 0.0000e+00 0.0000e+00 160.41687 266.68 0.32272 0.00000 0.00000 0.00000 0.00000 0.00000 0.00000 0.00000 0.00000 0.00000 0.00000 0.0000 2.685e+12 0.000e+00
246 249 1.8108e+12 220.19 159.85 290.976 67.858 28 22.62606 18.22281 0.78689 -9.49 -407.91 221.62 -8.375e+12 1.952e+12 7.092e+11 0.04941 67.85773 1.8108e+12 1.8108e+12 1.2072e+12 3.0181e+11 0.0000e+00 106.22940 0.00 0.09145 0.43007 0.04870 -45.92163 -36.97926 102.95197 0.00000 0.00000 0.00000 0.00000 0.00000 0.6203 3.430e+12 1.811e+12
247 -1 9.0542e+11 168.35 106.37 230.948 88.085 28 49.19170 29.44275 76.40338 -87.43 44.33 -208.67 1.566e+12 -7.595e+12 2.333e+11 0.13343 88.08537 9.0542e+11 9.0542e+11 3.0181e+11 0.0000e+00 0.0000e+00 159.48817 100.66 0.26103 0.00000 0.00000 0.00000 0.00000 0.00000 0.00000 0.00000 0.00000 0.00000 0.00000 2.1569 3.178e+12 1.207e+12
248 225 1.5090e+12 203.96 161.90 273.819 74.366 28 77.13533 4.06415 17.26854 -134.24 165.22 89.16 -4.101e+12 -3.749e+12 -8.115e+12 0.03630 74.36640 1.5090e+12 1.5090e+12 9.0542e+11 0.0000e+00 0.0000e+00 120.40790 43.96 0.14124 0.68314 0.22597 128.22713 -54.54126 -84.72633 0.00000 0.00000 0.00000 0.00000 0.00000 0.8922 3.919e+12 1.509e+12
249 265 2.4145e+12 241.97 160.82 320.261 75.720 28 62.41793 19.76953 8.09374 329.27 79.57 -9.54 -5.932e+12 -7.679e+11 -3.712e+12 0.02943 75.71986 2.4145e+12 2.7163e+12 2.1127e+12 0.0000e+00 0.0000e+00 110.43751 0.00 0.04619 0.00000 0.00000 215.53421 -70.15800 78.75347 0.00000 0.00000 0.00000 0.00000 0.00000 0.5227 3.356e+12 2.414e+12
250 259 2.1127e+12 223.70 185.38 306.319 111.405 28 38.21058 20.19765 10.40193 -79.98 -365.06 397.81 -1.627e+13 -4.564e+12 1.949e+12 0.04137 111.40511 2.1127e+12 2.1127e+12 6.0361e+11 3.0181e+11 0.0000e+00 104.00470 111.05 0.13940 0.79350 0.10227 71.69109 -41.48048 -18.55812 0.00000 0.00000 0.00000 0.00000 0.00000 1.1181 3.328e+12 3.320e+12
251 253 6.0361e+11 154.77 0.00 201.752 42.120 27 63.75811 0.62122 69.11166 22.05 165.62 -173.83 -5.390e+11 3.952e+11 -8.286e+11 0.02480 42.12016 6.0361e+11 6.0361e+11 3.0181e+11 3.0181e+11 0.0000e+00 91.13906 69.72 0.07040 0.00000 0.00000 0.00000 0.00000 0.00000 0.00000 0.00000 0.00000 0.00000 0.00000 0.0000 3.101e+12 3.018e+11
252 -1 1.5090e+12 198.99 195.69 273.819 119.702 27 74.04087 91.00935 61.99050 -227.27 236.08 -164.72 -6.397e+12 -1.433e+13 -5.678e+12 0.14906 119.70207 1.5090e+12 1.5090e+12 3.0181e+11 0.0000e+00 0.0000e+00 85.21316 31.87 0.23966 0.87033 0.02364 154.63649 76.26495 -23.31085 0.00000 0.00000 0.00000 0.00000 0.00000 1.7811 2.394e+12 2.113e+12
253 260 1.5090e+12 208.73 108.78 273.819 60.081 26 66.77573 79.36906 17.24373 38.47 56.43 87.72 1.141e+11 -5.936e+12 -3.037e+12 0.06594 60.08069 1.5090e+12 1.5090e+12 1.2072e+12 6.0361e+11 0.0000e+00 45.84308 0.00 0.09578 0.37065 0.13371 -42.60785 -41.48598 91.89941 0.00000 0.00000 0.00000 0.00000 0.00000 0.3649 2.714e+12 1.207e+12
254 264 9.0542e+11 170.61 101.26 230.948 69.232 26 96.82116 20.85244 1.43421 -549.76 -351.93 -2.72 -1.247e+12 -9.471e+11 1.142e+12 0.06216 69.23199 9.0542e+11 9.0542e+11 3.0181e+11 0.0000e+00 0.0000e+00 117.82140 187.46 0.06521 0.00000 0.00000 0.00000 0.00000 0.00000 0.00000 0.00000 0.00000 0.00000 0.00000 4.7542 3.025e+12 9.054e+11
255 234 1.2072e+12 191.19 97.74 254.191 62.593 25 58.08930 75.61154 28.04156 351.28 54.11 187.57 -1.401e+12 5.790e+11 2.759e+12 0.03344 62.59280 1.2072e+12 1.2072e+12 9.0542e+11 0.0000e+00 0.0000e+00 54.68039 39.97 0.06558 0.86303 0.44044 38.46427 -48.92908 93.19737 0.00000 0.00000 0.00000 0.00000 0.00000 0.5223 2.864e+12 1.207e+12
