#ID DescID Mvir Vmax Vrms Rvir Rs Np X Y Z VX VY VZ JX JY JZ Spin rs_klypin Mvir_all M200b M200c M500c M2500c Xoff Voff spin_bullock b_to_a c_to_a A[x] A[y] A[z] b_to_a(500c) c_to_a(500c) A[x](500c) A[y](500c) A[z](500c) T/|U| M_pe_Behroozi M_pe_Diemer
#a = 0.440365
#Om = 0.285000; Ol = 0.715000; h = 0.695000
#FOF linking length: 0.280000
#Unbound Threshold: 0.500000; FOF Refinement Threshold: 0.700000
#Particle mass: 3.01807e+11 Msun/h
#Box size: 100.000000 Mpc/h
#Force resolution assumed: 0.0976562 Mpc/h
#Units: Masses in Msun / h
#Units: Positions in Mpc / h (comoving)
#Units: Velocities in km / s (physical, peculiar)
#Units: Halo Distances, Lengths, and Radii in kpc / h (comoving)
#Units: Angular Momenta in (Msun/h) * (Mpc/h) * km/s (physical)
#Units: Spins are dimensionless
#Np is an internal debugging quantity.
#Rockstar Version: 0.99.9-RC3
0 0 2.0825e+13 570.45 545.33 683.707 154.031 117 8.29077 2.44219 89.94759 -333.90 663.22 432.98 -1.962e+14 8.401e+13 -1.090e+14 0.03406 154.03134 2.0825e+13 2.0825e+13 1.9919e+13 9.3560e+12 0.0000e+00 52.41726 0.00 0.04956 0.29464 0.12993 -37.36879 195.62434 176.12619 0.24150 0.19704 -24.19063 130.07120 144.98819 0.6871 1.816e+13 1.962e+13
1 1 1.5090e+12 245.71 162.04 285.043 50.659 37 4.47106 6.30890 92.06773 71.73 -451.17 487.24 2.303e+12 -2.662e+12 2.353e+12 0.04073 50.65889 1.5090e+12 1.5090e+12 1.5090e+12 6.0361e+11 0.0000e+00 78.19524 0.00 0.06950 0.55931 0.06433 67.61097 -29.73547 37.60463 0.00000 0.00000 0.00000 0.00000 0.00000 0.5411 3.906e+12 6.036e+11
2 2 6.3078e+13 860.09 928.56 989.242 176.490 335 4.16956 4.51510 95.37594 187.30 290.41 -140.03 -5.057e+14 7.062e+14 -1.518e+14 0.02088 166.48235 6.3078e+13 6.1267e+13 5.4325e+13 3.5915e+13 1.9316e+13 101.30246 49.27 0.02875 0.72644 0.50581 131.13956 18.44686 -36.85966 0.85782 0.61067 98.90276 20.40181 31.25433 0.7245 5.631e+13 4.497e+13
3 3 5.1609e+13 743.22 777.64 925.236 541.133 267 5.84903 4.68667 93.28674 -240.70 142.89 441.78 3.454e+14 3.770e+14 2.795e+13 0.01735 324.45297 5.1609e+13 5.1609e+13 4.5271e+13 2.1127e+13 1.0563e+13 75.68558 66.53 0.02333 0.57353 0.40609 121.94857 6.09943 -105.87573 0.93329 0.71718 82.18706 45.13066 -26.46637 0.6722 4.319e+13 7.938e+13
4 10 8.3902e+13 880.21 915.21 1087.933 318.689 436 23.05347 10.55148 2.86136 -78.60 129.51 185.18 5.723e+14 1.224e+15 1.395e+14 0.02222 338.19873 8.3902e+13 8.2997e+13 7.3339e+13 4.8591e+13 1.5996e+13 32.80531 45.33 0.02753 0.61657 0.37772 116.84261 98.38096 82.17322 0.47690 0.38375 106.30956 44.10685 63.38705 0.6338 7.150e+13 9.628e+13
5 11 3.9235e+12 337.26 210.38 391.954 70.472 46 25.79877 11.86736 4.29126 -353.71 -23.41 -1.86 -5.773e+12 1.135e+13 3.395e+12 0.04013 70.47247 3.9235e+12 3.9235e+12 3.3199e+12 2.1127e+12 0.0000e+00 39.84345 54.88 0.04400 0.44342 0.35846 88.78635 -43.15363 51.98088 0.89649 0.54175 37.91660 -2.72981 51.76538 0.3674 4.352e+12 2.113e+12
6 5 1.2072e+13 508.25 426.15 570.086 82.836 81 70.49165 2.98261 25.52012 147.82 -15.91 88.20 -4.863e+13 -1.468e+12 -4.565e+13 0.03209 82.83572 1.2072e+13 1.2072e+13 1.2072e+13 8.4506e+12 1.2072e+12 12.65173 0.00 0.03422 0.81920 0.46735 -39.58387 61.05501 109.74866 0.62405 0.28139 -81.26707 -66.04868 80.18491 0.5030 1.265e+13 8.451e+12
7 7 6.0361e+12 401.94 345.22 452.478 67.095 51 71.32752 4.54348 27.54489 -115.89 -188.43 56.84 -1.467e+12 3.836e+13 9.401e+12 0.04399 67.09489 6.0361e+12 6.0361e+12 6.0361e+12 2.4145e+12 0.0000e+00 103.12261 0.00 0.06437 0.22596 0.00000 122.17985 86.87865 152.68750 0.94415 0.46765 53.18432 88.95660 89.53908 0.6583 6.085e+12 3.622e+12
8 8 2.7163e+12 294.09 379.65 346.738 68.825 60 73.58842 4.31365 29.51497 -18.56 205.32 174.97 2.322e+12 7.347e+12 -8.457e+12 0.06431 68.82480 2.7163e+12 2.7163e+12 2.7163e+12 0.0000e+00 0.0000e+00 124.15144 0.00 0.07051 0.44691 0.07835 131.98943 113.67911 -64.32906 0.00000 0.00000 0.00000 0.00000 0.00000 1.9653 4.177e+12 1.207e+12
9 8 3.7726e+13 697.20 701.24 833.471 243.028 125 74.63624 4.35881 30.64220 -212.28 -125.86 -122.06 1.261e+14 -4.967e+13 -2.241e+14 0.01707 183.84229 3.7726e+13 3.7726e+13 3.6217e+13 2.0825e+13 8.4506e+12 94.37660 24.52 0.02012 0.83015 0.39584 122.01073 -44.21964 57.29540 0.56925 0.45306 78.22821 14.98600 65.31622 0.6073 3.287e+13 4.255e+13
10 9 6.0361e+12 366.96 294.62 452.478 136.082 87 78.20099 3.94380 32.75683 -433.17 45.38 -159.39 3.165e+12 2.972e+12 6.912e+12 0.01020 136.08246 6.0361e+12 6.0361e+12 5.4325e+12 1.5090e+12 0.0000e+00 73.34013 0.00 0.01329 0.44432 0.22461 83.36283 88.58932 8.32136 0.00000 0.00000 66.35284 57.58142 -0.96512 0.5220 8.912e+12 7.243e+12
11 12 4.3460e+13 729.01 733.50 873.725 352.330 223 71.43800 59.54915 49.36840 -87.23 234.04 -23.23 -4.398e+14 -4.341e+13 -8.104e+13 0.02356 196.78442 4.3460e+13 4.3460e+13 4.1649e+13 2.2636e+13 1.2072e+13 66.73977 51.00 0.02726 0.82266 0.50699 2.94298 104.40820 -78.79664 0.97514 0.63126 46.62685 73.33900 26.41752 0.5992 3.814e+13 5.734e+13
12 14 1.7203e+13 518.15 537.47 641.523 204.511 62 71.82023 61.63219 47.98559 -296.77 -112.07 356.59 -8.251e+13 -2.503e+14 2.820e+14 0.03838 204.51149 1.7203e+13 1.7203e+13 1.4185e+13 1.5090e+12 0.0000e+00 174.96111 0.00 0.10973 0.33966 0.04698 110.95455 164.20847 83.41618 0.58723 0.01463 88.43555 24.94403 23.86624 0.9019 2.041e+13 2.384e+13
13 13 6.3380e+12 373.13 353.76 459.897 137.592 67 71.71158 62.03322 47.90426 -701.05 -244.97 298.56 -3.981e+13 -1.720e+13 6.512e+12 0.03494 137.59216 6.3380e+12 6.3380e+12 4.5271e+12 2.7163e+12 0.0000e+00 31.76999 0.00 0.06584 0.34308 0.11118 111.31726 -59.59648 160.27553 0.55931 0.31921 123.18967 -2.03853 108.07420 0.7709 7.416e+12 8.451e+12
14 15 2.1730e+13 602.88 565.90 693.476 116.775 113 71.88131 67.94755 54.51768 190.69 -53.04 -687.35 4.766e+13 -6.985e+13 1.503e+13 0.01519 116.77452 2.1730e+13 2.1730e+13 2.0523e+13 1.4185e+13 5.1307e+12 52.18700 0.00 0.01654 0.71970 0.55508 -29.39007 -67.46408 95.05074 0.55038 0.29217 16.16073 75.96220 -59.75782 0.5521 2.021e+13 1.720e+13
15 16 4.5573e+13 824.02 852.57 887.659 88.984 182 73.11020 69.26781 53.13736 -189.04 -188.19 -193.08 -3.205e+14 1.741e+14 4.051e+14 0.02547 104.56498 4.5573e+13 4.5271e+13 4.2555e+13 3.2293e+13 1.5090e+13 40.66553 57.48 0.03055 0.52517 0.41014 97.99821 74.13866 42.10014 0.49532 0.36916 85.74772 61.80248 27.75395 0.6788 4.422e+13 2.264e+13
16 16 5.1307e+12 345.68 414.59 428.618 139.853 44 74.18094 69.86214 53.57445 -767.85 -233.93 -444.38 -5.062e+11 -1.802e+13 5.695e+11 0.01469 139.85255 6.3380e+12 4.8289e+12 4.5271e+12 0.0000e+00 0.0000e+00 73.26994 85.63 0.03851 0.39575 0.22670 -141.07722 5.35072 172.40941 0.00000 0.00000 0.00000 0.00000 0.00000 1.1198 5.883e+12 6.338e+12
17 17 2.7163e+12 279.52 239.85 346.738 113.927 25 75.42466 70.75343 54.32812 -402.98 -341.65 -556.64 2.241e+13 -2.010e+13 -1.090e+13 0.10861 113.92743 2.7163e+12 2.7163e+12 2.4145e+12 1.5090e+12 0.0000e+00 93.33745 35.22 0.19732 0.67973 0.21466 129.74400 32.76672 46.96234 0.34943 0.00000 70.86449 66.38547 -68.51833 0.6948 3.040e+12 3.923e+12
18 21 8.0281e+13 937.03 986.67 1072.048 153.873 263 53.31921 41.67357 58.66189 39.12 -256.72 -387.52 2.035e+13 9.687e+13 2.341e+14 0.00450 174.66818 8.0281e+13 8.0281e+13 7.5754e+13 5.4627e+13 2.2032e+13 103.34458 108.86 0.00554 0.84845 0.40490 41.12344 56.96236 145.46896 0.48951 0.34056 42.72324 2.27728 114.33778 0.6686 7.481e+13 5.101e+13
19 22 9.0542e+12 561.81 604.93 517.958 31.714 51 53.15050 42.20086 59.01235 -184.73 422.29 116.82 4.974e+12 -3.113e+13 -3.758e+13 0.02826 31.71367 1.0865e+13 9.0542e+12 8.7524e+12 8.4506e+12 5.1307e+12 17.60920 51.18 0.04065 0.82969 0.65823 67.69473 -43.84548 17.59655 0.84347 0.66960 71.60288 -31.69266 11.95131 0.8107 1.251e+13 3.923e+12
20 24 3.5613e+13 658.46 661.51 817.613 286.246 200 93.65961 42.43549 61.24791 -206.36 -253.49 142.28 -1.110e+14 -3.165e+14 -5.126e+14 0.04126 273.27924 3.5613e+13 3.5010e+13 3.2595e+13 1.6599e+13 6.0361e+12 46.13532 18.42 0.05180 0.40297 0.32044 107.71049 -48.88747 68.27625 0.55428 0.29670 75.61213 -43.29957 41.14285 0.6201 3.141e+13 4.648e+13
21 25 1.5996e+13 557.57 623.41 626.151 91.581 115 94.94975 41.47110 61.97102 -405.65 -283.81 -304.72 -5.586e+13 9.051e+13 -1.652e+14 0.03525 91.58149 1.5996e+13 1.5996e+13 1.5090e+13 1.1770e+13 3.6217e+12 33.94750 0.00 0.06307 0.75168 0.58530 92.17004 -61.32431 -12.61328 0.74623 0.46217 80.05459 -30.98721 7.15944 0.8329 1.555e+13 1.117e+13
22 26 4.9496e+13 767.58 766.27 912.435 318.168 214 38.34714 16.16869 42.20764 258.18 201.20 94.34 -7.899e+14 2.624e+14 3.444e+14 0.03658 192.47473 4.9496e+13 4.9496e+13 4.8591e+13 2.9879e+13 7.5452e+12 106.69817 34.94 0.04400 0.68045 0.38849 83.30222 129.57249 22.96629 0.74798 0.39335 -20.51998 99.54580 37.63176 0.6155 4.350e+13 5.553e+13
23 27 3.9235e+12 323.45 326.77 391.954 97.301 30 39.39840 17.68336 42.65608 92.29 -268.38 -61.36 5.280e+12 1.996e+13 8.108e+12 0.01010 97.30110 3.9235e+12 3.9235e+12 3.6217e+12 1.2072e+12 0.0000e+00 65.30322 21.16 0.07407 0.59626 0.11383 137.81433 -89.60776 48.44516 0.51838 0.38300 106.56622 43.92176 -13.77159 1.0173 5.557e+12 3.923e+12
24 28 3.3199e+12 296.30 225.70 370.725 148.492 66 39.04509 18.95493 42.80983 286.18 -294.85 -117.49 -3.741e+11 -2.249e+12 -3.299e+12 0.01133 148.49153 3.3199e+12 3.0181e+12 2.7163e+12 6.0361e+11 0.0000e+00 64.27471 34.74 0.01769 0.52509 0.02738 -63.48522 136.43533 -3.73773 0.00000 0.00000 0.00000 0.00000 0.00000 0.5748 4.746e+12 6.942e+12
25 29 1.4487e+13 497.70 473.81 605.807 157.111 93 70.90829 60.54250 55.80206 37.02 301.38 -776.65 1.586e+13 1.977e+13 -7.572e+13 0.02504 157.11127 1.4487e+13 1.4185e+13 1.2072e+13 6.9416e+12 3.6217e+12 38.67564 13.05 0.03023 0.40564 0.25080 -21.65603 -61.72353 106.67838 0.62378 0.29233 -6.14640 -40.59568 78.89129 0.5834 1.450e+13 1.509e+13
26 30 5.3118e+13 765.84 786.30 934.168 542.107 210 71.30451 62.23975 54.63424 45.89 -92.82 -388.77 -3.787e+14 -2.930e+14 -4.892e+14 0.02329 247.59505 5.3118e+13 5.3118e+13 5.1005e+13 2.4748e+13 1.0261e+13 111.85806 42.88 0.02972 0.52057 0.34567 -65.03371 -50.17415 112.98375 0.57412 0.27751 -34.13523 -23.36608 94.89379 0.6447 4.528e+13 7.636e+13
27 87 9.6578e+12 468.64 519.63 529.221 79.877 87 28.05438 12.20680 4.71055 -207.66 67.13 219.52 -2.778e+13 4.953e+13 -2.792e+13 0.01903 79.87688 9.6578e+12 9.6578e+12 8.1488e+12 4.5271e+12 3.0181e+12 53.04949 0.00 0.04709 0.53000 0.40608 -1.93497 96.97045 -60.63664 0.76190 0.53875 -11.03766 63.63953 -45.97749 0.8988 1.383e+13 4.829e+12
28 38 6.9416e+12 398.86 478.60 474.056 99.875 70 29.85850 12.42852 4.81323 -117.18 179.06 243.87 -5.158e+13 -6.098e+12 2.168e+13 0.03205 99.87454 6.9416e+12 6.9416e+12 4.2253e+12 3.0181e+12 0.0000e+00 18.82836 74.95 0.07262 0.10768 0.05524 97.09029 -53.63704 32.72907 0.07880 0.03137 98.66959 -49.73085 34.86464 1.1367 1.356e+13 4.527e+12
29 38 2.1127e+12 258.35 520.98 318.875 97.207 61 31.38827 12.40446 5.12977 -304.80 74.27 502.27 1.818e+13 5.635e+12 1.352e+13 0.39533 97.20689 2.1127e+12 2.1127e+12 1.8108e+12 0.0000e+00 0.0000e+00 176.79680 165.73 0.21878 0.52044 0.05921 -141.58757 131.76678 107.57436 0.00000 0.00000 0.00000 0.00000 0.00000 5.4540 9.489e+12 3.320e+12
30 31 6.0060e+13 796.64 772.61 973.206 346.512 239 58.59388 31.31543 31.76004 -227.26 -174.76 81.04 -3.937e+14 1.009e+14 -3.009e+14 0.01498 262.12518 6.0060e+13 5.9758e+13 5.6740e+13 3.0483e+13 9.0542e+12 37.63636 77.26 0.01790 0.43604 0.29597 148.75476 118.24174 -76.33633 0.46867 0.32691 113.68807 69.48347 -65.69759 0.5868 5.124e+13 7.243e+13
31 32 3.9235e+12 341.84 215.51 391.954 64.718 35 59.41570 32.01526 31.26152 -493.45 -875.43 77.17 -8.421e+12 -1.308e+13 -6.112e+12 0.05276 64.71775 3.9235e+12 3.9235e+12 3.9235e+12 2.7163e+12 0.0000e+00 52.72009 0.00 0.05580 0.30078 0.11487 126.69939 108.16840 -15.79219 0.31615 0.17916 90.32833 8.83452 -47.04392 0.3423 3.905e+12 2.716e+12
32 18 2.0523e+13 572.70 575.18 680.388 142.907 113 52.12151 13.69256 40.39485 102.11 619.46 -12.94 -6.944e+13 -7.597e+13 2.591e+14 0.04774 142.90697 2.0523e+13 2.0523e+13 1.9919e+13 1.3280e+13 3.6217e+12 44.33410 0.00 0.05907 0.51868 0.40551 -94.36369 49.47667 109.97094 0.53771 0.33432 -70.86804 9.75740 92.95218 0.6345 2.360e+13 1.811e+13
33 18 1.2072e+13 520.99 385.45 570.086 72.617 53 52.38874 14.61058 40.56307 -172.39 227.24 -157.45 -2.647e+13 9.452e+12 3.555e+13 0.02107 72.61667 1.2072e+13 1.2072e+13 9.0542e+12 5.1307e+12 3.0181e+12 54.33578 10.37 0.02325 0.34681 0.27812 -88.36075 1.63836 99.01472 0.72380 0.55384 -51.82636 16.68150 50.81504 0.4657 1.007e+13 5.131e+12
34 19 2.8672e+13 643.18 619.78 760.609 154.320 98 52.80775 15.91454 40.96189 -273.74 -18.82 -91.41 -4.544e+13 -2.761e+14 8.627e+13 0.02845 154.32007 2.8672e+13 2.8672e+13 2.7163e+13 1.1469e+13 5.1307e+12 79.80806 0.00 0.03554 0.76691 0.38184 -53.76161 28.52058 123.27334 0.70026 0.47451 -9.76615 53.88755 74.11856 0.6216 2.578e+13 2.565e+13
35 34 1.2676e+13 521.18 513.28 579.434 80.217 102 67.67584 81.00409 47.95243 8.91 91.64 -129.45 9.670e+12 -7.379e+13 -2.270e+13 0.03003 80.21655 1.2676e+13 1.2676e+13 1.1770e+13 8.1488e+12 4.2253e+12 66.43528 0.00 0.03680 0.78114 0.63519 -2.50526 81.32372 -62.81332 0.57356 0.35547 2.00671 75.00937 -33.67073 0.6421 1.148e+13 7.243e+12
36 35 9.0542e+11 197.53 73.30 240.415 62.286 134 65.74396 84.97295 46.62806 132.45 -91.92 -79.05 1.527e+11 2.382e+12 -8.430e+11 0.09916 62.28610 9.0542e+11 9.0542e+11 3.0181e+11 3.0181e+11 0.0000e+00 139.28058 70.80 0.09735 0.00000 0.00000 0.00000 0.00000 0.00000 0.00000 0.00000 0.00000 0.00000 0.00000 4.9654 8.839e+12 9.054e+11
37 33 5.5533e+13 796.09 817.67 948.112 241.209 236 54.51373 28.12502 36.06419 -90.81 -110.86 -121.09 2.183e+14 -1.408e+14 -8.844e+12 0.00871 202.96033 5.5533e+13 5.5231e+13 5.2816e+13 3.5613e+13 1.2072e+13 40.66709 37.15 0.01048 0.82652 0.42491 107.02791 59.30663 -76.15862 0.60757 0.41436 69.58325 76.60639 30.19837 0.6317 4.768e+13 5.583e+13
38 36 1.3883e+13 573.40 488.68 597.273 60.106 108 81.95319 15.03761 2.01869 -170.01 185.46 -41.70 -3.964e+13 -7.902e+13 7.504e+13 0.04171 60.10647 1.3883e+13 1.3883e+13 1.3280e+13 8.4506e+12 5.4325e+12 12.74409 0.00 0.04713 0.82077 0.55157 -4.37504 116.11980 -4.69122 0.64130 0.52540 -32.59127 82.17912 38.36036 0.5764 1.280e+13 6.338e+12
39 37 1.2374e+13 570.34 552.48 574.798 50.084 82 86.60251 14.21370 0.04462 -51.08 88.14 87.48 3.060e+13 -7.152e+13 -4.064e+13 0.02126 50.08374 1.2676e+13 1.1770e+13 8.1488e+12 5.7343e+12 4.5271e+12 128.96342 20.27 0.04321 0.50024 0.24014 4.07127 66.29627 -55.95425 0.93555 0.33450 -29.52109 41.57760 -35.61750 0.8579 1.115e+13 4.829e+12
40 45 3.6519e+13 718.53 786.59 824.484 172.186 162 71.76239 22.07807 0.18521 204.83 -149.97 83.14 -1.031e+14 -8.230e+13 3.541e+14 0.02144 136.76076 3.6519e+13 3.6519e+13 3.5915e+13 2.5352e+13 8.7524e+12 139.58478 23.63 0.03064 0.76568 0.74876 24.04969 126.22831 28.61152 0.65467 0.49222 59.03611 83.01827 0.29847 0.7448 3.438e+13 3.380e+13
41 46 2.0523e+13 613.05 582.80 680.388 93.319 117 66.68121 94.35468 67.22268 -65.51 383.11 -212.15 2.811e+13 -1.925e+13 1.561e+13 0.00692 93.31949 2.0523e+13 2.0523e+13 1.9316e+13 1.3581e+13 3.6217e+12 51.97275 0.00 0.00794 0.53268 0.35359 -35.93459 118.82422 37.07077 0.42237 0.24683 -38.42795 98.70383 18.66694 0.6007 1.844e+13 1.358e+13
42 41 3.1388e+13 764.45 761.19 783.908 36.813 177 46.35339 28.71308 45.55099 223.60 -168.45 -19.87 1.371e+14 4.326e+13 -8.604e+13 0.01591 73.59607 3.1388e+13 3.1388e+13 3.0784e+13 2.7766e+13 1.0261e+13 22.08639 16.62 0.01748 0.91415 0.67376 -24.36528 15.39460 115.72316 0.90284 0.61906 93.02692 57.59311 -27.16129 0.6422 3.583e+13 6.942e+12
43 40 2.6559e+13 745.42 762.57 741.449 61.153 165 73.89768 17.59428 1.10703 26.39 308.33 88.99 6.241e+13 -1.519e+14 1.458e+14 0.02507 61.15295 2.6559e+13 2.6559e+13 2.6257e+13 2.2636e+13 1.2374e+13 92.05786 0.00 0.03028 0.84321 0.61238 111.66183 23.74546 -2.85728 0.84569 0.56480 106.03908 1.40362 -1.64574 0.7107 3.159e+13 1.298e+13
44 50 6.3380e+12 373.14 523.07 459.897 137.526 159 71.63201 22.42272 99.21254 106.25 -573.01 622.29 1.472e+13 9.246e+12 -4.386e+13 0.06184 137.52602 6.3380e+12 6.3380e+12 4.5271e+12 0.0000e+00 0.0000e+00 62.95537 0.00 0.07084 0.78637 0.62281 -45.44976 -151.43396 178.44308 0.00000 0.00000 0.00000 0.00000 0.00000 1.6840 1.052e+13 7.545e+12
45 60 7.5452e+12 400.88 315.66 487.417 124.999 83 39.17133 2.91573 4.61245 101.32 368.58 161.47 4.795e+12 -1.668e+13 -2.732e+13 0.02965 124.99921 7.5452e+12 7.5452e+12 6.6398e+12 1.8108e+12 0.0000e+00 89.15408 0.00 0.03635 0.24635 0.04730 -97.57618 105.07006 11.13557 0.43419 0.03662 -43.72387 56.55429 21.94376 0.4981 1.037e+13 7.847e+12
46 61 1.5392e+13 545.66 479.06 618.174 95.039 75 39.86809 4.24923 6.27577 -136.86 243.97 -69.07 6.118e+13 -1.207e+13 1.526e+14 0.04874 95.03912 1.5392e+13 1.5392e+13 1.4185e+13 1.1167e+13 2.4145e+12 69.94046 0.00 0.05640 0.72730 0.64029 1.65430 91.68780 -87.34030 0.62203 0.16694 11.21049 87.31145 -40.71307 0.5575 1.461e+13 1.117e+13
47 51 2.9275e+13 667.26 646.22 765.910 127.307 134 42.09248 42.22004 82.37327 130.83 -234.63 -256.22 -6.469e+13 7.007e+13 -3.051e+13 0.01012 127.30702 2.9275e+13 2.9275e+13 2.8370e+13 1.7807e+13 7.8470e+12 67.22525 0.00 0.01174 0.69099 0.60723 -7.75636 40.19561 126.46709 0.88404 0.63934 2.41837 6.47746 93.33721 0.6018 2.697e+13 2.264e+13
48 55 3.1992e+13 648.95 671.53 788.901 323.051 151 64.99915 4.45739 71.88605 -11.78 78.41 -88.13 1.024e+14 -1.826e+14 -2.846e+14 0.02962 201.98085 3.1992e+13 3.1992e+13 3.0784e+13 1.7807e+13 8.1488e+12 47.19481 17.97 0.03572 0.59239 0.50937 92.44997 97.17394 16.40512 0.66818 0.51701 67.05985 69.72339 8.97526 0.6208 2.748e+13 4.135e+13
49 48 2.1730e+13 597.79 559.75 693.476 123.228 123 99.34311 22.16189 75.44614 0.73 60.67 132.65 9.908e+13 -1.229e+13 -6.681e+13 0.02041 123.22754 2.1730e+13 2.1730e+13 2.0825e+13 1.4185e+13 5.4325e+12 23.71703 0.00 0.02314 0.40368 0.36570 23.84763 120.85426 40.97612 0.41538 0.28247 26.65887 79.32648 47.90623 0.5744 1.986e+13 1.781e+13
50 59 2.8974e+13 630.07 583.25 763.269 188.910 143 65.88664 64.22535 38.72597 -67.27 14.63 167.74 -1.658e+14 -1.083e+14 -1.657e+13 0.02170 188.91040 2.8974e+13 2.8974e+13 2.5955e+13 1.7203e+13 5.1307e+12 118.81154 0.00 0.02370 0.84178 0.69224 10.64412 -63.13293 113.23079 0.47535 0.31790 24.87331 95.61153 -22.51268 0.5190 2.449e+13 2.867e+13
51 67 1.2374e+13 482.93 417.40 574.798 122.453 93 4.71042 3.77418 76.96957 -0.50 338.62 245.69 -2.454e+13 -1.510e+13 -2.241e+13 0.01599 122.45347 1.2374e+13 1.2374e+13 1.2374e+13 6.9416e+12 1.8108e+12 16.81780 0.00 0.01797 0.77086 0.27829 -14.48056 97.66810 -78.89912 0.72175 0.08659 26.54238 -38.88123 94.44585 0.5178 1.232e+13 1.117e+13
52 68 3.0181e+12 330.98 277.03 359.132 43.844 42 4.48849 5.06285 75.74443 -31.94 179.48 291.41 5.165e+12 8.573e+12 1.244e+13 0.05226 43.84419 3.0181e+12 3.0181e+12 3.0181e+12 1.5090e+12 0.0000e+00 38.51612 0.00 0.08256 0.62260 0.16221 14.01966 63.25467 -54.93142 0.32373 0.00000 -44.57711 53.66910 -15.73316 0.6849 3.414e+12 1.509e+12
53 62 2.2636e+13 635.19 642.90 702.977 94.984 133 38.79857 21.88886 60.86229 114.59 307.02 -185.12 1.189e+13 6.621e+13 2.514e+13 0.01099 94.98447 2.2636e+13 2.2636e+13 2.2032e+13 1.8712e+13 6.3380e+12 30.68326 0.00 0.01292 0.65120 0.42477 -32.10509 26.56577 117.16029 0.71506 0.54238 -31.94671 58.00639 76.98585 0.6481 2.286e+13 1.479e+13
54 71 4.2253e+12 328.43 169.24 401.757 109.785 91 43.23618 17.77747 46.14636 -150.29 82.16 -401.55 -1.628e+13 -1.430e+13 1.623e+11 0.05428 109.78465 4.2253e+12 4.2253e+12 3.9235e+12 0.0000e+00 0.0000e+00 51.35785 0.00 0.06395 0.01454 0.00000 -185.23622 -83.81356 223.06296 0.00000 0.00000 0.00000 0.00000 0.00000 0.2583 1.106e+13 4.829e+12
55 44 9.3560e+12 491.41 392.24 523.650 58.544 128 96.27416 22.56348 1.52124 -369.01 -294.02 -19.83 -1.688e+10 1.124e+13 6.832e+13 0.05513 58.54426 9.3560e+12 9.0542e+12 8.4506e+12 7.8470e+12 3.6217e+12 51.11606 23.25 0.05432 0.36454 0.30631 28.79474 67.54633 -42.44098 0.37757 0.17131 29.07004 67.30136 -39.64917 0.4592 9.586e+12 4.527e+12
56 54 1.6599e+13 549.82 490.39 633.930 108.328 92 79.32812 85.21514 4.71103 -13.99 87.97 134.61 -3.932e+12 1.757e+13 -1.129e+13 0.00592 108.32833 1.6599e+13 1.6599e+13 1.5392e+13 1.0261e+13 4.2253e+12 30.40855 0.00 0.00641 0.80963 0.52783 -9.42526 105.16727 -41.91870 0.67565 0.24564 7.37219 88.78523 -14.55882 0.5283 1.413e+13 1.177e+13
57 66 2.0825e+13 632.33 588.61 683.707 82.026 121 89.85240 35.38357 66.92970 -44.46 -147.53 -182.20 1.178e+14 -4.251e+13 6.960e+13 0.02831 82.02644 2.0825e+13 2.0825e+13 1.9617e+13 1.6599e+13 5.7343e+12 48.74751 0.00 0.02962 0.90284 0.70939 -24.64714 65.17448 83.44511 0.93495 0.67954 -23.08672 54.52314 76.77209 0.5583 2.096e+13 1.237e+13
58 75 3.9235e+12 323.31 288.15 391.954 97.706 120 66.63472 26.01005 16.05600 37.22 -58.07 -77.48 -1.510e+13 -1.405e+13 -3.101e+12 0.02583 97.70609 3.9235e+12 3.9235e+12 2.4145e+12 3.0181e+11 0.0000e+00 45.27234 41.16 0.06965 0.24060 0.00722 -70.79763 33.98110 223.92041 0.00000 0.00000 0.00000 0.00000 0.00000 0.8575 4.918e+12 3.923e+12
59 65 1.5090e+12 243.55 139.28 285.043 53.722 114 65.25103 25.41310 88.93670 263.83 -1.43 40.87 -2.262e+12 3.804e+12 -2.316e+12 0.05928 53.72179 1.5090e+12 1.5090e+12 1.5090e+12 6.0361e+11 0.0000e+00 69.52749 0.00 0.08199 0.36717 0.25507 92.45180 28.32239 -55.02028 0.00000 0.00000 0.00000 0.00000 0.00000 0.3589 8.839e+12 1.207e+12
60 74 2.5955e+13 694.96 687.88 735.789 79.798 114 34.62365 5.49547 41.08481 79.61 398.76 -34.41 4.177e+13 -2.022e+12 1.705e+13 0.00499 79.79770 2.5955e+13 2.5654e+13 2.4446e+13 1.7505e+13 8.7524e+12 107.13381 0.00 0.00647 0.78791 0.51970 10.85227 88.48607 63.73483 0.75470 0.56307 44.59468 -11.43904 68.31715 0.7025 2.234e+13 1.328e+13
61 76 1.4185e+13 594.61 549.84 601.570 53.281 67 38.15173 9.30795 9.19883 -14.27 317.34 -63.71 6.015e+13 1.994e+13 -1.120e+13 0.02500 53.28094 1.4185e+13 1.4185e+13 1.4185e+13 1.2676e+13 6.0361e+12 9.27471 0.00 0.02523 0.80684 0.66276 -42.18622 83.54475 -3.30178 0.82688 0.54317 -37.20731 70.98425 31.90554 0.5744 1.558e+13 7.243e+12
62 77 7.5452e+12 479.82 363.19 487.417 43.931 44 38.44451 10.47329 9.84339 -251.81 -14.03 -114.24 3.326e+12 -3.108e+13 2.010e+13 0.04606 43.93056 7.5452e+12 7.5452e+12 7.5452e+12 6.6398e+12 2.7163e+12 31.03177 0.00 0.04173 0.84307 0.66395 -51.01353 61.65753 40.72446 0.52898 0.13299 -57.54286 77.35655 10.14077 0.4091 8.674e+12 3.320e+12
63 69 1.3883e+13 544.58 512.14 597.273 76.982 108 32.47936 13.86020 43.47936 431.55 78.46 -110.69 6.721e+13 -3.740e+12 8.591e+13 0.03886 76.98210 1.3883e+13 1.3883e+13 1.3280e+13 9.9596e+12 4.5271e+12 45.01785 0.00 0.04435 0.80624 0.65846 96.05819 18.21824 -11.70939 0.68303 0.42885 80.20025 16.66574 13.27517 0.6027 1.324e+13 7.545e+12
64 73 8.1488e+12 398.96 371.26 500.083 226.126 107 60.38610 28.42598 86.41837 233.44 -175.15 171.42 4.149e+13 -1.878e+13 -3.990e+12 0.02963 226.12552 8.1488e+12 7.8470e+12 6.0361e+12 2.7163e+12 0.0000e+00 174.37509 13.30 0.04516 0.51143 0.20092 105.56627 -78.74553 5.83142 0.50705 0.11126 56.57691 -49.03963 8.67253 0.6691 9.979e+12 1.690e+13
65 -1 9.3560e+12 419.43 306.26 523.650 196.076 51 96.01494 93.85036 91.12381 -4.86 550.02 341.44 -8.025e+12 -3.299e+13 5.058e+13 0.03962 196.07556 9.3560e+12 9.3560e+12 5.7343e+12 3.0181e+12 0.0000e+00 34.78760 4.26 0.04780 0.45940 0.35067 35.29464 133.64848 87.11240 0.49882 0.03116 3.35813 -24.49922 94.23913 0.4441 7.800e+12 1.117e+13
66 -1 9.0542e+11 193.62 48.78 240.415 80.292 55 96.82018 96.07339 92.33483 66.25 347.05 256.19 4.350e+11 -1.067e+11 -7.634e+11 0.06652 80.29179 9.0542e+11 9.0542e+11 0.0000e+00 0.0000e+00 0.0000e+00 86.39071 59.42 0.03404 0.00000 0.00000 0.00000 0.00000 0.00000 0.00000 0.00000 0.00000 0.00000 0.00000 15.4064 4.123e+12 9.054e+11
67 79 1.0563e+13 436.70 381.98 545.268 204.845 104 52.78967 45.91270 44.09019 -45.58 -297.04 3.52 -7.735e+12 3.500e+12 -5.623e+13 0.02741 204.84460 1.0563e+13 1.0563e+13 8.4506e+12 4.5271e+12 0.0000e+00 37.63063 26.07 0.03644 0.34611 0.18395 26.35326 140.77847 -43.59938 0.45993 0.00000 21.89388 86.93573 -9.45731 0.5878 8.826e+12 1.298e+13
68 57 5.7343e+12 376.02 247.80 444.807 90.444 73 27.14699 28.93067 63.67229 54.61 42.77 -20.41 -1.548e+13 -2.209e+13 -1.179e+13 0.04331 90.44423 5.7343e+12 5.7343e+12 5.7343e+12 1.5090e+12 0.0000e+00 86.77016 0.00 0.05222 0.38236 0.10156 87.59717 20.21471 -21.18092 0.66314 0.04317 67.40247 27.72219 -6.40258 0.4140 8.894e+12 3.622e+12
69 58 2.4145e+12 266.67 145.67 333.388 129.923 30 29.09020 28.16573 64.71853 -122.48 40.58 -150.88 -2.997e+12 1.421e+13 9.522e+12 0.09285 129.92323 2.4145e+12 2.1127e+12 1.8108e+12 3.0181e+11 0.0000e+00 37.18538 63.61 0.13022 0.33383 0.19407 121.46738 77.84590 87.75406 0.00000 0.00000 0.00000 0.00000 0.00000 0.3814 2.507e+12 3.320e+12
70 56 5.4325e+12 362.34 445.82 436.862 103.560 82 87.60808 13.91688 99.69386 -391.75 64.66 150.73 4.337e+13 4.246e+13 -8.530e+12 0.07176 103.55950 6.0361e+12 5.4325e+12 5.4325e+12 0.0000e+00 0.0000e+00 70.56649 18.81 0.11899 0.90809 0.15611 167.14890 57.70502 54.22135 0.00000 0.00000 0.00000 0.00000 0.00000 1.3152 8.105e+12 5.433e+12
71 64 1.9617e+13 626.43 621.91 670.232 76.393 93 42.22062 85.35396 45.73436 173.25 57.59 -14.84 5.106e+13 -1.032e+14 -1.570e+13 0.02185 76.39333 1.9617e+13 1.9617e+13 1.8108e+13 1.3883e+13 7.5452e+12 92.43130 0.00 0.02655 0.67881 0.44107 97.52374 -15.50585 7.62486 0.68796 0.46295 -39.30494 60.45951 -12.87646 0.6663 1.751e+13 1.056e+13
72 20 9.0542e+11 197.32 194.65 240.415 62.983 91 51.01735 17.66972 43.85683 -151.25 40.53 -410.97 1.212e+12 3.053e+12 -1.153e+11 0.17736 62.98312 9.0542e+11 9.0542e+11 0.0000e+00 0.0000e+00 0.0000e+00 90.46137 307.78 0.12643 0.00000 0.00000 0.00000 0.00000 0.00000 0.00000 0.00000 0.00000 0.00000 0.00000 8.6163 5.309e+12 9.054e+11
73 84 1.5090e+12 238.22 173.18 285.043 63.337 89 79.22206 26.04056 79.21262 -75.91 -48.20 54.53 -3.546e+12 -2.494e+10 -7.404e+12 0.05805 63.33739 1.5090e+12 1.5090e+12 1.5090e+12 0.0000e+00 0.0000e+00 115.75404 0.00 0.13477 0.62163 0.34719 -106.96094 29.03863 118.62859 0.00000 0.00000 0.00000 0.00000 0.00000 0.7230 7.247e+12 1.207e+12
74 88 4.2253e+12 327.81 192.74 401.757 112.128 37 58.79888 0.70538 62.59759 170.60 3.24 124.62 -7.785e+10 3.055e+13 1.126e+13 0.08232 112.12836 4.2253e+12 4.2253e+12 3.9235e+12 3.0181e+11 0.0000e+00 22.12030 28.74 0.09610 0.78313 0.35572 -70.80846 75.07484 -94.55069 0.00000 0.00000 0.00000 0.00000 0.00000 0.3339 3.687e+12 4.527e+12
75 89 5.1307e+12 401.56 290.15 428.618 48.301 50 56.80649 0.13502 67.10284 272.07 141.78 13.74 4.891e+12 -7.805e+12 1.164e+13 0.02992 48.30086 5.1307e+12 4.8289e+12 4.5271e+12 3.9235e+12 0.0000e+00 54.90223 26.42 0.03169 0.67375 0.40938 -17.96829 -50.02475 128.56715 0.07130 0.00000 -25.16281 -98.82936 165.25041 0.4416 5.314e+12 3.018e+12
76 85 2.1127e+13 611.71 602.03 686.994 100.525 84 38.28540 83.27106 96.04884 184.99 148.92 50.55 -1.151e+13 -6.328e+13 4.628e+13 0.01385 100.52549 2.1127e+13 2.1127e+13 2.0523e+13 1.5996e+13 5.1307e+12 75.64018 0.00 0.01600 0.90423 0.70256 15.72674 111.81667 46.28048 0.60332 0.53233 83.01266 -69.86732 -7.09467 0.6185 2.021e+13 1.479e+13
77 105 6.3380e+12 391.67 266.03 459.897 88.657 81 62.16443 9.12305 89.17361 33.39 155.45 26.61 1.882e+11 -2.709e+13 2.714e+13 0.05018 88.65725 6.3380e+12 6.3380e+12 6.3380e+12 3.0181e+11 0.0000e+00 28.92334 17.14 0.05757 0.22369 0.00000 89.20235 47.07651 90.93147 0.00000 0.00000 0.00000 0.00000 0.00000 0.3982 6.077e+12 4.829e+12
78 90 1.3280e+13 490.53 412.48 588.489 133.640 79 51.80370 52.92666 39.77249 140.89 -143.08 -101.20 -1.005e+14 -6.973e+13 7.168e+12 0.04640 133.63980 1.3280e+13 1.2072e+13 1.1167e+13 7.5452e+12 0.0000e+00 62.36533 22.30 0.05364 0.94150 0.54739 -49.70470 119.71725 -31.19872 0.81097 0.51626 75.74139 -66.26987 23.31216 0.5123 1.148e+13 1.147e+13
79 81 1.2978e+13 590.82 525.19 583.996 46.938 55 69.97728 39.15223 55.81820 -120.09 -257.37 -128.33 1.936e+13 -3.653e+13 3.865e+13 0.02554 46.93761 1.2978e+13 1.2978e+13 1.2676e+13 1.0563e+13 6.0361e+12 36.86028 0.00 0.02574 0.78085 0.68047 -23.28102 75.40102 56.22448 0.85936 0.61831 16.47896 -58.75227 57.85693 0.5630 1.441e+13 6.036e+12
80 92 7.8470e+12 457.87 344.71 493.831 58.523 78 2.11246 17.95702 53.57169 -105.26 229.52 -137.79 4.385e+13 -1.800e+13 2.127e+13 0.05551 58.52251 7.8470e+12 7.8470e+12 7.8470e+12 6.3380e+12 2.1127e+12 16.31688 0.00 0.05465 0.65993 0.27515 2.84529 92.42994 55.99611 0.58213 0.21480 14.21353 82.41345 49.28528 0.4244 8.164e+12 3.923e+12
81 95 5.1307e+12 343.82 348.14 428.618 154.812 76 76.74148 57.08662 50.59347 -490.42 98.98 -37.78 -1.095e+13 -1.439e+13 1.268e+12 0.01181 154.81151 5.1307e+12 5.1307e+12 4.2253e+12 3.0181e+11 0.0000e+00 48.28126 10.83 0.03872 0.31192 0.08589 -8.04785 135.71375 108.93092 0.00000 0.00000 0.00000 0.00000 0.00000 0.9131 7.775e+12 9.054e+12
82 57 9.0542e+11 197.69 193.59 240.415 61.802 76 25.12498 29.75234 63.43455 318.99 -18.54 -75.97 -2.961e+12 -2.475e+12 -4.734e+12 0.20307 61.80180 9.0542e+11 9.0542e+11 0.0000e+00 0.0000e+00 0.0000e+00 129.04660 173.82 0.23492 0.00000 0.00000 0.00000 0.00000 0.00000 0.00000 0.00000 0.00000 0.00000 0.00000 4.0906 5.831e+12 9.054e+11
83 86 9.6578e+12 472.78 419.84 529.221 76.036 76 96.76558 24.39676 49.68430 -57.05 -232.29 287.05 -1.139e+13 -1.717e+13 2.402e+13 0.01962 76.03632 9.6578e+12 9.6578e+12 8.1488e+12 7.2434e+12 1.5090e+12 26.43414 0.00 0.02355 0.66332 0.30831 86.43285 -75.82345 -31.36579 0.73967 0.22973 94.15879 -1.95264 -31.02857 0.5983 9.346e+12 6.338e+12
84 94 3.3199e+12 306.39 233.38 370.725 90.756 75 53.38642 55.87350 37.26046 -9.68 -116.80 -8.12 1.153e+12 7.626e+12 4.508e+12 0.02110 90.75623 3.3199e+12 3.3199e+12 3.3199e+12 0.0000e+00 0.0000e+00 88.09167 0.00 0.03941 0.83187 0.31196 -112.75527 -85.48426 124.12968 0.00000 0.00000 0.00000 0.00000 0.00000 0.6829 6.003e+12 3.320e+12
85 96 4.8289e+12 338.43 275.72 420.043 139.346 75 70.83676 26.01684 3.66835 131.14 -457.45 124.42 -1.090e+11 1.278e+13 -3.169e+12 0.02023 139.34587 4.8289e+12 4.8289e+12 3.0181e+12 0.0000e+00 0.0000e+00 74.01230 30.73 0.03110 0.31098 0.01585 -2.08601 157.51457 96.28380 0.00000 0.00000 0.00000 0.00000 0.00000 0.5997 7.177e+12 6.942e+12
86 97 1.5392e+13 672.90 546.67 618.174 37.351 72 65.49587 91.42039 27.28897 197.05 348.62 -13.54 -8.236e+13 -1.234e+13 -6.292e+13 0.03370 37.35098 1.5392e+13 1.5090e+13 1.3883e+13 1.0563e+13 6.6398e+12 44.49455 9.11 0.03572 0.58984 0.45409 3.63765 35.00018 96.27697 0.57307 0.48246 1.52911 29.06665 84.49381 0.5813 1.607e+13 5.433e+12
87 98 1.2978e+13 599.65 546.84 583.996 44.197 71 37.88727 52.31436 42.79382 232.48 -95.54 0.23 -5.986e+13 3.738e+13 -1.582e+13 0.03068 44.19706 1.2978e+13 1.2978e+13 1.2676e+13 9.9596e+12 6.9416e+12 32.42719 0.00 0.03289 0.87727 0.51326 75.10012 -45.76953 9.32364 0.87607 0.50467 -5.33916 60.35102 51.71342 0.6138 1.443e+13 5.734e+12
88 100 9.0542e+11 200.13 174.62 240.415 55.213 65 90.24981 89.74286 23.17431 -122.20 339.73 21.17 -5.953e+12 -5.368e+12 2.077e+12 0.27768 55.21298 9.0542e+11 9.0542e+11 9.0542e+11 3.0181e+11 0.0000e+00 89.55121 164.89 0.31849 0.00000 0.00000 0.00000 0.00000 0.00000 0.00000 0.00000 0.00000 0.00000 0.00000 3.7094 4.680e+12 9.054e+11
89 109 3.3199e+12 335.98 183.91 370.725 49.310 62 36.15953 27.64622 50.58049 425.32 -102.08 -118.27 -2.521e+12 7.578e+12 4.596e+11 0.03477 49.31020 3.3199e+12 3.3199e+12 3.3199e+12 2.7163e+12 0.0000e+00 22.31965 0.00 0.03529 0.79073 0.08685 -64.81264 60.98326 41.15723 0.70761 0.03756 19.87100 -38.30402 53.61654 0.2863 6.500e+12 1.811e+12
90 101 1.2072e+13 514.43 430.31 570.086 77.575 61 5.32467 12.94343 11.30470 -92.32 -142.61 -294.44 -2.752e+13 5.086e+12 2.253e+13 0.01687 77.57479 1.2072e+13 1.2072e+13 1.1770e+13 8.4506e+12 0.0000e+00 62.78629 0.00 0.01843 0.70017 0.44172 52.01931 29.89543 142.69974 0.20013 0.03913 9.25797 21.01881 128.67528 0.5129 1.145e+13 7.847e+12
91 -1 6.0361e+11 171.70 0.00 210.022 57.356 60 70.10860 65.56772 44.12550 -114.98 -60.31 328.42 2.714e+11 -3.757e+12 1.526e+12 0.53295 57.35608 6.0361e+11 6.0361e+11 3.0181e+11 0.0000e+00 0.0000e+00 137.84248 537.43 0.30724 0.00000 0.00000 0.00000 0.00000 0.00000 0.00000 0.00000 0.00000 0.00000 0.00000 0.0000 4.417e+12 6.036e+11
92 107 4.5271e+12 327.97 179.49 411.103 187.175 56 2.77472 12.61167 9.51210 -15.56 -110.78 -78.72 3.472e+12 1.533e+13 5.115e+11 0.03315 187.17537 4.5271e+12 3.9235e+12 3.0181e+11 0.0000e+00 0.0000e+00 63.98956 15.44 0.04137 0.26466 0.14498 9.62609 56.07206 183.84120 0.00000 0.00000 0.00000 0.00000 0.00000 0.3278 5.595e+12 8.451e+12
93 113 4.8289e+12 336.15 231.99 420.043 161.266 55 61.70179 42.14030 69.38078 -14.74 -223.64 -497.63 1.364e+13 1.261e+13 -9.098e+12 0.03582 161.26608 4.8289e+12 4.8289e+12 2.7163e+12 1.2072e+12 0.0000e+00 125.24100 75.67 0.04887 0.38628 0.06369 -52.37929 127.28769 66.94501 0.38393 0.00000 -77.34756 78.21660 60.50587 0.4907 5.709e+12 7.545e+12
94 104 8.4506e+12 435.14 331.83 506.182 91.578 53 21.73401 13.69430 29.93194 183.59 16.91 -56.07 -1.899e+13 7.939e+13 2.502e+13 0.07259 91.57779 8.4506e+12 8.4506e+12 6.6398e+12 4.2253e+12 1.2072e+12 52.60885 39.25 0.07937 0.45004 0.22083 130.03487 13.48746 -32.99305 0.40906 0.04668 89.86337 -7.92242 30.66535 0.4565 7.676e+12 6.640e+12
95 108 4.5271e+12 373.72 230.95 411.103 53.805 52 97.44453 23.66611 53.12246 -77.75 -31.28 -54.06 6.268e+12 3.278e+12 3.987e+11 0.01892 53.80524 4.5271e+12 4.5271e+12 4.5271e+12 2.7163e+12 0.0000e+00 33.20207 0.00 0.01864 0.32285 0.00299 -83.71508 39.90468 107.46344 0.13623 0.00000 101.81282 -27.40042 -96.88541 0.3254 5.535e+12 2.414e+12
96 99 6.0361e+12 405.55 291.73 452.478 63.847 50 87.81688 52.72893 70.99301 -196.45 -336.72 -212.66 2.554e+13 1.121e+13 1.126e+13 0.04393 63.84733 6.0361e+12 6.0361e+12 5.4325e+12 2.7163e+12 0.0000e+00 44.80995 0.00 0.04899 0.60970 0.19218 45.59290 123.74190 -73.29189 0.59202 0.00625 -57.72747 78.09843 -34.50712 0.4538 5.969e+12 3.018e+12
97 111 4.5271e+12 331.41 224.43 411.103 135.086 49 1.59792 25.08301 70.97555 -425.06 -40.19 -2.34 -1.057e+13 -7.978e+12 -5.736e+11 0.02877 135.08641 4.5271e+12 4.5271e+12 3.3199e+12 1.2072e+12 0.0000e+00 36.16065 30.19 0.03487 0.64938 0.11952 62.67147 112.45931 -7.41586 0.60800 0.01952 -19.71340 -19.66796 69.66213 0.4178 3.914e+12 4.829e+12
98 112 6.6398e+12 380.96 325.42 467.084 130.975 49 71.72136 65.23207 54.55358 139.09 -210.09 -675.32 1.017e+13 2.193e+13 1.075e+12 0.02709 130.97505 6.9416e+12 6.6398e+12 6.3380e+12 3.0181e+12 0.0000e+00 40.46700 54.72 0.03362 0.47929 0.17338 138.89688 -31.16927 -5.33026 0.75414 0.21843 96.55979 -15.18549 -29.32398 0.5338 6.877e+12 7.243e+12
99 -1 6.0361e+11 177.25 0.00 210.022 43.239 49 86.56870 49.71317 78.42892 -29.52 -263.78 -286.75 -1.464e+12 2.288e+11 -5.290e+10 0.03406 43.23949 6.0361e+11 6.0361e+11 6.0361e+11 0.0000e+00 0.0000e+00 157.93208 70.62 0.11207 0.00000 0.00000 0.00000 0.00000 0.00000 0.00000 0.00000 0.00000 0.00000 0.00000 0.0000 2.552e+12 3.018e+11
100 -1 9.0542e+11 201.77 184.97 240.415 51.653 49 90.38354 10.74419 98.76731 8.40 406.94 143.33 1.231e+12 -3.154e+12 -1.740e+12 0.18481 51.65315 9.0542e+11 9.0542e+11 9.0542e+11 0.0000e+00 0.0000e+00 119.85403 246.44 0.14640 0.00000 0.00000 0.00000 0.00000 0.00000 0.00000 0.00000 0.00000 0.00000 0.00000 7.1514 4.942e+12 6.036e+11
101 102 3.6217e+12 318.49 198.45 381.634 85.802 49 82.33036 30.10130 67.02491 -152.11 -97.06 16.40 7.027e+12 3.489e+12 -1.161e+13 0.04213 85.80170 3.6217e+12 3.6217e+12 3.6217e+12 3.0181e+11 0.0000e+00 85.26989 30.04 0.05346 0.72704 0.01746 -44.85933 132.24969 -16.93124 0.00000 0.00000 0.00000 0.00000 0.00000 0.4080 5.301e+12 3.018e+12
102 106 2.7163e+12 294.90 223.50 346.738 67.479 49 57.68876 30.43526 27.55409 -62.70 -185.74 336.53 1.256e+13 4.118e+12 2.862e+12 0.05263 67.47895 2.7163e+12 2.7163e+12 2.7163e+12 6.0361e+11 0.0000e+00 61.21918 0.00 0.08336 0.52521 0.20382 118.99500 54.05800 108.97030 0.00000 0.00000 0.00000 0.00000 0.00000 0.5990 3.037e+12 1.811e+12
103 82 1.8108e+12 251.88 86.95 302.904 70.209 48 51.41809 40.46857 48.97141 104.34 76.92 -66.19 1.856e+12 6.758e+11 -5.219e+11 0.02069 70.20938 1.8108e+12 1.5090e+12 1.5090e+12 0.0000e+00 0.0000e+00 81.68485 24.33 0.02475 0.63827 0.32813 -83.12412 98.50587 62.04716 0.00000 0.00000 0.00000 0.00000 0.00000 0.1567 6.839e+12 1.509e+12
104 83 1.5090e+12 246.52 260.42 285.043 49.597 47 51.69966 42.27592 48.14922 107.94 -512.33 -92.53 -2.924e+12 7.817e+11 -1.146e+12 0.03390 49.59718 2.4145e+12 1.5090e+12 1.5090e+12 0.0000e+00 0.0000e+00 172.17197 0.00 0.05314 0.31705 0.18464 -80.14566 15.96594 151.91512 0.00000 0.00000 0.00000 0.00000 0.00000 1.6348 5.754e+12 6.036e+11
105 117 1.2072e+12 233.39 98.98 264.611 40.867 47 77.26007 32.52125 9.76533 -324.84 -266.53 -193.01 1.988e+12 4.521e+11 2.623e+11 0.03319 40.86704 1.2072e+12 1.2072e+12 1.2072e+12 9.0542e+11 0.0000e+00 46.52867 0.00 0.04894 0.80398 0.42289 89.84650 -39.51699 -14.87359 0.64689 0.36355 83.20488 -50.06152 -58.48005 0.2991 4.024e+12 9.054e+11
106 93 4.8289e+12 402.38 272.01 420.043 42.689 44 3.50462 99.34828 1.17240 -179.23 499.59 27.82 -1.483e+13 5.619e+12 1.137e+13 0.04728 42.68895 4.8289e+12 4.8289e+12 4.5271e+12 4.5271e+12 0.0000e+00 19.58597 12.11 0.04610 0.74627 0.40502 26.71868 93.78103 -45.68932 0.57568 0.06343 75.32917 24.08966 -35.99461 0.3749 5.636e+12 2.414e+12
107 115 4.2253e+12 338.44 257.77 401.757 83.859 44 86.49566 70.52476 9.74472 -302.53 195.16 112.41 -7.816e+11 1.243e+13 1.584e+13 0.04782 83.85939 4.2253e+12 4.2253e+12 4.2253e+12 1.5090e+12 0.0000e+00 38.81738 0.00 0.05947 0.31212 0.15049 -11.42479 -48.97013 92.84030 0.12987 0.03829 -16.21991 -70.83817 75.74364 0.4979 4.999e+12 3.923e+12
108 119 2.1127e+12 259.46 155.59 318.875 91.976 44 19.51401 12.52303 44.91518 287.21 85.15 -21.82 1.374e+13 -8.990e+11 -5.355e+12 0.08768 91.97597 2.1127e+12 2.1127e+12 1.5090e+12 3.0181e+11 0.0000e+00 58.96966 87.53 0.13846 0.30948 0.03929 148.99586 -2.50185 41.12379 0.00000 0.00000 0.00000 0.00000 0.00000 0.5118 5.154e+12 2.113e+12
109 110 5.4325e+12 370.79 247.51 436.862 86.267 41 96.18427 28.43929 63.71158 30.55 103.45 82.43 2.685e+13 -2.971e+13 -3.392e+13 0.08994 86.26675 5.4325e+12 5.4325e+12 5.4325e+12 3.0181e+12 0.0000e+00 76.82611 22.92 0.10189 0.12876 0.03457 103.39252 87.30097 93.24000 0.37233 0.10975 116.76326 80.63467 49.47549 0.3943 6.044e+12 3.622e+12
110 -1 2.1127e+12 258.26 247.06 318.875 97.653 39 60.16365 33.49313 31.11156 -429.41 -792.38 83.40 1.436e+13 1.953e+13 6.710e+12 0.13357 97.65324 2.1127e+12 2.1127e+12 1.5090e+12 0.0000e+00 0.0000e+00 65.80428 155.34 0.23566 0.39649 0.28255 -96.10861 -71.78168 103.89460 0.00000 0.00000 0.00000 0.00000 0.00000 1.4070 3.409e+12 3.018e+12
111 135 1.8108e+12 244.75 173.35 302.904 95.984 38 86.89959 49.14291 71.59483 -14.18 -222.77 -75.84 2.741e+12 -5.091e+12 3.682e+12 0.02971 95.98392 1.8108e+12 1.8108e+12 9.0542e+11 3.0181e+11 0.0000e+00 115.11192 108.99 0.08305 0.71801 0.03276 12.32881 -41.14612 85.03033 0.00000 0.00000 0.00000 0.00000 0.00000 0.8265 4.380e+12 2.716e+12
112 124 4.5271e+12 369.46 220.10 411.103 57.173 37 54.89640 38.27966 53.10043 -253.00 3.80 -105.81 6.212e+12 -7.189e+12 -1.836e+12 0.02614 57.17263 4.5271e+12 4.5271e+12 4.2253e+12 2.7163e+12 0.0000e+00 24.85167 0.00 0.02546 0.81557 0.06776 -54.85958 -59.38156 83.07059 0.40864 0.01275 96.69766 63.12647 -42.86270 0.2930 4.942e+12 2.716e+12
113 127 2.1127e+12 256.75 116.96 318.875 106.945 37 53.65854 26.79562 33.27905 103.16 138.77 352.26 -1.183e+13 -5.191e+12 -7.853e+12 0.07874 106.94461 2.1127e+12 2.1127e+12 3.0181e+11 0.0000e+00 0.0000e+00 90.00127 114.81 0.14164 0.38468 0.00000 -45.57979 146.23143 34.36119 0.00000 0.00000 0.00000 0.00000 0.00000 0.5594 3.555e+12 2.716e+12
114 116 1.8108e+12 243.63 138.85 302.904 103.571 36 24.92868 58.45573 24.45225 283.78 -82.71 285.91 8.352e+11 2.012e+12 5.232e+12 0.03211 103.57066 1.8108e+12 1.8108e+12 9.0542e+11 0.0000e+00 0.0000e+00 41.40885 105.34 0.06866 0.88460 0.30983 112.70335 -40.31282 -32.06662 0.00000 0.00000 0.00000 0.00000 0.00000 0.6869 3.498e+12 2.716e+12
115 121 6.0361e+11 179.88 0.00 210.022 38.938 36 75.63116 32.31934 61.96082 63.00 -107.41 -53.04 -3.995e+11 3.472e+10 -1.797e+11 0.01083 38.93811 6.0361e+11 6.0361e+11 6.0361e+11 3.0181e+11 0.0000e+00 76.80877 82.96 0.03322 0.00000 0.00000 0.00000 0.00000 0.00000 0.00000 0.00000 0.00000 0.00000 0.00000 0.0000 2.567e+12 3.018e+11
116 43 9.0542e+11 245.71 61.48 240.415 18.540 36 91.72690 25.96324 1.22580 -201.52 -539.77 -4.53 -3.062e+11 6.448e+11 -1.098e+10 0.01889 18.54016 9.0542e+11 9.0542e+11 9.0542e+11 6.0361e+11 0.0000e+00 60.42937 0.00 0.02746 0.00000 0.00000 0.00000 0.00000 0.00000 0.00000 0.00000 0.00000 0.00000 0.00000 0.1344 3.108e+12 3.018e+11
117 132 1.5090e+12 229.24 177.86 285.043 97.668 36 70.66391 23.52809 5.07706 173.97 -59.50 -190.81 8.419e+12 2.948e+12 -1.027e+13 0.06677 97.66795 1.5090e+12 1.5090e+12 1.2072e+12 0.0000e+00 0.0000e+00 24.70060 10.49 0.22335 0.66260 0.03102 -27.70213 136.17523 127.25409 0.00000 0.00000 0.00000 0.00000 0.00000 0.8526 3.168e+12 1.811e+12
118 140 2.7163e+12 288.89 167.13 346.738 79.038 35 1.96412 99.67802 4.87851 18.78 346.85 -129.12 -4.514e+12 -3.661e+12 -5.365e+12 0.03471 79.03820 2.7163e+12 2.7163e+12 2.7163e+12 0.0000e+00 0.0000e+00 28.96323 0.00 0.04875 0.00000 0.00000 -16.08729 -81.34460 162.95004 0.00000 0.00000 0.00000 0.00000 0.00000 0.4205 3.535e+12 2.414e+12
119 125 6.0361e+11 180.76 0.00 210.022 37.696 35 44.62568 21.54777 40.79789 100.06 -111.18 203.00 6.649e+11 -5.008e+11 1.590e+11 0.01187 37.69572 6.0361e+11 6.0361e+11 6.0361e+11 0.0000e+00 0.0000e+00 146.78732 44.03 0.06407 0.00000 0.00000 0.00000 0.00000 0.00000 0.00000 0.00000 0.00000 0.00000 0.00000 0.0000 2.159e+12 3.018e+11
120 123 6.6398e+12 571.11 423.53 467.084 18.744 33 79.18318 9.65316 62.26508 -102.01 153.44 -14.09 1.610e+12 -2.965e+12 9.181e+12 0.01483 18.74416 6.6398e+12 6.6398e+12 6.6398e+12 5.4325e+12 4.2253e+12 27.90314 0.00 0.01359 0.75833 0.57440 56.57909 -6.23904 36.66143 0.76513 0.49088 56.77004 3.28529 18.23606 0.5201 1.062e+13 3.018e+12
121 -1 9.0542e+11 226.73 60.62 240.415 26.260 32 78.39829 30.46808 63.96720 -4.33 113.85 40.44 1.591e+12 -3.015e+11 -5.870e+11 0.03859 26.26018 9.0542e+11 9.0542e+11 6.0361e+11 6.0361e+11 0.0000e+00 97.66063 60.62 0.06625 0.00000 0.00000 0.00000 0.00000 0.00000 0.00000 0.00000 0.00000 0.00000 0.00000 0.2718 2.620e+12 3.018e+11
122 -1 1.2072e+12 213.23 95.07 264.611 87.561 31 70.99017 24.41112 84.13635 72.93 -117.26 165.47 9.591e+11 -2.602e+12 3.909e+12 0.04932 87.56116 1.2072e+12 1.2072e+12 3.0181e+11 0.0000e+00 0.0000e+00 133.09308 67.81 0.11413 0.37618 0.32117 69.69174 175.19659 -28.30969 0.00000 0.00000 0.00000 0.00000 0.00000 0.5624 2.953e+12 1.811e+12
123 129 1.5090e+12 240.16 103.75 285.043 59.429 31 69.99067 25.01591 8.96086 1.60 -93.34 -131.57 5.717e+11 6.262e+12 -9.963e+11 0.06627 59.42948 1.5090e+12 1.5090e+12 1.5090e+12 0.0000e+00 0.0000e+00 40.29464 0.00 0.10451 0.33778 0.13376 -99.49734 -21.21671 186.91379 0.00000 0.00000 0.00000 0.00000 0.00000 0.3284 3.131e+12 9.054e+11
124 42 2.4145e+12 274.41 203.04 333.388 84.871 31 48.49846 28.70247 46.87470 -171.26 -39.86 -314.13 7.671e+12 -3.237e+12 1.228e+13 0.05971 84.87088 2.4145e+12 2.4145e+12 2.1127e+12 3.0181e+11 0.0000e+00 99.92663 0.00 0.11127 0.27899 0.02278 138.96454 56.21320 -73.22755 0.00000 0.00000 0.00000 0.00000 0.00000 0.6689 3.493e+12 2.414e+12
125 -1 1.2072e+12 268.52 77.83 264.611 21.003 30 93.01853 96.79113 13.15049 11.31 253.84 71.74 9.431e+11 -1.157e+12 -4.331e+11 0.02942 21.00313 1.2072e+12 1.2072e+12 1.2072e+12 1.2072e+12 0.0000e+00 46.36723 0.00 0.03701 0.89145 0.09693 73.08756 -14.37975 12.16227 0.93751 0.09518 69.22009 -27.39455 9.11977 0.1535 3.071e+12 3.018e+11
126 93 1.5090e+12 231.07 102.08 285.043 86.222 29 3.20194 96.44901 1.79683 -182.56 691.66 129.59 9.669e+11 -2.117e+11 5.339e+12 0.05067 86.22247 1.5090e+12 1.5090e+12 9.0542e+11 3.0181e+11 0.0000e+00 136.25066 78.20 0.08914 0.49661 0.30728 51.74746 97.37521 -23.64235 0.00000 0.00000 0.00000 0.00000 0.00000 0.4885 2.427e+12 1.811e+12
127 131 6.0361e+11 183.84 0.00 210.022 33.917 29 99.22651 16.51246 78.67178 -27.93 285.76 75.45 -1.886e+11 7.969e+11 -3.563e+12 0.21618 33.91666 6.0361e+11 6.0361e+11 6.0361e+11 0.0000e+00 0.0000e+00 150.45827 188.00 0.27637 0.00000 0.00000 0.00000 0.00000 0.00000 0.00000 0.00000 0.00000 0.00000 0.00000 0.0000 3.380e+12 0.000e+00
128 114 2.7163e+12 287.17 196.45 346.738 83.253 28 42.59008 0.29030 23.08607 78.83 381.42 33.09 -5.272e+12 3.573e+12 -7.599e+12 0.04000 83.25338 2.7163e+12 2.7163e+12 2.7163e+12 6.0361e+11 0.0000e+00 56.59616 0.00 0.06111 0.43084 0.03783 87.91398 -66.85750 27.77312 0.00000 0.00000 0.00000 0.00000 0.00000 0.5420 3.662e+12 2.716e+12
129 130 6.0361e+11 188.61 0.00 210.022 29.321 27 45.65989 93.52944 75.89412 227.91 -130.66 5.12 0.000e+00 0.000e+00 0.000e+00 0.00000 29.32088 6.0361e+11 6.0361e+11 6.0361e+11 3.0181e+11 0.0000e+00 79.47038 0.00 0.00000 0.00000 0.00000 0.00000 0.00000 0.00000 0.00000 0.00000 0.00000 0.00000 0.00000 0.0000 2.788e+12 3.018e+11
130 26 1.2072e+12 211.99 144.14 264.611 98.587 26 41.05583 17.62037 42.98798 -136.29 156.60 72.54 4.878e+12 1.330e+12 2.622e+12 0.01599 98.58712 1.2072e+12 1.2072e+12 9.0542e+11 0.0000e+00 0.0000e+00 140.14610 81.13 0.13562 0.41965 0.24442 18.50578 155.56250 -77.09797 0.00000 0.00000 0.00000 0.00000 0.00000 1.0278 2.098e+12 1.509e+12
131 144 2.1127e+12 265.01 134.31 318.875 74.254 25 47.37806 45.77845 77.86599 -16.15 -287.50 -145.88 4.652e+12 -2.038e+12 3.865e+12 0.04965 74.25442 2.1127e+12 2.1127e+12 1.5090e+12 1.2072e+12 0.0000e+00 92.84131 48.99 0.05980 0.56186 0.36376 61.20807 96.48743 8.16330 0.62118 0.00000 -48.90608 -26.40725 55.91346 0.2939 2.364e+12 1.811e+12
132 136 3.9235e+12 333.63 242.21 391.954 75.842 25 71.16180 25.98118 19.21853 -245.94 -50.53 -114.48 9.288e+12 2.330e+12 4.419e+12 0.02596 75.84158 3.9235e+12 3.9235e+12 3.6217e+12 9.0542e+11 0.0000e+00 35.93203 0.00 0.03522 0.59390 0.03867 104.49296 -0.41264 -36.18809 0.90083 0.09704 70.40604 8.20369 -6.05982 0.5304 4.633e+12 2.716e+12
133 138 1.5090e+12 239.24 161.26 285.043 61.210 25 73.65263 32.01686 6.66196 -173.80 -376.71 -119.13 -1.657e+12 3.781e+12 8.711e+11 0.03485 61.20959 1.5090e+12 1.5090e+12 1.2072e+12 3.0181e+11 0.0000e+00 85.44225 64.16 0.06926 0.70792 0.06158 -17.77230 5.69645 90.92545 0.00000 0.00000 0.00000 0.00000 0.00000 0.6574 2.991e+12 1.207e+12
134 133 6.0361e+11 170.04 0.00 210.022 64.640 25 71.73534 32.77298 4.98579 2.48 -574.79 247.85 3.145e+11 -9.344e+11 1.448e+12 0.03838 64.64005 6.0361e+11 6.0361e+11 0.0000e+00 0.0000e+00 0.0000e+00 198.30104 66.47 0.13243 0.00000 0.00000 0.00000 0.00000 0.00000 0.00000 0.00000 0.00000 0.00000 0.00000 0.0000 2.494e+12 6.036e+11
