#ID DescID Mvir Vmax Vrms Rvir Rs Np X Y Z VX VY VZ JX JY JZ Spin rs_klypin Mvir_all M200b M200c M500c M2500c Xoff Voff spin_bullock b_to_a c_to_a A[x] A[y] A[z] b_to_a(500c) c_to_a(500c) A[x](500c) A[y](500c) A[z](500c) T/|U| M_pe_Behroozi M_pe_Diemer
#a = 0.480651
#Om = 0.285000; Ol = 0.715000; h = 0.695000
#FOF linking length: 0.280000
#Unbound Threshold: 0.500000; FOF Refinement Threshold: 0.700000
#Particle mass: 3.01807e+11 Msun/h
#Box size: 100.000000 Mpc/h
#Force resolution assumed: 0.0976562 Mpc/h
#Units: Masses in Msun / h
#Units: Positions in Mpc / h (comoving)
#Units: Velocities in km / s (physical, peculiar)
#Units: Halo Distances, Lengths, and Radii in kpc / h (comoving)
#Units: Angular Momenta in (Msun/h) * (Mpc/h) * km/s (physical)
#Units: Spins are dimensionless
#Np is an internal debugging quantity.
#Rockstar Version: 0.99.9-RC3
0 1 2.7163e+13 629.26 662.46 740.479 118.906 143 7.99799 3.07187 90.43328 -354.08 688.13 479.79 7.408e+13 2.573e+14 -4.221e+13 0.02640 118.90561 2.7163e+13 2.7163e+13 2.5352e+13 1.6901e+13 6.3380e+12 78.47829 0.00 0.03461 0.63454 0.40988 40.97279 115.42355 -44.89396 0.81274 0.47582 5.78299 83.02424 53.19437 0.6954 2.552e+13 1.932e+13
1 0 2.1127e+12 249.89 254.38 316.081 89.236 44 4.72359 5.83183 92.69646 174.94 -490.61 735.86 7.987e+12 7.146e+12 9.902e+12 0.05307 89.23561 2.1127e+12 2.1127e+12 1.5090e+12 3.0181e+11 0.0000e+00 28.44776 68.34 0.13144 0.33803 0.00000 93.48347 -61.61747 41.05601 0.00000 0.00000 0.00000 0.00000 0.00000 1.1880 5.068e+12 2.113e+12
2 3 9.2957e+13 866.10 946.49 1115.875 824.349 351 4.26335 4.82558 95.05828 117.72 322.16 -180.38 -9.090e+13 7.575e+14 -6.396e+14 0.01052 428.57425 9.2957e+13 9.2957e+13 7.9979e+13 4.2857e+13 1.5392e+13 144.79445 89.67 0.01635 0.40909 0.29412 -138.82634 -4.38525 150.56148 0.63095 0.40464 -78.12079 20.93894 91.38266 0.7482 8.723e+13 1.944e+14
3 4 5.4929e+13 741.07 794.00 936.388 316.038 292 5.51710 4.95153 93.60148 -396.52 131.65 520.33 -5.052e+14 -2.203e+14 -4.074e+14 0.02055 261.22247 5.4929e+13 5.4929e+13 4.9195e+13 3.0483e+13 9.9596e+12 49.58826 77.32 0.02705 0.53791 0.41011 -104.91528 13.15462 112.52419 0.61996 0.42823 85.49836 -7.68256 -76.44696 0.6776 5.078e+13 7.334e+13
4 5 5.1307e+12 361.10 300.57 424.862 68.166 79 19.71881 9.99281 1.90142 295.83 -226.64 99.63 -1.176e+13 5.561e+13 -2.840e+13 0.09525 68.16594 5.1307e+12 5.1307e+12 5.1307e+12 3.6217e+12 0.0000e+00 78.42298 92.40 0.13044 0.66365 0.11001 -14.83789 83.00747 101.26657 0.41743 0.09637 46.79434 93.48117 61.41753 0.6186 4.939e+12 3.622e+12
5 6 9.8993e+13 887.33 912.54 1139.523 685.784 490 22.91501 10.57355 2.97784 26.45 92.13 113.44 6.399e+14 1.235e+15 4.681e+14 0.01743 403.93582 9.8993e+13 9.8993e+13 8.5110e+13 4.6478e+13 1.8410e+13 74.27518 79.19 0.02170 0.62123 0.37530 180.68582 27.85866 42.28107 0.60007 0.40033 122.70063 25.68814 15.83983 0.6266 8.474e+13 1.509e+14
6 7 5.7343e+12 361.74 263.06 440.910 89.224 57 25.30764 11.68882 4.27602 -394.64 -62.66 14.86 2.403e+12 1.859e+13 -4.607e+12 0.02793 89.22427 5.7343e+12 5.7343e+12 5.7343e+12 3.0181e+12 0.0000e+00 97.49899 0.00 0.03292 0.15416 0.10833 124.26067 92.81089 -31.50476 0.34491 0.17556 92.05316 56.83878 -8.42509 0.4589 5.835e+12 4.829e+12
7 22 6.6699e+13 828.74 869.60 998.994 155.515 259 72.87147 69.05788 52.94815 -279.67 -240.63 -166.15 -3.541e+14 3.288e+14 1.320e+15 0.03250 186.95380 6.6699e+13 6.7001e+13 6.0965e+13 4.3762e+13 1.5392e+13 41.89498 27.62 0.04016 0.69179 0.53323 105.19224 92.46316 51.27806 0.60115 0.41387 86.75474 66.42953 46.91577 0.6622 5.835e+13 4.497e+13
8 21 2.6257e+13 657.29 589.32 732.158 87.484 132 72.08898 67.95524 53.76930 286.85 -42.43 -847.65 -6.663e+13 -2.000e+13 8.169e+13 0.01288 87.48423 2.6559e+13 2.6257e+13 2.5050e+13 1.5694e+13 8.1488e+12 34.88232 11.92 0.01449 0.74418 0.57955 -20.17566 -57.84917 94.89554 0.73472 0.51699 -47.63956 45.30894 56.01293 0.5788 2.307e+13 1.298e+13
9 -1 5.4325e+12 336.44 418.86 433.035 161.757 30 74.91402 70.34819 53.82060 -599.96 -403.14 -396.16 2.702e+13 -4.942e+13 -5.259e+12 0.05528 161.75664 5.7343e+12 5.4325e+12 3.3199e+12 1.8108e+12 0.0000e+00 52.80650 44.12 0.10558 0.60366 0.07676 -31.56985 39.33174 106.61414 0.43490 0.02887 -55.04094 66.56806 68.60054 1.2307 4.570e+12 6.036e+12
10 15 5.8551e+13 747.64 741.23 956.531 492.356 259 71.49591 59.93734 49.29251 -61.88 252.66 -39.40 -4.662e+14 2.455e+14 -2.431e+14 0.01719 316.07471 5.8551e+13 5.8551e+13 5.3118e+13 2.8974e+13 1.2676e+13 80.59251 56.18 0.02060 0.52315 0.37535 9.01708 124.50549 -89.54631 0.68436 0.51393 3.58762 91.82354 -59.13541 0.5949 5.052e+13 9.477e+13
11 15 6.0361e+11 166.30 0.00 208.181 52.654 30 74.49319 57.90779 50.21139 -479.39 187.28 -29.31 -1.334e+12 -3.987e+11 -1.141e+12 0.28672 52.65387 9.0542e+11 6.0361e+11 3.0181e+11 3.0181e+11 0.0000e+00 108.21185 151.38 0.13084 0.00000 0.00000 0.00000 0.00000 0.00000 0.00000 0.00000 0.00000 0.00000 0.00000 0.0000 8.834e+11 6.036e+11
12 16 1.9617e+13 535.54 593.07 664.359 154.670 98 71.16325 61.74560 48.32493 -360.00 -289.88 431.34 -1.580e+14 -1.106e+14 1.067e+14 0.02509 154.67047 1.9617e+13 1.9617e+13 1.5694e+13 1.0865e+13 5.1307e+12 110.95135 23.45 0.04841 0.71916 0.52003 125.60684 -12.24319 -0.44922 0.59998 0.47659 -41.58143 54.21375 50.73724 0.8329 2.465e+13 1.630e+13
13 17 1.0261e+13 467.88 474.12 535.293 73.344 55 71.84041 61.70643 48.45398 -206.99 -144.09 560.39 3.078e+13 -1.826e+13 1.360e+12 0.01630 73.34447 1.0261e+13 1.0261e+13 9.9596e+12 8.1488e+12 3.0181e+12 47.96498 0.00 0.02316 0.66933 0.50908 99.64287 30.95501 49.17210 0.73670 0.37011 67.80551 30.49604 -55.32588 0.7257 1.024e+13 6.036e+12
14 19 3.8631e+13 716.39 737.99 832.726 131.109 200 74.09737 17.93814 1.21134 -11.42 274.93 102.62 2.715e+14 -6.522e+13 5.495e+13 0.01711 124.50517 3.8631e+13 3.8631e+13 3.8028e+13 2.7163e+13 1.1469e+13 39.71022 39.81 0.02020 0.92120 0.66646 11.34940 117.96429 -33.56488 0.87984 0.57339 90.71049 2.46585 -33.78223 0.6480 3.738e+13 2.807e+13
15 20 5.4627e+13 773.17 833.49 934.670 149.404 208 71.98404 22.07509 0.34565 201.87 -245.11 170.33 -1.796e+14 9.681e+13 -3.644e+14 0.01285 178.36942 5.4627e+13 5.5231e+13 5.0402e+13 3.5613e+13 1.3280e+13 154.10652 44.87 0.01664 0.84376 0.73257 -9.43645 136.16687 -7.99113 0.89147 0.68330 80.14034 67.88519 6.14264 0.6927 4.753e+13 3.923e+13
16 23 5.0402e+13 719.69 720.92 909.922 333.332 276 93.45385 42.23143 61.20957 -115.83 -291.39 101.87 -5.482e+14 -3.584e+14 -7.362e+14 0.03621 255.60141 5.0402e+13 5.0704e+13 4.7686e+13 2.5654e+13 8.1488e+12 32.23266 36.70 0.04489 0.75072 0.45422 -88.02761 83.97350 -84.11282 0.70245 0.47721 -4.54126 73.93803 -68.62397 0.6218 4.365e+13 6.338e+13
17 24 1.5090e+13 498.90 474.00 608.726 124.139 107 94.47879 41.08649 61.59124 -514.31 -281.41 -362.78 -5.720e+13 1.195e+14 9.387e+13 0.04337 124.13924 1.5090e+13 1.5090e+13 1.2676e+13 6.3380e+12 3.6217e+12 92.54933 12.13 0.05522 0.84305 0.72401 36.98880 -9.90739 90.19061 0.92276 0.70805 -14.26964 67.17751 6.79782 0.6154 1.552e+13 1.177e+13
18 25 2.1127e+12 264.80 325.93 316.081 55.442 55 96.43086 39.68251 63.19687 -489.58 -223.47 -264.02 1.225e+13 4.430e+12 5.493e+12 0.10185 55.44234 2.1127e+12 2.1127e+12 2.1127e+12 3.0181e+11 0.0000e+00 41.62479 0.00 0.12734 0.68336 0.44717 77.34052 -36.28424 80.29944 0.00000 0.00000 0.00000 0.00000 0.00000 1.6831 4.092e+12 1.207e+12
19 29 4.1951e+13 731.23 763.04 855.927 133.193 192 52.20333 14.59553 40.34061 -30.23 500.95 -2.76 -5.238e+14 5.450e+12 3.744e+14 0.03248 133.21306 4.1951e+13 4.1951e+13 4.0744e+13 3.0483e+13 1.1167e+13 86.80972 36.53 0.03984 0.48848 0.36230 35.50246 144.53073 -21.77219 0.36970 0.23251 38.22995 135.95650 -8.74482 0.6707 4.015e+13 3.078e+13
20 30 2.9275e+13 593.73 602.15 759.199 248.602 139 52.59009 15.92286 41.07085 -363.82 -89.77 -130.15 -2.949e+14 2.128e+13 1.120e+14 0.02818 248.60228 2.9275e+13 2.9275e+13 2.6257e+13 1.3581e+13 4.8289e+12 129.99237 0.00 0.03562 0.68440 0.48763 55.39473 26.25692 112.16154 0.56872 0.44360 82.53733 -25.06215 45.08441 0.6239 2.495e+13 3.290e+13
21 31 4.8289e+12 341.06 310.81 416.363 85.248 76 51.56127 17.48657 42.96639 -173.23 -1.99 -468.88 -1.760e+13 2.415e+13 -1.116e+13 0.03474 85.24828 4.8289e+12 4.8289e+12 4.8289e+12 3.0181e+11 0.0000e+00 46.75101 0.00 0.07244 0.12266 0.00420 147.64616 7.54677 -91.26789 0.00000 0.00000 0.00000 0.00000 0.00000 0.7894 7.599e+12 3.018e+12
22 -1 2.1127e+12 263.09 299.05 316.081 57.836 37 53.62804 26.89408 33.67078 242.74 192.68 367.13 1.782e+13 1.617e+13 2.721e+12 0.15606 57.83595 2.1127e+12 2.1127e+12 2.1127e+12 3.0181e+11 0.0000e+00 109.02740 0.00 0.21814 0.82182 0.30865 -4.07335 -34.59377 110.55527 0.00000 0.00000 0.00000 0.00000 0.00000 1.6295 2.861e+12 9.054e+11
23 33 6.6398e+13 792.40 826.11 997.484 275.487 309 54.51577 28.09402 35.89132 7.53 -103.72 -98.47 2.810e+14 -3.009e+14 4.689e+13 0.00979 266.94077 6.6398e+13 6.6398e+13 6.3078e+13 3.6519e+13 1.3883e+13 59.57330 71.32 0.01193 0.53496 0.42877 -97.66672 -23.02261 138.06177 0.69930 0.44251 -55.89777 -21.17832 103.07853 0.6312 5.702e+13 7.062e+13
24 26 5.6136e+13 737.06 733.85 943.198 896.233 249 38.58471 16.51566 42.32338 264.19 257.06 104.17 -6.518e+14 7.510e+14 -1.772e+13 0.03153 312.81442 5.6136e+13 5.6136e+13 5.0100e+13 2.5352e+13 1.0261e+13 17.77072 30.05 0.03787 0.53633 0.41218 83.30996 132.76666 42.15063 0.70443 0.48524 54.61283 85.07466 33.27117 0.5943 4.861e+13 1.077e+14
25 27 6.9416e+12 374.65 347.51 469.903 121.134 70 39.44606 17.26861 42.51222 -1.59 -363.74 -134.71 3.639e+13 -4.616e+13 7.950e+13 0.08784 121.13387 6.9416e+12 6.9416e+12 5.7343e+12 4.2253e+12 0.0000e+00 60.07130 20.08 0.12264 0.66883 0.51207 88.47942 69.13219 -41.78256 0.26507 0.01215 83.01284 17.16359 -22.10135 0.6363 6.242e+12 6.942e+12
26 28 9.0542e+11 206.68 76.72 238.308 34.064 70 38.91572 19.59756 42.94689 70.22 -544.72 -6.95 9.795e+11 -1.941e+12 2.892e+10 0.03491 34.06419 9.0542e+11 9.0542e+11 9.0542e+11 0.0000e+00 0.0000e+00 135.61917 0.00 0.08040 0.00000 0.00000 0.00000 0.00000 0.00000 0.00000 0.00000 0.00000 0.00000 0.00000 0.3753 6.475e+12 0.000e+00
27 32 8.8128e+13 883.05 905.71 1096.208 270.924 360 53.44443 41.44534 58.39508 115.04 -249.74 -197.31 6.323e+13 -1.023e+14 1.588e+14 0.00297 256.71729 8.8128e+13 8.8430e+13 7.9375e+13 5.4024e+13 1.7807e+13 38.40915 88.30 0.00358 0.69454 0.38254 38.04820 28.52567 148.73494 0.46552 0.26919 35.74976 24.44925 124.41772 0.6249 7.415e+13 8.783e+13
28 13 4.7987e+13 703.55 707.69 895.154 358.343 248 74.25077 4.21796 30.33039 -233.06 -107.29 -128.85 2.260e+13 1.918e+14 -2.485e+14 0.01264 272.17615 4.7987e+13 4.7987e+13 4.4064e+13 2.5050e+13 9.9596e+12 73.31348 26.36 0.01556 0.56574 0.34824 114.69339 24.21657 125.87505 0.68639 0.53606 80.70766 33.54197 69.23949 0.6152 4.083e+13 5.825e+13
29 14 1.2374e+13 448.93 415.27 569.762 167.609 74 77.82404 3.98857 32.68457 -435.99 85.10 -167.29 5.582e+12 2.142e+13 5.894e+13 0.02158 167.60941 1.2374e+13 1.2374e+13 9.3560e+12 4.5271e+12 1.2072e+12 33.56834 0.00 0.02980 0.60258 0.26048 -83.70960 71.93465 97.66601 0.41433 0.33393 62.09880 79.57195 44.73089 0.6341 1.210e+13 1.418e+13
30 35 1.4789e+13 587.57 491.92 604.641 50.581 93 70.98746 60.95139 54.90191 54.57 469.42 -907.26 8.156e+13 5.385e+13 -1.908e+13 0.03272 50.58063 1.5996e+13 1.5392e+13 1.2978e+13 8.7524e+12 6.3380e+12 41.34592 20.43 0.03502 0.68230 0.28355 -9.51685 97.12723 12.57970 0.53813 0.34320 21.05349 78.19458 -21.62010 0.5563 1.494e+13 6.338e+12
31 36 6.0361e+13 748.85 763.55 966.292 503.952 241 71.24156 62.10792 54.25275 16.10 -111.91 -508.64 -4.775e+13 -7.730e+14 -2.679e+14 0.02207 391.43256 6.0361e+13 6.0663e+13 5.2514e+13 2.6559e+13 1.3581e+13 59.29716 43.75 0.02765 0.58696 0.41962 64.58855 101.76999 -86.55623 0.68452 0.40444 -49.26334 -54.55198 75.75025 0.6213 5.266e+13 9.567e+13
32 34 7.2736e+13 828.95 875.82 1028.263 253.089 322 58.32219 31.08658 31.74565 -185.78 -225.87 38.07 -9.529e+14 3.562e+13 -6.290e+14 0.02312 239.20888 7.2736e+13 7.3037e+13 6.7303e+13 4.5271e+13 1.9919e+13 122.78484 9.71 0.02824 0.73684 0.60137 119.78326 51.64156 -67.90277 0.67083 0.49446 94.70526 29.36656 -62.32959 0.6480 6.197e+13 7.092e+13
33 47 9.0542e+11 200.81 41.13 238.308 40.289 106 70.81812 23.41393 4.75467 109.89 3.02 -268.29 1.742e+11 -2.351e+11 -6.947e+11 0.01486 40.28932 9.0542e+11 9.0542e+11 9.0542e+11 3.0181e+11 0.0000e+00 61.92668 0.00 0.02787 0.00000 0.00000 0.00000 0.00000 0.00000 0.00000 0.00000 0.00000 0.00000 0.00000 0.0702 5.174e+12 3.018e+11
34 48 3.3199e+12 292.36 264.01 367.476 96.829 65 69.78183 24.81411 8.98720 -140.92 -108.45 -264.12 2.533e+13 -5.912e+12 1.043e+13 0.02997 96.82908 3.3199e+12 3.3199e+12 9.0542e+11 0.0000e+00 0.0000e+00 190.80621 0.00 0.11884 0.42706 0.12503 199.17921 116.03661 -40.33774 0.00000 0.00000 0.00000 0.00000 0.00000 0.9278 4.909e+12 3.320e+12
35 48 1.2072e+12 212.15 95.84 262.292 59.338 145 66.96573 25.48596 14.49643 74.16 -24.66 -64.86 1.361e+12 2.047e+12 -4.459e+12 0.05043 59.33823 1.2072e+12 1.2072e+12 1.2072e+12 3.0181e+11 0.0000e+00 57.87925 69.53 0.11656 0.00000 0.00000 -48.66028 26.40533 57.07550 0.00000 0.00000 0.00000 0.00000 0.00000 0.5568 9.176e+12 9.054e+11
36 9 7.2434e+12 378.84 319.60 476.616 126.779 79 70.48158 1.63850 24.94223 165.88 277.71 237.17 7.933e+12 1.040e+13 -6.136e+11 0.01120 126.77884 7.2434e+12 7.2434e+12 6.9416e+12 2.7163e+12 0.0000e+00 56.75760 11.55 0.01513 0.57054 0.38504 55.47767 134.18680 -16.49045 0.49980 0.04094 71.15227 97.53045 16.51031 0.5805 8.680e+12 7.847e+12
37 11 1.8108e+13 579.68 552.84 646.868 77.980 78 70.66610 2.93780 25.52349 147.51 -28.23 144.32 -8.109e+13 7.929e+13 -7.956e+13 0.03103 77.97990 1.8108e+13 1.8108e+13 1.8108e+13 1.4789e+13 3.9235e+12 72.22143 0.00 0.03476 0.76314 0.43960 -30.44581 65.32683 98.55511 0.62696 0.42048 -2.70204 66.37585 83.97395 0.6081 1.820e+13 1.087e+13
38 10 1.8108e+12 239.47 147.49 300.250 77.138 60 72.53925 0.82251 23.65680 -229.84 256.91 259.56 7.118e+12 6.954e+12 9.394e+11 0.07795 77.13829 1.8108e+12 1.8108e+12 1.5090e+12 3.0181e+11 0.0000e+00 13.19010 42.99 0.11642 0.29883 0.00000 22.26252 83.84637 36.39932 0.00000 0.00000 0.00000 0.00000 0.00000 0.4351 5.144e+12 1.811e+12
39 12 8.1488e+12 422.24 374.48 495.701 78.494 80 71.24294 4.23961 27.46030 -65.75 -224.14 57.89 5.355e+12 3.515e+13 9.403e+12 0.02827 78.49424 8.1488e+12 8.1488e+12 7.2434e+12 4.8289e+12 0.0000e+00 96.21326 0.00 0.03492 0.69312 0.15732 70.36283 124.49933 -20.62875 0.06530 0.00000 73.38203 92.62802 6.28100 0.5855 7.722e+12 5.734e+12
40 44 1.0563e+13 432.62 400.79 540.490 134.111 125 67.54086 81.19231 47.84134 -64.49 153.76 -132.24 4.531e+13 -4.226e+13 1.215e+13 0.03055 134.11089 1.0563e+13 1.0563e+13 9.6578e+12 6.3380e+12 0.0000e+00 49.56084 17.71 0.03890 0.46914 0.26520 44.95088 18.26671 130.82870 0.26493 0.23658 32.09772 -18.45821 107.02087 0.5933 1.392e+13 1.056e+13
41 45 3.3199e+12 310.05 246.52 367.476 61.639 80 65.93537 84.81496 46.61991 130.10 -109.14 -54.58 9.410e+11 1.671e+13 1.900e+13 0.06412 61.63910 3.3199e+12 3.3199e+12 3.3199e+12 6.0361e+11 0.0000e+00 28.55611 0.00 0.10736 0.09472 0.00568 -59.97377 154.44449 -67.18394 0.00000 0.00000 0.00000 0.00000 0.00000 0.6693 8.357e+12 1.207e+12
42 46 3.6217e+12 328.90 159.79 378.291 53.333 30 64.99857 86.14338 45.20949 187.56 -144.46 -96.96 -4.935e+12 9.921e+11 -7.259e+12 0.03274 53.33342 3.6217e+12 3.6217e+12 2.7163e+12 2.4145e+12 0.0000e+00 35.83178 23.48 0.03241 0.20448 0.01296 62.34947 119.11151 105.74304 0.26832 0.10242 36.16606 93.86430 115.66553 0.2267 4.785e+12 2.414e+12
43 46 7.5452e+12 409.79 368.92 483.146 78.483 45 64.81417 86.49894 44.72993 222.75 -38.92 219.92 3.318e+13 2.860e+13 -5.965e+13 0.06031 78.48347 7.5452e+12 7.5452e+12 6.6398e+12 5.1307e+12 0.0000e+00 64.71967 0.00 0.07990 0.89127 0.19547 130.83896 -57.61773 -36.16913 0.49499 0.00806 -91.79760 139.07730 12.48249 0.6257 9.364e+12 5.734e+12
44 56 3.6217e+12 378.40 300.58 378.291 28.129 29 92.34861 24.24531 1.21245 -330.40 -518.27 -16.59 4.725e+12 1.046e+13 6.570e+12 0.04478 28.12879 3.6217e+12 3.6217e+12 3.6217e+12 3.3199e+12 1.5090e+12 0.00347 49.74 0.04853 0.76633 0.31619 71.48869 -17.87144 38.88988 0.62902 0.11934 84.93419 -18.10543 29.12504 0.5426 1.089e+13 1.509e+12
45 57 3.9235e+12 307.52 245.30 388.520 108.225 68 91.87479 24.88986 1.20668 -204.95 -518.44 -97.58 -1.626e+12 1.270e+13 7.763e+12 0.03328 108.22469 3.9235e+12 3.9235e+12 3.3199e+12 1.2072e+12 0.0000e+00 39.03096 28.97 0.04808 0.64602 0.55874 -81.84473 176.90468 -39.61042 0.37474 0.13964 110.86787 -61.75725 -38.76633 0.5721 4.805e+12 4.225e+12
46 53 5.4325e+12 357.67 389.03 433.035 83.524 28 93.92455 23.06239 1.32862 -269.75 -280.06 -62.49 6.346e+12 -2.408e+13 1.135e+13 0.00375 83.52425 5.7343e+12 5.4325e+12 5.4325e+12 1.8108e+12 0.0000e+00 54.77314 18.56 0.05108 0.19291 0.01567 232.48810 -31.08435 56.44139 0.48433 0.22842 41.66729 45.03371 70.54996 0.9959 5.163e+12 4.225e+12
47 54 3.6217e+12 325.89 289.40 378.291 56.124 35 92.84811 23.67214 1.24881 -306.45 -448.14 -101.41 1.566e+13 2.963e+13 -1.623e+13 0.09186 56.12355 3.9235e+12 3.6217e+12 3.3199e+12 2.4145e+12 0.0000e+00 83.93555 55.92 0.13661 0.44672 0.00325 133.00287 -88.50459 8.92627 0.67884 0.06295 -55.15432 62.90703 -50.45091 0.6741 3.559e+12 2.414e+12
48 58 1.5392e+13 522.10 491.51 612.758 96.867 78 95.87524 22.22187 1.52515 -436.09 -282.64 -70.80 1.595e+13 3.550e+13 7.515e+13 0.02412 96.86697 1.5392e+13 1.5392e+13 1.3883e+13 9.0542e+12 4.8289e+12 80.82153 7.21 0.02784 0.20410 0.11150 3.29151 118.89045 -32.07650 0.06970 0.03623 11.40541 143.58559 -39.06620 0.5935 1.385e+13 1.026e+13
49 50 5.1307e+12 359.34 251.91 424.862 70.201 57 29.67093 12.54539 5.06231 -100.61 42.29 319.43 1.408e+13 5.261e+12 6.730e+13 0.13205 70.20072 5.4325e+12 5.1307e+12 5.1307e+12 1.8108e+12 0.0000e+00 38.86314 52.09 0.14158 0.62920 0.52310 180.50203 32.45090 44.20064 0.40075 0.02600 87.68417 41.38720 -57.57434 0.3898 4.894e+12 3.923e+12
50 49 2.4145e+12 277.56 444.25 330.467 57.023 83 31.11014 12.52594 5.30214 -391.90 -66.47 255.39 7.356e+12 -4.380e+12 3.626e+12 0.08385 57.02253 2.4145e+12 2.4145e+12 2.4145e+12 9.0542e+11 0.0000e+00 132.50218 0.00 0.06704 0.58232 0.02952 110.33480 10.62510 86.12933 0.75093 0.27701 90.05057 -15.60346 52.47254 2.4518 1.698e+13 1.811e+12
51 49 9.0542e+11 194.38 85.31 238.308 50.388 85 33.43896 13.02249 5.61574 -338.06 -42.77 183.59 2.412e+12 -1.146e+12 -1.908e+12 0.22455 50.38785 9.0542e+11 9.0542e+11 9.0542e+11 3.0181e+11 0.0000e+00 127.02918 55.32 0.12136 0.00000 0.00000 0.00000 0.00000 0.00000 0.00000 0.00000 0.00000 0.00000 0.00000 14.0658 9.231e+12 3.018e+11
52 43 2.4145e+12 296.96 227.35 330.467 39.301 65 52.55853 44.04213 44.58606 -74.00 86.47 107.60 -5.122e+12 -5.622e+12 -4.383e+12 0.04565 39.30142 2.4145e+12 2.4145e+12 2.4145e+12 1.8108e+12 0.0000e+00 56.16531 0.00 0.06329 0.56137 0.05468 -34.80971 89.49844 32.32193 0.86523 0.06527 -9.15440 68.67718 45.51931 0.5872 7.150e+12 1.207e+12
53 41 1.5090e+12 219.86 243.78 282.546 101.648 36 51.98516 42.54955 47.58275 63.37 -516.23 -141.77 -4.461e+12 -7.481e+12 8.430e+12 0.13018 101.64836 1.5090e+12 1.5090e+12 1.2072e+12 6.0361e+11 0.0000e+00 52.84343 109.66 0.19131 0.77519 0.10577 56.30492 77.37901 123.83239 0.00000 0.00000 0.00000 0.00000 0.00000 1.7047 3.121e+12 3.018e+12
54 42 1.1167e+13 473.16 412.41 550.595 82.830 111 52.84730 45.61769 44.11643 -32.28 -372.52 42.98 2.181e+13 2.120e+13 -2.310e+12 0.01539 82.83025 1.1167e+13 1.1167e+13 1.0865e+13 7.5452e+12 0.0000e+00 61.85701 0.00 0.01713 0.67740 0.49243 -53.00596 56.04287 99.55020 0.56991 0.47133 -53.88437 60.96140 68.12492 0.5314 1.333e+13 7.545e+12
55 -1 6.0361e+11 165.36 0.00 208.181 55.775 51 68.50275 24.41944 93.45284 204.04 -275.79 149.43 -9.160e+11 1.632e+12 -2.398e+12 0.49146 55.77543 6.0361e+11 6.0361e+11 3.0181e+11 0.0000e+00 0.0000e+00 122.32333 211.38 0.22108 0.00000 0.00000 0.00000 0.00000 0.00000 0.00000 0.00000 0.00000 0.00000 0.00000 0.0000 3.741e+12 6.036e+11
56 97 1.8108e+12 249.70 320.02 300.250 55.254 127 71.65590 22.30659 98.57369 266.98 -443.77 724.80 -3.484e+12 -1.107e+13 -6.074e+12 0.13475 55.25351 1.8108e+12 1.8108e+12 1.5090e+12 0.0000e+00 0.0000e+00 92.97849 70.36 0.15253 0.77536 0.24598 114.26280 3.83886 -107.11378 0.00000 0.00000 0.00000 0.00000 0.00000 1.9844 9.167e+12 1.509e+12
57 68 3.4406e+13 718.58 724.37 801.186 138.101 201 99.35939 22.25459 75.53647 -10.23 77.70 81.06 3.156e+14 5.164e+13 -1.421e+14 0.02558 96.18555 3.4406e+13 3.4708e+13 3.2293e+13 2.3541e+13 1.3280e+13 98.54431 23.38 0.03012 0.89153 0.43462 -0.23672 111.27166 -0.08462 0.74121 0.40480 11.38523 -63.24028 68.97308 0.6584 3.073e+13 2.596e+13
58 51 4.5875e+13 728.14 744.35 881.820 187.445 193 46.55332 28.60930 45.52467 200.86 -190.31 -51.46 -1.664e+14 -2.195e+14 1.507e+14 0.01417 170.40457 4.5875e+13 4.5875e+13 4.4366e+13 3.1086e+13 1.1469e+13 60.88290 21.71 0.01674 0.61407 0.55118 -77.08821 61.84362 125.21185 0.79593 0.63756 -66.91803 41.91775 82.09028 0.6263 4.045e+13 4.195e+13
59 59 3.1388e+13 683.77 678.72 777.039 156.858 189 38.88621 22.28886 60.74834 128.01 282.72 -197.11 1.432e+14 3.826e+13 1.151e+13 0.01286 102.75195 3.1388e+13 3.1388e+13 2.9879e+13 2.1730e+13 1.0563e+13 46.83133 14.74 0.01492 0.78466 0.60394 -31.36251 31.73700 113.95695 0.93424 0.70885 -33.51014 9.16096 85.61894 0.6325 2.792e+13 2.716e+13
60 63 2.1730e+13 659.59 614.50 687.400 60.650 121 4.70356 4.11748 77.18903 1.06 355.29 206.20 2.955e+13 -7.711e+13 1.177e+12 0.01358 60.65048 2.1730e+13 2.1730e+13 2.1127e+13 1.4487e+13 8.4506e+12 37.44389 0.00 0.01529 0.89525 0.44859 -19.78452 96.93008 -12.64872 0.74562 0.39916 4.47099 71.25176 40.37778 0.6315 1.965e+13 9.356e+12
61 64 3.3199e+12 318.13 288.99 367.476 53.048 68 4.70070 6.15086 75.38874 -107.30 67.94 287.87 -3.571e+11 2.198e+13 1.896e+13 0.06707 53.04790 3.3199e+12 3.3199e+12 3.3199e+12 1.8108e+12 0.0000e+00 58.46609 0.00 0.12311 0.36469 0.06590 137.36421 97.98881 -52.67992 0.26759 0.00000 11.03751 125.35428 -84.02540 0.7650 8.105e+12 1.811e+12
62 60 3.6519e+13 681.04 674.80 817.260 196.665 167 42.29781 41.91906 82.11751 135.43 -216.66 -234.41 -3.746e+13 -5.595e+13 3.339e+13 0.00503 148.38374 3.6519e+13 3.6519e+13 3.3199e+13 2.3541e+13 8.1488e+12 28.92662 16.99 0.00586 0.59004 0.38536 -21.31998 112.18915 82.93824 0.65383 0.45682 -37.90792 83.66033 51.61511 0.6065 3.290e+13 3.561e+13
63 70 3.5010e+13 632.77 638.61 805.845 252.920 180 64.78132 4.48671 71.80680 -37.10 114.64 -108.42 -9.054e+13 -2.069e+14 1.088e+14 0.01637 248.18727 3.5010e+13 3.5010e+13 3.1388e+13 1.9316e+13 4.5271e+12 86.19543 22.71 0.02096 0.53610 0.43087 108.79419 99.66839 -27.83838 0.34102 0.20755 81.05932 75.34778 -28.85791 0.6360 3.179e+13 4.165e+13
64 -1 9.0542e+11 184.94 220.46 238.308 91.901 49 25.20392 29.63503 63.33769 296.72 11.56 -27.00 -7.924e+12 -4.298e+12 -3.685e+12 0.44699 91.90115 9.0542e+11 9.0542e+11 6.0361e+11 0.0000e+00 0.0000e+00 106.73988 220.46 0.36010 0.00000 0.00000 0.00000 0.00000 0.00000 0.00000 0.00000 0.00000 0.00000 0.00000 5.7263 6.185e+12 1.509e+12
65 61 1.0865e+13 437.13 392.15 545.590 134.151 78 27.19881 28.96147 63.67905 98.90 44.27 8.09 2.411e+13 -2.491e+13 4.310e+13 0.02652 134.15109 1.0865e+13 1.0865e+13 9.9596e+12 6.3380e+12 1.5090e+12 23.11937 0.00 0.03252 0.40264 0.05079 -65.28441 -31.63060 113.54001 0.43494 0.01611 -56.60937 -29.76674 95.37330 0.5706 1.361e+13 1.087e+13
66 62 5.7343e+12 363.67 304.42 440.910 85.874 52 28.93806 28.27131 64.52553 -4.43 58.36 -287.90 -7.111e+12 -1.151e+13 -2.137e+13 0.03521 85.87415 5.7343e+12 5.7343e+12 5.7343e+12 3.6217e+12 0.0000e+00 47.18942 0.00 0.04314 0.52300 0.45594 53.49519 131.16125 -31.47286 0.31791 0.10097 81.35137 115.47543 -61.20506 0.5385 6.869e+12 4.527e+12
67 81 1.5090e+12 224.87 231.06 282.546 74.153 100 89.23478 12.97083 99.46369 -101.64 322.31 167.92 -6.766e+12 -7.731e+12 3.808e+12 0.10252 74.15300 1.5090e+12 1.5090e+12 1.2072e+12 0.0000e+00 0.0000e+00 105.25367 73.69 0.17292 0.00000 0.00000 -122.36786 117.52605 127.75421 0.00000 0.00000 0.00000 0.00000 0.00000 1.5456 5.097e+12 1.509e+12
68 67 1.2072e+12 203.57 99.57 262.292 100.858 77 90.66187 11.37180 98.96771 -81.99 342.53 132.11 -1.773e+10 4.465e+11 3.743e+12 0.03886 100.85780 1.2072e+12 1.2072e+12 6.0361e+11 0.0000e+00 0.0000e+00 89.39496 26.68 0.08630 0.53745 0.22473 48.24287 112.81868 110.42245 0.00000 0.00000 0.00000 0.00000 0.00000 0.5353 9.069e+12 3.018e+12
69 65 1.8108e+12 248.75 273.33 300.250 56.703 35 80.89441 83.67322 2.77576 -142.18 553.96 378.72 3.431e+13 -8.702e+12 7.752e+12 0.54496 56.70250 1.8108e+12 1.8108e+12 9.0542e+11 9.0542e+11 0.0000e+00 86.99722 290.39 0.42201 0.32149 0.11916 78.22785 24.03833 -17.38673 0.31351 0.10721 82.72810 30.59474 -19.07666 3.0155 2.508e+12 9.054e+11
70 66 1.8108e+12 246.67 208.92 300.250 60.163 35 80.31238 84.44710 3.77910 -187.09 271.88 441.36 -8.022e+12 -4.338e+12 -1.067e+13 0.03894 60.16321 1.8108e+12 1.8108e+12 1.8108e+12 6.0361e+11 0.0000e+00 53.77755 0.00 0.16348 0.83479 0.46702 -79.80317 46.38317 125.40784 0.00000 0.00000 0.00000 0.00000 0.00000 0.9240 5.958e+12 9.054e+11
71 65 2.0221e+13 568.77 527.19 671.105 109.522 104 79.40765 85.32554 4.78814 -1.92 78.04 150.18 9.147e+13 -7.013e+13 -3.893e+12 0.02267 109.52199 2.0221e+13 2.0221e+13 1.9014e+13 1.3883e+13 5.1307e+12 51.61193 0.00 0.02408 0.79838 0.62421 -74.52406 -11.22450 82.18408 0.73683 0.60478 73.78773 -45.79774 -36.08823 0.5384 1.786e+13 1.479e+13
72 73 1.4185e+13 481.33 430.66 596.300 137.208 86 39.31379 3.19545 4.75821 133.40 394.29 174.62 2.381e+13 2.853e+13 -7.433e+13 0.02709 137.20830 1.4185e+13 1.4185e+13 1.2374e+13 6.6398e+12 3.6217e+12 39.02093 11.39 0.03133 0.30646 0.27982 128.00311 -91.20763 45.46756 0.62796 0.35351 61.63722 -58.95874 41.09002 0.5449 1.309e+13 1.268e+13
73 74 1.6901e+13 536.58 497.00 632.161 102.232 78 39.73727 4.48426 6.11634 -154.49 238.46 -62.37 7.915e+12 -1.052e+13 1.118e+14 0.02821 102.23193 1.6901e+13 1.6901e+13 1.6599e+13 9.9596e+12 3.3199e+12 22.38565 0.00 0.03168 0.80058 0.24745 42.49624 83.76968 90.23394 0.80260 0.14772 -30.31296 78.51062 -35.80824 0.5604 1.666e+13 1.177e+13
74 75 3.4104e+13 700.20 641.40 798.837 187.299 161 65.77332 64.16621 38.84572 -53.55 8.18 171.87 -3.128e+14 -4.071e+14 3.239e+14 0.04779 107.83666 3.4406e+13 3.4104e+13 3.1388e+13 1.9316e+13 1.0563e+13 61.70523 25.83 0.05304 0.96734 0.78397 22.76496 -14.70632 106.77625 0.79203 0.69687 65.93068 41.38264 25.81832 0.5745 2.930e+13 3.320e+13
75 77 2.4748e+13 603.22 549.55 717.855 123.495 158 89.82001 35.18405 66.81166 -15.23 -167.45 -194.36 5.981e+13 -4.151e+13 5.985e+13 0.01300 123.49531 2.4748e+13 2.5050e+13 2.2937e+13 1.2978e+13 6.9416e+12 76.24207 0.00 0.01405 0.67697 0.39668 21.86443 94.32043 -68.68184 0.92224 0.61235 -25.18387 -47.23155 62.29973 0.5316 2.097e+13 1.600e+13
76 39 6.3380e+12 354.04 257.23 455.867 172.092 158 65.41327 25.34324 89.05940 315.08 -47.38 102.04 2.294e+13 4.376e+11 -6.786e+12 0.02677 172.09167 6.3380e+12 6.3380e+12 4.5271e+12 1.2072e+12 0.0000e+00 35.47895 38.25 0.03454 0.15149 0.13246 144.48625 56.38816 -118.62118 0.80381 0.38911 42.29390 44.68955 67.57178 0.4819 1.153e+13 1.087e+13
77 78 2.2636e+13 558.36 555.11 696.817 171.140 116 42.28740 85.35588 45.64068 183.71 41.61 -17.87 8.688e+13 -9.714e+13 -1.012e+14 0.02298 171.14041 2.2636e+13 2.2937e+13 2.1730e+13 1.3280e+13 3.3199e+12 93.36067 0.00 0.02854 0.55536 0.44283 140.44547 67.86234 64.82661 0.86386 0.55576 99.50819 36.51915 28.46570 0.6145 1.998e+13 2.264e+13
78 79 2.7163e+12 270.92 228.64 343.700 100.589 32 44.61002 18.13337 43.76913 4.97 135.00 54.22 7.045e+12 2.632e+13 1.465e+12 0.03521 100.58855 2.7163e+12 2.7163e+12 1.5090e+12 0.0000e+00 0.0000e+00 183.29472 78.03 0.16168 0.30199 0.00406 1.70456 -70.64659 207.89574 0.00000 0.00000 0.00000 0.00000 0.00000 0.9438 6.651e+12 3.018e+12
79 80 1.7505e+13 528.37 502.72 639.599 123.215 102 43.17680 17.92541 45.70373 76.97 167.09 -526.01 -8.702e+13 4.614e+13 -1.161e+14 0.03058 123.21481 1.7505e+13 1.7505e+13 1.6901e+13 9.6578e+12 0.0000e+00 146.98070 13.35 0.04043 0.19020 0.01437 -92.55745 6.52429 122.50458 0.22966 0.00474 -51.88270 10.76665 86.38415 0.6512 1.665e+13 1.449e+13
80 72 3.4104e+13 689.45 712.03 798.837 107.176 149 34.64441 5.75555 40.88379 83.57 427.00 -5.67 8.284e+13 1.571e+14 4.027e+13 0.01299 117.29567 3.4104e+13 3.4104e+13 3.1992e+13 2.6559e+13 8.4506e+12 92.04107 13.10 0.01591 0.94054 0.45491 54.97228 -81.91032 86.62185 0.86605 0.42808 8.51183 95.03580 52.85713 0.6654 3.257e+13 2.143e+13
81 76 2.0825e+13 546.25 546.78 677.717 157.907 121 32.97573 14.00904 43.33924 403.86 76.09 -116.48 -1.173e+13 1.404e+14 9.678e+13 0.02824 157.90738 2.0825e+13 2.0825e+13 1.9617e+13 1.2676e+13 4.8289e+12 28.12152 0.00 0.03398 0.71823 0.54929 87.09882 -75.81782 16.86249 0.75373 0.46220 79.15221 -31.84545 -8.35201 0.6114 1.840e+13 1.962e+13
82 85 1.6901e+13 585.35 538.74 632.161 65.247 93 38.16350 9.62164 9.16166 -37.35 345.78 -16.97 1.254e+14 2.056e+13 5.212e+13 0.03711 65.24726 1.6901e+13 1.6901e+13 1.6599e+13 1.4185e+13 3.6217e+12 58.73428 11.42 0.03868 0.67406 0.42381 -77.68330 94.43224 -23.81778 0.68474 0.41898 -68.24261 76.88531 -16.29628 0.5623 1.864e+13 8.451e+12
83 86 9.9596e+12 514.67 408.42 529.993 44.463 50 38.19821 10.42665 9.70568 -253.90 -61.84 -177.23 -1.903e+13 -7.963e+13 -1.108e+13 0.05650 44.46270 9.9596e+12 9.9596e+12 8.7524e+12 7.2434e+12 4.5271e+12 39.00275 19.42 0.05615 0.84818 0.62541 -46.92411 79.57060 -0.10240 0.88590 0.60263 63.10749 -33.46749 -26.33477 0.4928 1.006e+13 4.829e+12
84 82 4.2253e+12 312.14 243.25 398.237 125.928 134 79.06643 25.73255 79.54271 -185.56 -52.61 -27.11 -1.940e+13 -1.911e+13 2.467e+11 0.05491 125.92799 4.2253e+12 4.2253e+12 3.3199e+12 1.2072e+12 0.0000e+00 44.72683 33.87 0.07727 0.47775 0.01286 22.80244 49.43433 161.10887 0.72419 0.16376 -71.18586 70.20756 -68.33406 0.5454 1.241e+13 6.036e+12
85 69 6.6398e+12 398.12 293.18 462.991 69.413 101 81.93359 30.03347 66.96709 -67.21 -78.24 11.83 2.632e+13 -2.244e+13 2.311e+13 0.05269 69.41259 6.6398e+12 6.6398e+12 6.0361e+12 4.2253e+12 0.0000e+00 63.59333 0.00 0.05558 0.64719 0.50907 114.80381 -22.93202 19.85724 0.81460 0.26408 93.56036 -11.52516 8.40938 0.4312 9.485e+12 4.225e+12
86 71 2.9577e+13 674.82 657.64 761.799 97.338 131 66.62191 94.75133 67.01907 -95.05 382.10 -226.41 1.774e+14 -1.010e+12 -1.516e+14 0.02148 97.33755 2.9577e+13 2.9577e+13 2.7163e+13 1.7807e+13 1.0261e+13 62.87512 0.00 0.02585 0.70481 0.41610 116.92482 0.45361 -6.81172 0.66631 0.47302 91.83234 9.50837 5.99036 0.6459 2.528e+13 1.509e+13
87 88 7.8470e+12 395.10 357.55 489.504 112.695 47 69.57439 38.02171 55.38028 -60.71 84.12 87.71 -5.233e+13 5.853e+13 6.522e+13 0.07467 112.69465 7.8470e+12 7.8470e+12 7.5452e+12 3.9235e+12 0.0000e+00 28.61235 22.28 0.10321 0.63554 0.43576 100.24254 89.33088 38.62945 0.64199 0.22820 11.11714 84.20637 76.94510 0.6377 6.863e+12 7.545e+12
88 87 1.7203e+13 570.26 520.74 635.902 76.389 61 69.81893 38.87509 55.75372 -128.89 -287.40 -135.76 8.117e+13 7.651e+13 3.121e+13 0.02938 76.38891 1.7203e+13 1.7203e+13 1.6298e+13 1.3883e+13 3.9235e+12 38.35363 11.39 0.03166 0.66797 0.59047 49.59306 103.68498 -15.12626 0.83762 0.60585 55.10849 72.55704 10.23830 0.5647 1.795e+13 9.054e+12
89 89 1.5090e+12 238.75 218.20 282.546 46.953 39 60.67093 9.02554 86.47382 112.20 122.25 153.28 2.168e+12 1.006e+12 -1.082e+12 0.00950 46.95343 1.5090e+12 1.5090e+12 1.5090e+12 6.0361e+11 0.0000e+00 24.05914 0.00 0.04141 0.22315 0.00000 -43.12226 53.59789 24.32019 0.00000 0.00000 0.00000 0.00000 0.00000 1.0694 4.636e+12 6.036e+11
90 89 9.6578e+12 423.28 331.05 524.584 121.110 88 62.31100 9.25544 89.23090 15.83 154.96 -39.79 1.471e+13 2.896e+13 2.488e+13 0.02736 121.10971 9.6578e+12 9.6578e+12 9.6578e+12 5.4325e+12 1.2072e+12 33.46214 0.00 0.02927 0.65389 0.25358 111.99979 -4.35482 -7.15637 0.34826 0.06757 95.87201 19.05820 13.12407 0.4382 8.763e+12 9.658e+12
91 115 8.7524e+12 592.92 420.81 507.650 21.446 80 96.00724 94.47444 91.53091 -42.26 538.84 345.46 -3.849e+13 8.053e+12 5.915e+12 0.03508 21.44584 8.7524e+12 8.7524e+12 7.8470e+12 6.3380e+12 4.5271e+12 61.82689 0.00 0.03352 0.71166 0.47834 -44.07624 -8.64825 58.65184 0.76624 0.47938 -39.12269 -9.39871 49.43359 0.5100 1.336e+13 3.622e+12
92 130 1.8108e+12 245.24 420.84 300.250 62.821 45 96.94526 96.77783 92.75581 71.26 302.97 400.70 -2.862e+13 -1.308e+13 -2.293e+13 0.64773 62.82074 1.8108e+12 1.8108e+12 1.8108e+12 0.0000e+00 0.0000e+00 95.27140 0.00 0.45355 0.28573 0.00000 -73.05753 85.63017 83.63141 0.00000 0.00000 0.00000 0.00000 0.00000 3.9009 5.061e+12 1.207e+12
93 81 2.1730e+13 603.86 646.14 687.400 91.715 115 86.50832 14.13557 0.08506 -42.60 5.46 90.76 6.723e+12 -1.318e+14 4.995e+12 0.01709 91.71503 2.2334e+13 2.1730e+13 2.0523e+13 1.3581e+13 6.0361e+12 133.30402 16.27 0.02445 0.88715 0.42522 95.57493 -28.34404 -11.32885 0.69220 0.28723 81.38425 -39.84998 -21.63798 0.7510 1.940e+13 1.328e+13
94 90 1.6298e+13 647.19 598.83 624.544 40.476 109 96.70367 24.15074 49.96850 -66.83 -213.03 303.15 -9.155e+13 3.589e+13 2.749e+13 0.02893 40.47554 1.6298e+13 1.6298e+13 1.5090e+13 1.3883e+13 8.1488e+12 32.99178 0.00 0.03054 0.70709 0.64601 -43.27171 85.70126 21.77781 0.70833 0.53071 -30.25164 88.02104 1.09228 0.6306 2.150e+13 6.338e+12
95 91 2.4145e+13 657.97 572.89 711.970 74.141 109 38.49458 83.27391 96.14554 202.56 140.56 48.28 -4.902e+13 -1.190e+14 4.899e+13 0.01897 74.14113 2.4145e+13 2.4145e+13 2.2636e+13 1.2978e+13 5.7343e+12 95.37370 0.00 0.02139 0.68093 0.44160 40.70217 94.93604 57.15668 0.72984 0.45571 -27.11295 80.29034 23.17645 0.5749 2.115e+13 9.658e+12
96 95 1.5694e+13 506.61 481.50 616.737 123.706 109 81.75568 15.11383 1.95887 -175.81 169.31 -21.02 -6.475e+12 -9.994e+13 1.023e+14 0.03761 123.70565 1.5694e+13 1.5996e+13 1.5090e+13 9.6578e+12 0.0000e+00 73.02366 0.00 0.04560 0.76362 0.52886 -73.23663 137.54428 -15.62860 0.58102 0.24897 99.55270 -72.72049 -46.93896 0.5942 1.508e+13 1.358e+13
97 92 5.1307e+12 341.62 209.99 424.862 101.127 38 58.94661 0.70148 62.71889 158.84 22.94 140.33 1.071e+13 2.160e+13 1.040e+13 0.05029 101.12703 5.1307e+12 5.1307e+12 4.8289e+12 6.0361e+11 0.0000e+00 27.21157 0.00 0.05390 0.21094 0.11741 28.87457 -37.26114 153.55273 0.00000 0.00000 0.00000 0.00000 0.00000 0.3083 4.518e+12 4.829e+12
98 93 9.3560e+12 431.81 371.51 519.062 95.324 67 57.15737 0.30760 67.09302 232.03 114.18 6.82 5.091e+13 -4.070e+13 5.191e+13 0.05645 95.32417 9.3560e+12 9.3560e+12 9.0542e+12 5.4325e+12 2.7163e+12 87.42710 0.00 0.06285 0.68573 0.39310 67.31168 41.99057 -67.91364 0.58400 0.43560 66.28936 23.51634 -24.15646 0.5201 8.223e+12 7.243e+12
99 96 1.2978e+13 489.63 429.44 578.879 95.623 98 2.03690 18.21453 53.38929 -121.70 295.10 -130.40 7.494e+12 -3.474e+13 -2.520e+12 0.01425 95.62257 1.2978e+13 1.2978e+13 1.2676e+13 7.5452e+12 3.3199e+12 58.41682 0.00 0.01558 0.72177 0.21598 -9.64511 101.72720 41.58013 0.39173 0.13913 -22.58083 73.40171 65.43436 0.5297 1.148e+13 9.054e+12
100 37 1.2072e+13 514.83 425.38 565.091 62.890 97 60.49181 28.27809 86.50354 265.98 -206.16 185.29 -5.066e+13 -8.936e+13 -6.411e+13 0.05557 62.88967 1.2072e+13 1.2072e+13 1.1167e+13 7.8470e+12 1.8108e+12 81.32520 7.79 0.05972 0.82659 0.49802 -13.10497 -32.16105 106.51875 0.69332 0.54714 -40.57633 29.06229 77.85598 0.5227 1.277e+13 6.640e+12
101 40 2.1127e+12 253.99 233.58 316.081 75.664 48 51.50819 40.43446 48.92432 136.37 54.24 -126.76 -2.657e+12 5.558e+12 8.298e+11 0.01395 75.66367 2.1127e+12 2.1127e+12 9.0542e+11 0.0000e+00 0.0000e+00 137.89708 0.00 0.05599 0.45628 0.10499 75.36710 189.33815 44.54516 0.00000 0.00000 0.00000 0.00000 0.00000 1.0815 9.220e+12 2.113e+12
102 41 7.8470e+12 383.61 322.54 489.504 155.125 48 51.77810 41.66383 48.26842 119.39 -361.81 -41.60 -3.133e+13 2.992e+13 -3.276e+13 0.04195 155.12498 7.8470e+12 7.8470e+12 6.0361e+12 3.3199e+12 0.0000e+00 121.00865 19.58 0.05493 0.24152 0.12274 28.50169 75.39910 129.61664 0.14695 0.07115 23.57812 83.23807 122.13715 0.5526 9.362e+12 7.847e+12
103 98 6.9416e+12 376.00 271.42 469.903 116.954 95 90.30012 90.16885 23.13392 15.87 346.43 -17.29 1.853e+12 1.725e+13 1.813e+12 0.01781 116.95360 6.9416e+12 6.9416e+12 6.0361e+12 6.0361e+11 0.0000e+00 46.43890 20.22 0.02164 0.80192 0.73473 100.35909 53.00211 -88.52911 0.00000 0.00000 0.00000 0.00000 0.00000 0.4695 8.206e+12 6.942e+12
104 100 5.4325e+12 335.76 334.74 433.035 172.017 90 53.62242 55.85251 36.96906 -119.62 -71.37 119.59 8.132e+11 -2.030e+13 2.725e+13 0.01600 172.01749 5.4325e+12 5.4325e+12 2.7163e+12 3.0181e+11 0.0000e+00 91.29668 127.18 0.06344 0.21645 0.01679 199.70885 16.78862 76.49111 0.00000 0.00000 0.00000 0.00000 0.00000 1.0586 9.644e+12 9.054e+12
105 8 9.0542e+12 428.17 388.08 513.419 92.758 88 27.77062 12.18842 4.83645 -191.92 30.63 200.43 -1.106e+13 -6.097e+11 1.771e+13 0.01304 92.75787 9.3560e+12 9.0542e+12 8.1488e+12 4.8289e+12 0.0000e+00 25.22043 0.00 0.01664 0.28941 0.09399 104.17012 -62.38381 55.59361 0.56095 0.31944 67.77940 -38.91910 16.76691 0.6000 8.660e+12 6.942e+12
106 84 9.0542e+12 517.13 420.72 513.419 37.146 87 87.66148 52.43739 70.78013 -212.24 -395.33 -210.21 -4.103e+13 3.196e+13 -7.292e+12 0.04349 37.14579 9.0542e+12 9.0542e+12 8.4506e+12 7.8470e+12 3.9235e+12 26.09883 0.00 0.04184 0.92555 0.58274 15.54524 44.48298 66.86497 0.57804 0.39779 -3.76893 56.59611 58.83234 0.5070 1.034e+13 3.923e+12
107 106 1.0865e+13 493.66 416.59 545.590 62.750 85 21.89055 13.69792 29.88167 253.78 35.12 -95.47 1.626e+12 9.356e+13 5.101e+13 0.06038 62.75041 1.0865e+13 1.0865e+13 1.0563e+13 8.1488e+12 3.3199e+12 84.99962 0.00 0.06265 0.85805 0.48139 19.81019 -28.71069 98.97181 0.53868 0.25951 33.67759 7.76086 80.67635 0.5106 1.112e+13 5.433e+12
108 104 1.7203e+13 564.95 564.66 635.902 80.053 83 38.13565 52.21443 42.81897 223.39 -85.32 -40.38 -7.379e+13 -3.485e+13 5.219e+13 0.02331 80.05331 1.7203e+13 1.7203e+13 1.7203e+13 1.2374e+13 5.7343e+12 38.01313 0.00 0.02648 0.69551 0.33546 -62.90099 88.55379 -24.80358 0.95318 0.26961 -41.54456 76.50540 -6.02123 0.6265 1.683e+13 1.056e+13
109 18 1.8108e+12 240.21 278.44 300.250 74.861 82 76.29195 57.25579 50.54038 -593.11 137.59 82.79 1.111e+13 -1.027e+12 1.710e+13 0.16359 74.86103 1.8108e+12 1.8108e+12 1.5090e+12 3.0181e+11 0.0000e+00 110.08351 0.00 0.23779 0.73612 0.03338 86.58855 3.94623 -3.83563 0.00000 0.00000 0.00000 0.00000 0.00000 1.6565 9.666e+12 1.811e+12
110 108 2.7163e+12 269.68 162.04 343.700 106.971 29 3.03742 96.70856 1.90734 -50.10 722.10 20.82 3.101e+12 2.007e+12 8.118e+12 0.03895 106.97095 2.7163e+12 2.7163e+12 1.2072e+12 6.0361e+11 0.0000e+00 84.31786 37.08 0.05285 0.25343 0.09035 36.17683 141.71756 -30.31638 0.00000 0.00000 0.00000 0.00000 0.00000 0.4196 3.815e+12 4.225e+12
111 108 9.3560e+12 447.55 362.45 519.062 76.637 52 3.33074 99.69350 1.26613 -192.44 550.09 -75.42 -2.148e+13 -5.212e+13 -1.841e+13 0.03765 76.63657 9.3560e+12 9.3560e+12 9.0542e+12 5.4325e+12 0.0000e+00 67.28466 35.97 0.04473 0.61044 0.46721 -28.00197 -98.89802 121.40987 0.79200 0.27715 -62.86332 -64.62430 83.44464 0.5438 9.370e+12 5.433e+12
112 101 3.0181e+12 286.10 234.27 355.985 85.095 49 71.69483 32.34649 5.38751 26.95 -592.41 265.68 7.376e+11 1.592e+12 -1.181e+12 0.00736 85.09509 3.0181e+12 3.0181e+12 2.1127e+12 1.5090e+12 0.0000e+00 54.31558 0.00 0.01051 0.63108 0.19164 91.94542 -55.19482 -16.40714 0.45552 0.22413 77.21141 19.02875 26.04517 0.5900 5.761e+12 3.018e+12
113 102 3.6217e+12 340.05 276.91 378.291 44.912 32 73.38961 31.53197 6.61722 -237.20 -492.71 -27.59 -3.608e+12 -2.072e+13 5.996e+11 0.05349 44.91181 3.6217e+12 3.6217e+12 3.6217e+12 2.4145e+12 0.0000e+00 73.32845 0.00 0.07720 0.21498 0.00000 76.18731 79.05407 -22.71896 0.63887 0.05088 81.45434 41.78276 15.78000 0.6437 4.799e+12 1.509e+12
114 107 1.4185e+13 478.32 419.57 596.300 145.032 81 5.22809 12.78992 10.90667 -120.92 -118.90 -281.79 3.209e+13 1.024e+12 2.079e+13 0.01235 145.03249 1.4185e+13 1.4185e+13 1.2072e+13 7.2434e+12 2.4145e+12 71.13734 0.00 0.01442 0.54731 0.23740 112.40097 21.97708 53.54403 0.40490 0.09805 74.68343 20.69562 49.20617 0.5314 1.285e+13 1.388e+13
115 103 1.9014e+13 583.55 543.14 657.474 83.177 80 51.92208 52.73639 39.67048 185.29 -87.45 -134.48 -3.625e+13 -8.510e+13 -7.604e+12 0.01898 83.17725 1.9014e+13 1.9014e+13 1.8108e+13 1.2676e+13 6.0361e+12 34.02087 0.00 0.02147 0.70140 0.59047 54.84325 70.77554 -68.77934 0.64295 0.38499 -55.13773 -54.65873 63.26109 0.5960 1.731e+13 1.177e+13
116 109 4.2253e+12 314.59 261.34 398.237 113.493 77 41.75761 29.70328 75.58497 262.12 97.86 -266.12 1.251e+13 2.046e+13 2.098e+12 0.03459 113.49331 4.2253e+12 4.2253e+12 2.1127e+12 0.0000e+00 0.0000e+00 25.50311 0.00 0.06830 0.04842 0.00000 167.46240 184.08546 -87.08896 0.00000 0.00000 0.00000 0.00000 0.00000 0.7393 5.128e+12 4.527e+12
117 105 2.1127e+13 577.40 558.72 680.975 110.831 77 65.72708 91.81499 27.26603 160.31 315.16 54.53 -2.217e+13 -2.596e+13 -1.383e+13 0.00627 110.83109 2.1127e+13 2.1127e+13 1.9919e+13 1.3581e+13 5.4325e+12 65.85159 0.00 0.00715 0.70298 0.26295 4.03766 33.16964 115.32442 0.60588 0.23664 5.01746 25.91704 99.37618 0.5945 2.010e+13 1.418e+13
118 99 3.3199e+12 286.17 190.35 367.476 130.092 77 57.56990 30.24146 27.82943 -40.31 -125.04 312.93 1.046e+13 2.128e+12 1.871e+13 0.06467 130.09166 3.3199e+12 3.3199e+12 2.4145e+12 3.0181e+11 0.0000e+00 49.45662 24.78 0.09135 0.69608 0.27509 62.45722 -102.16131 118.85197 0.00000 0.00000 0.00000 0.00000 0.00000 0.4638 6.164e+12 5.433e+12
119 116 6.0361e+12 366.03 320.46 448.513 94.464 75 70.95192 25.68197 3.88390 174.17 -466.97 58.08 -4.907e+13 -2.703e+13 -2.322e+13 0.05872 94.46376 6.0361e+12 6.0361e+12 5.7343e+12 6.0361e+11 0.0000e+00 38.05681 0.00 0.09496 0.61028 0.06831 107.92669 141.93205 11.95289 0.00000 0.00000 0.00000 0.00000 0.00000 0.6865 9.297e+12 5.433e+12
120 111 8.1488e+12 424.43 322.92 495.701 76.159 74 86.20250 70.72286 9.85418 -289.50 253.29 127.10 -2.155e+13 -7.137e+12 -2.355e+13 0.02772 76.15901 8.1488e+12 8.1488e+12 7.8470e+12 6.0361e+12 0.0000e+00 30.59265 17.57 0.03107 0.83669 0.48517 55.29204 -64.57610 93.31841 0.10157 0.00000 57.54661 31.84035 -19.93258 0.4801 7.852e+12 6.036e+12
121 136 9.6578e+12 414.97 339.88 524.584 147.120 72 61.64046 41.95058 69.05251 -46.35 -195.77 -376.72 -3.159e+13 1.783e+13 1.369e+12 0.01622 147.11990 9.6578e+12 9.6578e+12 8.4506e+12 0.0000e+00 0.0000e+00 211.70459 0.00 0.02597 0.22012 0.03822 -36.42244 -71.20712 278.77951 0.00000 0.00000 0.00000 0.00000 0.00000 0.6527 8.622e+12 1.087e+13
122 114 5.1307e+12 407.35 265.25 424.862 37.612 69 97.38261 23.65384 53.09515 -86.66 -28.73 -80.34 2.268e+13 -1.054e+12 2.625e+13 0.08156 37.61208 5.1307e+12 5.1307e+12 4.5271e+12 4.5271e+12 1.8108e+12 47.79416 29.03 0.07125 0.83369 0.61663 33.55900 66.43626 -24.85339 0.88059 0.70332 32.83556 60.42130 -35.74781 0.3261 8.435e+12 2.414e+12
123 112 5.4325e+12 366.02 254.06 433.035 71.837 67 72.84473 78.49078 17.16151 -226.43 214.53 83.04 2.183e+13 -7.325e+12 -3.037e+12 0.04129 71.83735 5.4325e+12 5.4325e+12 5.1307e+12 3.0181e+12 0.0000e+00 41.41460 0.00 0.04334 0.08319 0.04075 74.53403 133.96754 76.62390 0.15418 0.06524 53.44642 87.03709 58.44595 0.3943 5.245e+12 3.622e+12
124 122 1.8108e+12 235.40 163.13 300.250 94.572 27 40.90491 0.66575 23.52818 333.43 332.78 11.76 7.044e+10 5.773e+12 -1.152e+12 0.02856 94.57155 1.8108e+12 1.8108e+12 1.2072e+12 3.0181e+11 0.0000e+00 60.69185 85.07 0.06857 0.85068 0.41848 98.53967 -86.48476 -12.87478 0.00000 0.00000 0.00000 0.00000 0.00000 0.7714 3.336e+12 2.113e+12
125 121 5.1307e+12 388.57 264.24 424.862 46.432 39 42.86001 0.61383 23.11617 -11.78 297.35 67.70 -6.193e+12 -7.606e+12 -1.471e+13 0.03688 46.43173 5.1307e+12 5.1307e+12 5.1307e+12 4.2253e+12 1.2072e+12 16.14824 0.00 0.03629 0.85060 0.23359 94.01972 -34.93293 -12.82631 0.65063 0.03843 -72.91574 86.32241 2.37433 0.3864 5.325e+12 2.414e+12
126 124 4.5271e+12 340.97 259.17 407.501 72.045 63 24.77819 58.23505 25.06928 255.46 -39.57 145.61 -4.755e+12 -7.042e+12 -9.989e+12 0.02784 72.04515 4.5271e+12 5.1307e+12 3.9235e+12 2.1127e+12 0.0000e+00 38.79349 12.83 0.03317 0.48481 0.12500 83.93767 63.69934 -62.81402 0.24147 0.06921 85.84996 75.46812 -2.25971 0.4903 6.685e+12 3.320e+12
127 128 9.3560e+12 502.31 386.13 519.062 44.184 61 36.60081 27.55069 50.45641 438.65 -152.63 -132.32 1.276e+13 8.585e+12 -3.305e+13 0.02553 44.18359 9.3560e+12 9.3560e+12 9.3560e+12 5.1307e+12 4.2253e+12 52.50278 0.00 0.02749 0.72894 0.48455 -17.57956 89.51292 -55.98897 0.44839 0.11030 61.10284 48.07900 26.79946 0.5243 9.369e+12 4.225e+12
128 125 6.0361e+11 195.26 0.00 208.181 20.278 60 29.71919 25.64477 15.88132 123.98 -349.07 -105.48 0.000e+00 0.000e+00 0.000e+00 0.00000 20.27831 6.0361e+11 6.0361e+11 6.0361e+11 6.0361e+11 0.0000e+00 36.61398 0.00 0.00000 0.00000 0.00000 0.00000 0.00000 0.00000 0.00000 0.00000 0.00000 0.00000 0.00000 0.0000 3.877e+12 3.018e+11
129 120 6.0361e+12 380.24 263.01 448.513 73.059 59 1.14386 25.06888 70.99418 -515.77 -10.54 -3.58 -2.397e+13 -2.660e+13 -1.987e+13 0.05926 73.05920 6.0361e+12 6.0361e+12 5.7343e+12 2.4145e+12 0.0000e+00 57.18026 20.06 0.06413 0.98694 0.31050 73.70903 -76.84016 -80.06231 0.59361 0.35412 -73.48518 -45.92181 68.57539 0.4043 6.499e+12 3.622e+12
130 117 6.6398e+12 385.58 301.99 462.991 84.406 59 71.80164 65.04143 53.84479 117.30 -185.38 -758.67 5.842e+13 -5.280e+13 -2.907e+11 0.09139 84.40607 6.6398e+12 6.6398e+12 6.6398e+12 4.2253e+12 0.0000e+00 29.31740 0.00 0.10519 0.31494 0.11541 18.95895 -37.11644 132.56358 0.75850 0.06194 43.63628 -25.09151 80.44294 0.4759 6.364e+12 5.131e+12
131 126 9.9596e+12 584.91 480.48 529.993 27.254 59 96.31339 28.54644 63.87254 -124.38 98.80 87.10 -1.700e+12 -3.884e+13 1.341e+13 0.02940 27.25426 9.9596e+12 9.9596e+12 9.9596e+12 9.0542e+12 5.7343e+12 25.52235 0.00 0.02795 0.88807 0.71094 64.00092 17.80207 42.55112 0.82617 0.62105 60.37844 4.99065 42.56112 0.5519 1.381e+13 3.018e+12
132 127 1.5090e+12 226.10 154.40 282.546 70.284 58 71.14754 24.31712 84.41683 -26.27 -127.19 103.58 7.060e+12 -8.136e+12 -2.013e+12 0.08899 70.28434 1.5090e+12 1.5090e+12 1.2072e+12 6.0361e+11 0.0000e+00 64.97134 64.51 0.17296 0.27680 0.13443 -49.60009 -81.27707 123.38402 0.00000 0.00000 0.00000 0.00000 0.00000 0.6445 4.886e+12 1.509e+12
133 131 1.2072e+12 208.31 131.74 262.292 70.404 55 70.56413 85.11965 41.10286 -414.97 92.14 80.79 1.137e+12 -6.970e+12 -3.960e+11 0.05479 70.40380 1.2072e+12 1.2072e+12 6.0361e+11 6.0361e+11 0.0000e+00 79.30505 129.91 0.16192 0.24341 0.00000 61.19856 79.54238 -65.91245 0.00000 0.00000 0.00000 0.00000 0.00000 1.2234 2.755e+12 1.207e+12
134 -1 2.7163e+12 273.33 248.25 343.700 90.958 55 71.83281 15.57189 1.92309 316.90 477.05 122.53 -1.095e+13 -1.367e+12 2.397e+12 0.01828 90.95787 2.7163e+12 2.7163e+12 2.4145e+12 0.0000e+00 0.0000e+00 85.22546 0.00 0.06693 0.10598 0.00000 115.54203 83.67529 124.57909 0.00000 0.00000 0.00000 0.00000 0.00000 0.9165 5.940e+12 2.716e+12
135 129 2.1127e+12 255.50 167.56 316.081 71.874 53 88.04757 49.39520 54.08494 -165.19 -293.60 222.46 2.212e+12 -1.020e+13 4.917e+11 0.05963 71.87440 2.1127e+12 2.1127e+12 2.1127e+12 0.0000e+00 0.0000e+00 65.52085 0.00 0.09415 0.09276 0.00000 164.50525 67.26281 94.76218 0.00000 0.00000 0.00000 0.00000 0.00000 0.5210 3.102e+12 1.811e+12
136 138 8.4506e+12 408.40 292.80 501.747 107.850 50 54.62691 38.27860 52.99617 -228.24 -8.52 -86.27 -2.118e+13 2.943e+12 3.164e+13 0.03186 107.85049 8.4506e+12 8.4506e+12 7.5452e+12 4.2253e+12 0.0000e+00 20.57320 32.79 0.03413 0.56433 0.43207 -69.22528 -79.48442 88.48689 0.12874 0.02167 97.61550 51.68306 -86.43008 0.4092 7.332e+12 7.545e+12
137 140 5.7343e+12 355.52 270.62 440.910 102.378 50 46.11316 93.46366 75.99136 192.47 90.24 2.96 8.726e+12 9.369e+11 1.717e+13 0.02579 102.37836 5.7343e+12 5.7343e+12 5.4325e+12 2.1127e+12 0.0000e+00 27.69299 0.00 0.03289 0.72099 0.14356 111.42957 -7.80077 91.55547 0.78704 0.47432 -36.72284 -5.46750 65.38517 0.5241 6.933e+12 5.433e+12
138 137 7.2434e+12 439.54 330.82 476.616 50.113 49 70.91821 25.95650 19.07974 -261.93 -34.07 -143.27 1.793e+12 1.804e+13 -2.163e+13 0.03239 50.11309 7.2434e+12 7.2434e+12 7.2434e+12 6.0361e+12 1.2072e+12 15.76211 0.00 0.03262 0.76267 0.34967 -81.99232 91.11987 43.68253 0.60335 0.27424 -50.94977 85.11458 30.62512 0.4520 8.053e+12 3.923e+12
139 142 1.8108e+12 235.81 129.82 300.250 92.233 49 44.29601 21.09677 41.27789 48.83 -110.56 159.41 -4.798e+12 9.363e+11 -4.087e+11 0.04100 92.23307 1.8108e+12 1.8108e+12 1.2072e+12 0.0000e+00 0.0000e+00 46.38923 40.92 0.05714 0.28119 0.00000 107.25069 85.24296 -78.42609 0.00000 0.00000 0.00000 0.00000 0.00000 0.3609 3.393e+12 2.113e+12
140 139 3.9235e+12 301.00 193.24 388.520 159.451 48 57.08234 48.97615 16.16549 -49.60 -153.07 246.01 2.284e+12 -3.598e+12 1.541e+12 0.01208 159.45128 3.9235e+12 3.9235e+12 3.0181e+12 3.0181e+11 0.0000e+00 25.19801 33.91 0.01455 0.85374 0.21951 76.31855 86.50951 74.62847 0.00000 0.00000 0.00000 0.00000 0.00000 0.3793 5.707e+12 6.338e+12
141 34 6.0361e+11 171.17 0.00 208.181 41.466 47 59.83882 32.96755 31.11719 -478.02 -708.92 143.17 1.720e+12 2.093e+12 -1.766e+12 0.42381 41.46580 6.0361e+11 6.0361e+11 6.0361e+11 3.0181e+11 0.0000e+00 112.31651 428.24 0.23507 0.00000 0.00000 0.00000 0.00000 0.00000 0.00000 0.00000 0.00000 0.00000 0.00000 0.0000 5.161e+12 3.018e+11
142 132 2.7163e+12 271.87 253.73 343.700 96.462 47 41.58464 22.64100 13.59406 29.13 -250.14 144.96 5.348e+12 -1.194e+12 -9.875e+12 0.02891 96.46218 2.7163e+12 2.7163e+12 2.1127e+12 1.2072e+12 0.0000e+00 69.32256 0.00 0.06692 0.46848 0.07876 87.89682 88.31499 61.43453 0.92112 0.28476 39.65058 78.41214 39.74445 0.8238 4.227e+12 3.320e+12
143 69 1.2072e+12 202.97 110.69 262.292 116.835 46 75.79424 32.16695 62.06159 46.90 -115.87 -33.02 2.412e+12 6.089e+12 -3.951e+12 0.08053 116.83450 1.2072e+12 1.2072e+12 0.0000e+00 0.0000e+00 0.0000e+00 65.43022 65.30 0.17510 0.33414 0.00000 103.16825 -85.33401 110.94876 0.00000 0.00000 0.00000 0.00000 0.00000 0.5328 3.913e+12 3.320e+12
144 134 1.0865e+13 464.17 426.59 545.590 87.018 46 79.11800 9.80613 62.33754 -100.89 184.59 30.56 2.785e+12 -1.882e+13 -7.690e+12 0.01054 87.01804 1.0865e+13 1.0865e+13 1.0563e+13 7.2434e+12 2.4145e+12 81.59521 12.59 0.01206 0.94012 0.56452 68.06933 -63.58971 61.53196 0.65195 0.59229 -8.21148 -45.04172 78.06747 0.5691 1.045e+13 7.545e+12
145 143 9.0542e+11 185.97 198.05 238.308 80.943 44 46.71317 30.44890 73.60035 -94.38 -37.45 -119.85 -5.152e+12 2.841e+11 -8.855e+12 0.40554 80.94313 9.0542e+11 9.0542e+11 0.0000e+00 0.0000e+00 0.0000e+00 187.67114 180.12 0.37894 0.00000 0.00000 0.00000 0.00000 0.00000 0.00000 0.00000 0.00000 0.00000 0.00000 5.2154 3.945e+12 1.509e+12
146 83 2.4145e+12 257.89 174.29 330.467 112.234 43 86.94914 49.09243 71.40265 -26.38 -262.66 -208.87 -6.130e+12 -2.614e+11 2.935e+12 0.03263 112.23404 2.4145e+12 2.4145e+12 1.8108e+12 1.2072e+12 0.0000e+00 70.48623 74.07 0.04904 0.57441 0.00328 -8.56840 137.08459 -1.62713 0.86370 0.00000 32.24804 72.77990 -53.68608 0.5303 5.269e+12 3.018e+12
147 118 9.0542e+11 208.43 146.47 238.308 32.542 43 59.36055 83.18661 33.86349 304.12 -10.45 30.64 4.352e+11 3.973e+12 1.854e+12 0.05641 32.54168 9.0542e+11 9.0542e+11 9.0542e+11 3.0181e+11 0.0000e+00 86.60024 0.00 0.16291 0.00000 0.00000 0.00000 0.00000 0.00000 0.00000 0.00000 0.00000 0.00000 0.00000 1.3895 4.476e+12 3.018e+11
148 151 1.8108e+12 264.18 131.43 300.250 39.728 41 62.47783 75.98355 31.78567 -40.62 -1.88 10.17 -2.344e+12 3.637e+12 6.342e+12 0.06785 39.72772 1.8108e+12 1.8108e+12 1.5090e+12 1.2072e+12 0.0000e+00 92.70021 53.11 0.08942 0.39068 0.09716 -64.58089 94.91647 45.26731 0.53871 0.18967 -44.69200 107.97559 35.74075 0.3769 4.110e+12 1.207e+12
149 145 1.5090e+12 230.40 142.42 282.546 59.875 41 25.19567 38.98705 29.17016 259.01 -192.00 57.94 -4.147e+12 -2.491e+12 -7.689e+11 0.03869 59.87481 1.5090e+12 1.5090e+12 1.5090e+12 0.0000e+00 0.0000e+00 79.91521 0.00 0.07730 0.81619 0.27918 -45.18312 144.86870 53.24739 0.00000 0.00000 0.00000 0.00000 0.00000 0.5983 4.143e+12 9.054e+11
150 94 9.0542e+11 189.38 107.94 238.308 63.544 40 79.92952 74.55488 56.60170 -433.44 -102.52 -241.95 -3.050e+12 3.522e+12 2.201e+12 0.14923 63.54377 9.0542e+11 9.0542e+11 3.0181e+11 0.0000e+00 0.0000e+00 130.36523 164.16 0.19054 0.00000 0.00000 0.00000 0.00000 0.00000 0.00000 0.00000 0.00000 0.00000 0.00000 3.5793 4.741e+12 9.054e+11
151 147 4.2253e+12 313.08 190.19 398.237 120.615 38 99.13902 17.01220 78.38806 11.08 299.68 185.13 -2.161e+13 -1.750e+13 1.586e+13 0.08196 120.61453 4.2253e+12 4.2253e+12 3.6217e+12 9.0542e+11 0.0000e+00 30.42969 24.15 0.09084 0.71716 0.41034 -135.00841 151.71707 13.46815 0.62219 0.15946 -17.81365 85.43237 -62.02705 0.3251 4.737e+12 4.829e+12
152 141 2.1127e+12 269.68 136.87 316.081 49.570 37 85.98217 22.78548 96.81230 29.16 -364.25 115.62 2.078e+12 1.265e+12 -1.381e+13 0.11492 49.57000 2.1127e+12 2.1127e+12 2.1127e+12 1.2072e+12 0.0000e+00 25.32575 0.00 0.12631 0.23509 0.03972 96.72542 5.74039 26.67466 0.37168 0.08889 47.46913 -17.15815 39.46370 0.2531 4.708e+12 1.509e+12
153 183 2.7163e+12 284.54 136.55 343.700 65.226 36 2.97760 12.48467 9.39834 -31.91 -135.36 -172.40 4.649e+12 -6.952e+12 6.203e+12 0.05134 65.22616 2.7163e+12 4.8289e+12 2.7163e+12 0.0000e+00 0.0000e+00 59.44774 0.00 0.06170 0.35899 0.07810 -70.01742 40.28052 110.78695 0.00000 0.00000 0.00000 0.00000 0.00000 0.2862 4.939e+12 1.811e+12
154 152 3.6217e+12 323.40 185.91 378.291 58.641 35 47.36108 45.43658 77.81175 -34.32 -218.82 -105.67 3.930e+12 8.984e+11 -3.414e+12 0.01824 58.64101 3.6217e+12 3.6217e+12 3.6217e+12 2.1127e+12 0.0000e+00 34.30912 34.98 0.01938 0.54255 0.12540 2.34474 124.06396 -83.56400 0.69390 0.25606 6.37977 110.08648 -61.99240 0.3218 3.870e+12 2.113e+12
155 149 1.5090e+12 225.81 113.49 282.546 71.138 35 50.25463 63.77659 14.30004 123.41 -16.68 226.65 -1.988e+12 3.095e+12 3.715e+12 0.05322 71.13796 1.5090e+12 1.5090e+12 9.0542e+11 3.0181e+11 0.0000e+00 116.86326 41.66 0.08252 0.86888 0.29615 49.41693 -35.65768 44.48287 0.00000 0.00000 0.00000 0.00000 0.00000 0.3840 3.982e+12 1.509e+12
156 154 2.4145e+12 260.96 185.47 330.467 94.588 34 73.92720 32.26059 55.44078 -96.48 63.98 162.74 -1.381e+12 1.726e+11 -5.448e+12 0.01057 94.58767 2.4145e+12 2.4145e+12 1.2072e+12 0.0000e+00 0.0000e+00 30.93097 118.53 0.04055 0.29772 0.01082 157.69460 109.98207 26.03005 0.00000 0.00000 0.00000 0.00000 0.00000 0.9141 3.172e+12 2.716e+12
157 159 1.8108e+12 265.08 119.47 300.250 39.032 34 93.08788 97.15324 13.18410 10.23 342.32 55.58 2.279e+12 -6.467e+11 2.818e+12 0.03867 39.03207 1.8108e+12 1.8108e+12 1.5090e+12 1.5090e+12 0.0000e+00 111.51691 6.89 0.04288 0.63980 0.28796 78.64835 97.32726 -21.60908 0.21053 0.00000 -9.93416 72.48032 -63.19938 0.2183 3.899e+12 9.054e+11
158 52 6.6398e+12 400.67 316.48 462.991 66.973 34 48.41639 28.65409 46.71049 -234.19 11.26 -431.50 -3.299e+10 2.360e+12 1.744e+13 0.02234 66.97335 6.6398e+12 6.6398e+12 6.0361e+12 4.5271e+12 2.1127e+12 20.86811 0.00 0.02351 0.46327 0.16395 24.28189 -12.66101 83.80139 0.41932 0.09052 21.47163 -12.35879 67.42066 0.4732 6.252e+12 4.527e+12
159 -1 3.0181e+12 278.47 341.65 355.985 116.034 33 66.28828 93.35537 26.46432 144.49 74.78 77.22 -1.214e+13 -8.609e+12 -8.209e+12 0.06180 116.03434 3.3199e+12 3.0181e+12 3.0181e+11 0.0000e+00 0.0000e+00 19.78410 65.25 0.08451 0.52825 0.08699 -11.81171 145.35861 -85.64500 0.00000 0.00000 0.00000 0.00000 0.00000 1.5853 4.261e+12 3.320e+12
160 153 1.2072e+12 221.30 139.79 262.292 43.998 32 1.99999 0.13510 4.60296 30.23 447.14 -70.40 -5.823e+12 2.129e+12 -4.880e+12 0.08449 43.99822 1.2072e+12 1.2072e+12 1.2072e+12 6.0361e+11 0.0000e+00 44.96135 0.00 0.18062 0.26733 0.10235 -75.63531 26.81741 119.87817 0.00000 0.00000 0.00000 0.00000 0.00000 0.6177 3.560e+12 6.036e+11
161 161 1.2072e+12 217.44 145.00 262.292 49.323 32 56.83078 55.87271 24.95681 -40.40 -145.13 188.31 2.491e+12 2.558e+12 -2.617e+12 0.02910 49.32325 1.2072e+12 1.2072e+12 1.2072e+12 0.0000e+00 0.0000e+00 107.83828 0.00 0.10135 0.52996 0.19809 35.04447 155.80830 12.13310 0.00000 0.00000 0.00000 0.00000 0.00000 0.8315 3.213e+12 6.036e+11
162 177 1.2072e+12 209.41 102.41 262.292 66.714 31 1.33558 12.28647 9.03641 153.57 -95.73 -140.32 3.799e+12 3.598e+12 -1.056e+12 0.06212 66.71393 1.2072e+12 1.2072e+12 9.0542e+11 3.0181e+11 0.0000e+00 94.74865 65.41 0.12221 0.91109 0.51455 30.46995 68.24106 41.69660 0.00000 0.00000 0.00000 0.00000 0.00000 0.4925 3.546e+12 1.207e+12
163 158 2.7163e+12 271.16 187.19 343.700 99.484 31 52.87562 90.46593 67.77665 138.33 193.42 55.56 2.970e+12 -3.372e+11 1.072e+13 0.04008 99.48375 2.7163e+12 2.7163e+12 2.1127e+12 0.0000e+00 0.0000e+00 41.65104 34.53 0.06597 0.26111 0.08418 -27.80565 128.84872 170.93724 0.00000 0.00000 0.00000 0.00000 0.00000 0.5815 2.884e+12 2.716e+12
164 166 3.0181e+12 277.22 156.79 355.985 126.031 31 23.16547 31.99607 54.31807 210.57 -10.33 79.94 8.645e+12 -1.889e+13 3.290e+12 0.08802 126.03086 3.0181e+12 3.0181e+12 2.1127e+12 6.0361e+11 0.0000e+00 157.80772 16.50 0.10456 0.29454 0.02355 12.64209 -50.18405 92.74553 0.00000 0.00000 0.00000 0.00000 0.00000 0.2936 3.975e+12 4.527e+12
165 -1 1.2072e+12 209.99 155.85 262.292 64.961 31 48.79140 18.35204 44.80843 -8.07 5.84 -355.68 7.340e+12 -9.454e+11 -6.973e+11 0.00654 64.96053 1.2072e+12 1.2072e+12 9.0542e+11 3.0181e+11 0.0000e+00 34.53141 77.76 0.17018 0.12684 0.00000 -0.44692 -40.76809 131.42293 0.00000 0.00000 0.00000 0.00000 0.00000 1.0028 2.517e+12 1.207e+12
166 135 3.6217e+12 295.50 197.78 378.291 126.333 31 19.40718 12.59384 45.00825 382.68 45.53 -78.27 2.325e+12 9.858e+12 -5.563e+12 0.02945 126.33332 3.6217e+12 3.6217e+12 2.4145e+12 0.0000e+00 0.0000e+00 51.11652 31.63 0.04239 0.48555 0.34906 126.89668 50.79597 -113.79619 0.00000 0.00000 0.00000 0.00000 0.00000 0.4780 5.087e+12 5.433e+12
167 156 4.2253e+12 313.85 216.67 398.237 116.826 30 1.34676 93.15984 15.70034 -287.25 489.41 -162.28 -8.398e+12 -1.469e+12 -2.510e+13 0.05674 116.82645 4.2253e+12 4.2253e+12 3.9235e+12 1.2072e+12 0.0000e+00 43.32549 0.00 0.07521 0.16132 0.05427 1.42255 -81.46516 93.37844 0.60190 0.36521 -36.20689 111.09872 -28.95040 0.4746 3.980e+12 4.829e+12
168 148 1.2072e+12 215.95 169.88 262.292 51.748 29 95.57760 28.60456 70.57236 -92.14 -127.89 -160.50 3.181e+12 4.662e+12 -6.309e+12 0.03188 51.74760 1.2072e+12 1.2072e+12 1.2072e+12 0.0000e+00 0.0000e+00 71.92516 0.00 0.19379 0.77573 0.50428 -62.81372 111.84986 -33.62732 0.00000 0.00000 0.00000 0.00000 0.00000 1.0518 2.929e+12 9.054e+11
169 164 1.5090e+12 246.17 109.01 282.546 39.387 29 70.18927 82.59673 12.03451 -64.32 184.26 243.00 1.011e+12 -2.602e+11 -1.682e+12 0.02313 39.38741 1.5090e+12 1.5090e+12 1.5090e+12 0.0000e+00 0.0000e+00 59.82413 0.00 0.03124 0.77907 0.46983 -32.24342 -76.33077 86.56026 0.00000 0.00000 0.00000 0.00000 0.00000 0.2742 4.513e+12 3.018e+11
170 160 1.5090e+12 234.88 125.27 282.546 52.138 27 5.52022 14.95470 92.74454 -6.03 -165.78 32.55 -5.658e+12 2.932e+12 -7.771e+11 0.06886 52.13837 1.5090e+12 1.5090e+12 1.2072e+12 9.0542e+11 0.0000e+00 47.12106 62.43 0.10132 0.68731 0.08619 3.22660 -36.49129 97.04034 0.56933 0.00000 -25.16003 96.81420 -65.52818 0.4310 3.325e+12 1.207e+12
171 -1 1.5090e+12 241.29 348.28 282.546 44.077 27 23.37788 30.29329 63.95454 269.35 -142.40 -177.52 5.578e+12 4.000e+11 -7.761e+12 0.17456 44.07675 1.5090e+12 1.5090e+12 1.2072e+12 9.0542e+11 0.0000e+00 49.55522 111.27 0.15097 0.54786 0.09765 87.95058 -10.77182 22.92352 0.67815 0.09510 86.54245 -21.71444 21.50048 2.6127 2.959e+12 9.054e+11
172 176 1.8108e+12 235.28 84.90 300.250 95.292 26 27.80542 58.71909 33.50750 219.10 1.48 59.66 2.139e+12 -2.069e+12 -2.589e+12 0.02989 95.29156 1.8108e+12 1.8108e+12 6.0361e+11 0.0000e+00 0.0000e+00 74.28074 80.28 0.04594 0.40302 0.00000 49.73497 111.31514 207.24863 0.00000 0.00000 0.00000 0.00000 0.00000 0.3702 2.894e+12 3.018e+12
173 162 1.2072e+12 209.92 103.84 262.292 65.146 25 99.49712 26.05632 68.38393 -182.86 49.25 164.51 -5.521e+12 3.158e+12 3.313e+12 0.08277 65.14564 1.2072e+12 1.2072e+12 0.0000e+00 0.0000e+00 0.0000e+00 71.06643 41.23 0.16418 0.26053 0.03067 70.88084 -34.36373 182.85704 0.00000 0.00000 0.00000 0.00000 0.00000 0.4452 2.007e+12 1.207e+12
174 174 9.0542e+11 215.00 233.78 238.308 27.797 25 54.22325 42.16906 61.30977 32.52 -458.01 -757.79 -1.464e+12 -1.198e+12 6.982e+12 0.35176 27.79680 9.0542e+11 9.0542e+11 6.0361e+11 6.0361e+11 0.0000e+00 36.45882 233.78 0.26749 0.00000 0.00000 0.00000 0.00000 0.00000 0.00000 0.00000 0.00000 0.00000 0.00000 4.8160 2.095e+12 3.018e+11
175 165 9.0542e+11 189.75 95.23 238.308 62.258 25 40.63317 29.99770 51.42302 284.04 -211.23 -190.08 -8.992e+10 6.994e+11 4.401e+12 0.00696 62.25824 9.0542e+11 9.0542e+11 0.0000e+00 0.0000e+00 0.0000e+00 135.79402 33.25 0.16481 0.00000 0.00000 0.00000 0.00000 0.00000 0.00000 0.00000 0.00000 0.00000 0.00000 0.9927 3.160e+12 9.054e+11
176 -1 2.7163e+12 267.63 183.81 343.700 121.884 25 15.56736 32.76423 65.69253 4.87 -177.94 -76.95 2.468e+13 1.387e+13 -1.418e+13 0.10209 121.88412 2.7163e+12 2.7163e+12 0.0000e+00 0.0000e+00 0.0000e+00 46.08364 66.97 0.18760 0.14974 0.00000 222.42653 -90.97289 -90.41256 0.00000 0.00000 0.00000 0.00000 0.00000 0.6232 3.747e+12 4.527e+12
