#ID DescID Mvir Vmax Vrms Rvir Rs Np X Y Z VX VY VZ JX JY JZ Spin rs_klypin Mvir_all M200b M200c M500c M2500c Xoff Voff spin_bullock b_to_a c_to_a A[x] A[y] A[z] b_to_a(500c) c_to_a(500c) A[x](500c) A[y](500c) A[z](500c) T/|U| M_pe_Behroozi M_pe_Diemer
#a = 0.342184
#Om = 0.285000; Ol = 0.715000; h = 0.695000
#FOF linking length: 0.280000
#Unbound Threshold: 0.500000; FOF Refinement Threshold: 0.700000
#Particle mass: 3.01807e+11 Msun/h
#Box size: 100.000000 Mpc/h
#Force resolution assumed: 0.0976562 Mpc/h
#Units: Masses in Msun / h
#Units: Positions in Mpc / h (comoving)
#Units: Velocities in km / s (physical, peculiar)
#Units: Halo Distances, Lengths, and Radii in kpc / h (comoving)
#Units: Angular Momenta in (Msun/h) * (Mpc/h) * km/s (physical)
#Units: Spins are dimensionless
#Np is an internal debugging quantity.
#Rockstar Version: 0.99.9-RC3
0 0 3.0784e+13 785.25 794.81 792.180 136.204 110 6.58831 4.25230 92.42699 -233.15 139.10 332.86 1.591e+14 -2.710e+13 -3.425e+13 0.01641 111.76304 3.0784e+13 3.0784e+13 3.0784e+13 2.5050e+13 7.8470e+12 73.34264 7.28 0.02001 0.79350 0.48170 -65.09805 8.47623 118.74384 0.58350 0.40336 -22.04232 24.71787 116.06048 0.6588 2.985e+13 2.596e+13
1 1 4.0442e+13 836.56 851.45 867.611 274.649 180 4.45176 3.81569 95.54662 -61.95 272.81 -92.72 -2.229e+14 2.137e+14 -1.941e+14 0.02249 143.53725 4.0442e+13 3.9839e+13 3.8028e+13 2.3239e+13 1.2978e+13 83.74688 53.85 0.02806 0.57181 0.37890 89.07440 45.23773 -88.27428 0.66388 0.52836 -45.25284 -36.15537 73.69341 0.6601 3.384e+13 4.346e+13
2 2 4.8289e+13 817.38 831.30 920.443 359.024 249 23.21599 10.15165 2.33713 7.83 246.07 214.30 2.526e+14 5.913e+14 7.579e+14 0.04569 325.23206 4.8289e+13 4.7082e+13 4.4064e+13 2.6861e+13 6.6398e+12 71.71857 78.06 0.05691 0.58845 0.39646 132.09085 84.01752 60.05373 0.59625 0.38532 87.38773 83.99360 36.18344 0.6206 4.032e+13 6.187e+13
3 6 6.0361e+12 433.69 314.00 460.222 88.400 44 53.94336 41.07402 59.11986 -194.77 159.51 -181.45 -1.885e+12 -2.674e+12 1.652e+13 0.02628 88.40002 6.0361e+12 6.0361e+12 6.0361e+12 1.5090e+12 0.0000e+00 21.13500 0.00 0.03085 0.21528 0.10551 81.27265 200.40985 20.25428 0.27574 0.00000 73.19186 83.81918 -19.11506 0.4544 5.572e+12 4.829e+12
4 8 1.3883e+13 575.18 514.82 607.495 112.965 72 53.08368 42.68355 59.95432 -14.81 -226.69 -610.67 2.250e+13 3.983e+13 8.404e+13 0.03968 112.96525 1.3883e+13 1.3581e+13 1.3280e+13 9.3560e+12 0.0000e+00 43.11055 0.00 0.04374 0.39015 0.28388 55.28185 64.80289 132.85272 0.01100 0.00000 70.27808 55.30830 135.28918 0.5223 1.237e+13 1.117e+13
5 7 2.2334e+13 662.78 678.97 711.816 149.204 97 52.78528 42.72024 59.30709 226.64 -389.06 -114.64 2.117e+13 -4.923e+13 6.926e+13 0.01293 149.20392 2.2334e+13 2.2334e+13 1.9316e+13 1.1469e+13 6.0361e+12 114.98890 0.00 0.01813 0.70738 0.46548 -43.28072 90.29335 -51.18013 0.58983 0.45367 -41.52692 78.92507 -5.69224 0.7037 2.252e+13 1.750e+13
6 10 9.3560e+12 476.53 397.36 532.612 165.704 49 70.90034 59.94563 57.90030 23.29 144.91 -680.49 -9.711e+13 1.117e+13 -2.700e+13 0.07529 165.70351 9.3560e+12 9.3560e+12 7.8470e+12 3.9235e+12 1.8108e+12 37.76912 0.00 0.08950 0.58111 0.25961 -28.02656 108.69551 44.29430 0.84287 0.35975 -2.07606 82.86800 4.58326 0.5037 8.206e+12 1.087e+13
7 9 2.1428e+13 714.56 706.51 702.064 86.309 122 71.17662 62.04840 55.98360 -6.36 35.29 -350.47 1.517e+14 -3.955e+13 -8.391e+13 0.03262 86.30891 2.1428e+13 2.1428e+13 2.1127e+13 1.3280e+13 7.8470e+12 93.30418 0.00 0.03942 0.45521 0.34389 13.85953 -49.76925 81.02954 0.38468 0.17977 26.24360 -42.84231 76.08032 0.6541 1.881e+13 1.207e+13
8 13 6.6398e+12 542.18 451.18 475.078 35.243 33 30.22092 11.86494 4.41718 -224.30 128.80 162.89 -1.034e+13 -8.652e+12 -1.164e+13 0.02499 35.24273 6.6398e+12 6.6398e+12 6.6398e+12 5.4325e+12 3.0181e+12 33.83155 0.00 0.02783 0.63792 0.39465 105.27094 40.92367 -25.27306 0.64734 0.34119 69.16733 68.23389 -34.19865 0.5835 8.447e+12 1.811e+12
9 12 8.1488e+12 507.11 487.94 508.641 69.565 71 28.77851 11.93578 4.31298 -216.98 99.47 200.66 6.069e+13 1.310e+13 -2.725e+13 0.05578 69.56469 8.1488e+12 8.1488e+12 8.1488e+12 4.8289e+12 2.1127e+12 41.35915 0.00 0.07533 0.58870 0.25119 56.42458 82.50560 -57.36176 0.89460 0.34892 46.39681 58.61311 -32.48204 0.6767 7.075e+12 4.829e+12
10 14 3.3199e+12 357.34 258.26 377.069 69.680 25 31.54931 11.77037 4.30306 -298.26 148.36 298.48 -4.368e+12 -8.807e+12 -1.389e+12 0.03767 69.68012 3.3199e+12 3.3199e+12 3.3199e+12 1.5090e+12 0.0000e+00 141.15080 0.00 0.04926 0.23368 0.00576 -110.50133 54.73728 172.38173 0.76335 0.08150 -56.84307 3.54869 62.13221 0.5036 3.115e+12 2.113e+12
11 3 2.5654e+13 744.47 745.81 745.470 101.053 129 58.96964 32.00927 31.60820 -120.09 -184.61 53.46 -1.019e+14 6.951e+13 1.005e+14 0.02121 101.05260 2.5654e+13 2.5050e+13 2.4748e+13 2.0221e+13 5.7343e+12 36.07690 0.00 0.02615 0.81790 0.72829 124.23316 -1.08616 -4.68285 0.61100 0.47839 102.24323 42.47530 -10.16173 0.6646 2.431e+13 1.630e+13
12 4 4.8289e+12 389.73 357.01 427.232 106.520 38 60.24104 34.09121 31.35589 -131.67 -657.40 -36.69 3.926e+12 1.344e+13 -6.796e+12 0.02454 106.51970 4.8289e+12 4.5271e+12 4.5271e+12 1.8108e+12 0.0000e+00 21.70592 40.92 0.04135 0.08329 0.03965 -26.05324 102.68151 -66.76960 0.45645 0.21928 19.33899 150.25858 -17.45241 0.7101 4.948e+12 4.527e+12
13 16 3.0181e+12 323.41 280.67 365.278 138.586 26 52.78651 14.03253 40.93970 -158.77 271.11 -131.44 8.218e+12 -1.958e+13 -1.597e+13 0.07054 138.58621 3.0181e+12 2.1127e+12 2.1127e+12 6.0361e+11 0.0000e+00 19.69120 11.70 0.15456 0.69475 0.42747 148.60106 135.34488 43.92020 0.00000 0.00000 0.00000 0.00000 0.00000 0.7753 4.443e+12 5.433e+12
14 17 7.2434e+12 494.25 390.39 489.058 62.316 57 53.68947 16.12493 41.03614 -181.41 -76.02 -31.71 -3.948e+12 7.796e+12 8.988e+12 0.01616 62.31566 7.2434e+12 7.2434e+12 7.2434e+12 6.0361e+12 0.0000e+00 50.53531 0.00 0.01695 0.89329 0.57513 5.01415 -78.03888 82.14050 0.72696 0.22341 38.83636 -28.77197 90.20869 0.4769 7.606e+12 4.225e+12
15 18 1.9316e+13 711.39 665.75 678.188 72.123 130 37.73557 15.77702 41.97874 197.55 191.19 104.45 -8.150e+13 1.338e+14 -3.025e+13 0.03996 72.12330 1.9316e+13 1.9014e+13 1.8712e+13 1.6901e+13 6.3380e+12 64.27146 13.08 0.04206 0.90376 0.56169 12.58045 68.03516 85.73328 0.87787 0.45461 -43.33231 41.30555 80.79365 0.5756 2.085e+13 1.026e+13
16 19 2.0825e+13 729.31 714.65 695.409 74.025 121 54.63920 28.37795 36.33771 -71.92 -75.94 -81.08 -2.801e+12 8.134e+13 -3.413e+13 0.01857 74.02470 2.0825e+13 2.0221e+13 1.9919e+13 1.7505e+13 7.2434e+12 44.87895 0.00 0.02053 0.76351 0.62998 22.52057 -40.61836 94.31858 0.60600 0.44384 27.89992 -36.01381 82.67892 0.6250 2.233e+13 1.117e+13
17 15 1.5694e+13 594.43 546.45 632.836 124.358 107 75.10973 4.63065 30.86207 -145.58 -84.90 -100.34 1.883e+13 6.637e+13 -3.268e+13 0.02476 124.35774 1.5694e+13 1.5090e+13 1.3883e+13 9.6578e+12 3.6217e+12 25.21622 0.00 0.02845 0.59307 0.50188 106.51497 6.98417 102.92460 0.95248 0.42327 -50.23660 -17.56310 72.26146 0.5663 1.293e+13 1.268e+13
18 22 1.8108e+12 297.87 217.82 308.087 50.131 103 74.04015 69.72511 53.73816 -304.02 -126.90 -244.49 8.438e+11 -1.605e+12 3.220e+12 0.02422 50.13078 1.8108e+12 1.8108e+12 1.8108e+12 0.0000e+00 0.0000e+00 158.42906 0.00 0.05036 0.78903 0.13371 -11.18641 2.30633 168.90936 0.00000 0.00000 0.00000 0.00000 0.00000 0.7034 9.732e+12 6.036e+11
19 23 1.5996e+13 596.55 566.75 636.867 127.682 95 65.27309 4.49255 72.05094 -55.82 37.25 3.72 1.380e+13 -2.400e+13 -1.020e+14 0.03210 127.68242 1.5996e+13 1.5694e+13 1.5694e+13 1.0563e+13 1.8108e+12 61.51067 0.00 0.03814 0.55361 0.40631 69.06243 115.96479 55.33554 0.34636 0.14561 49.80219 106.93645 61.77110 0.5935 1.397e+13 1.388e+13
20 25 4.5271e+12 385.48 292.08 418.139 94.906 92 40.35980 3.64366 6.45658 -89.70 254.09 -96.12 -1.466e+10 1.235e+13 5.693e+12 0.02608 94.90577 4.5271e+12 4.5271e+12 4.5271e+12 9.0542e+11 0.0000e+00 89.51048 68.99 0.04025 0.44468 0.00907 -18.40666 67.19270 107.29021 0.61233 0.02822 74.06555 49.57092 -52.38795 0.6120 4.916e+12 4.225e+12
21 28 1.5090e+13 615.76 512.11 624.617 90.830 82 65.99639 64.02563 38.30791 -79.82 51.82 141.56 -2.866e+13 3.023e+13 -8.963e+11 0.01552 90.83031 1.5090e+13 1.4789e+13 1.4185e+13 8.7524e+12 4.5271e+12 68.34242 10.68 0.01658 0.38259 0.23105 87.13945 78.89931 36.14368 0.50568 0.30074 73.36685 56.12859 21.52481 0.5042 1.276e+13 8.752e+12
22 20 3.9235e+12 382.01 261.80 398.662 68.546 69 94.10107 42.96170 60.87403 -110.28 -102.85 166.61 4.901e+12 9.386e+12 -4.803e+12 0.03708 68.54598 3.9235e+12 3.9235e+12 3.9235e+12 2.4145e+12 0.0000e+00 50.30675 0.00 0.04367 0.08692 0.00000 192.59460 -43.79390 19.80677 0.23114 0.00000 120.31197 -25.36896 14.64790 0.4418 6.900e+12 3.018e+12
23 34 1.2072e+12 267.78 135.21 269.139 37.213 66 65.40197 85.30280 46.62346 42.16 -142.38 -118.62 3.826e+12 -1.035e+12 2.016e+11 0.05885 37.21311 1.2072e+12 1.2072e+12 1.2072e+12 0.0000e+00 0.0000e+00 85.90326 0.00 0.10629 0.82465 0.60466 91.49371 45.98220 -61.31956 0.00000 0.00000 0.00000 0.00000 0.00000 0.4317 4.088e+12 0.000e+00
24 30 8.4506e+12 460.63 364.08 514.845 160.201 65 41.82920 42.80518 82.98528 118.04 -231.30 -170.53 4.684e+12 -8.378e+12 7.302e+12 0.01054 160.20128 8.4506e+12 8.4506e+12 6.9416e+12 3.9235e+12 0.0000e+00 32.82409 0.00 0.01261 0.79875 0.24810 25.81887 23.08089 117.95000 0.72966 0.12192 67.96001 46.29015 59.63562 0.4987 7.778e+12 1.056e+13
25 27 3.6217e+12 347.42 286.01 388.166 120.129 62 45.77435 29.10943 45.48660 170.41 -196.54 -12.91 -8.003e+12 -3.201e+12 5.181e+12 0.02583 120.12936 3.6217e+12 3.6217e+12 3.3199e+12 0.0000e+00 0.0000e+00 81.04032 24.93 0.04317 0.46398 0.05875 -93.95185 7.66036 113.70880 0.00000 0.00000 0.00000 0.00000 0.00000 0.6603 7.302e+12 5.131e+12
26 29 4.2253e+12 410.92 270.65 408.633 53.420 60 71.39189 68.24141 56.18316 105.71 -235.43 -467.48 -6.653e+12 -1.639e+13 -8.515e+11 0.05505 53.41985 4.2253e+12 4.2253e+12 4.2253e+12 2.4145e+12 0.0000e+00 20.31762 0.00 0.05879 0.79503 0.45871 134.23663 -84.05348 50.13396 0.81395 0.30274 -64.84003 92.37245 -29.65280 0.3853 8.175e+12 2.414e+12
27 26 6.9416e+12 486.12 385.44 482.169 62.200 58 71.53622 22.30786 99.82869 100.57 -73.02 124.52 -9.549e+12 2.910e+13 -4.232e+12 0.04423 62.19958 6.9416e+12 6.9416e+12 6.9416e+12 5.7343e+12 2.1127e+12 25.52169 30.82 0.04487 0.54116 0.50234 -26.31463 111.03102 -48.43467 0.70267 0.36035 -27.21781 83.54054 -57.35357 0.4615 6.859e+12 3.923e+12
28 36 1.5090e+12 264.11 124.25 289.921 73.249 53 73.82616 16.87163 0.95359 90.54 196.70 31.66 4.675e+12 -1.529e+11 3.351e+12 0.07032 73.24950 1.5090e+12 1.5090e+12 1.5090e+12 6.0361e+11 0.0000e+00 29.43572 48.80 0.10625 0.54472 0.09247 57.07896 106.37723 -2.60342 0.00000 0.00000 0.00000 0.00000 0.00000 0.3567 4.905e+12 1.509e+12
29 35 3.0181e+12 344.31 211.64 365.278 70.035 52 66.49804 93.53813 67.87443 36.40 259.77 -215.44 -1.887e+12 -1.877e+12 -1.391e+12 0.01551 70.03542 3.0181e+12 3.0181e+12 3.0181e+12 1.2072e+12 9.0542e+11 59.58155 0.00 0.01747 0.58025 0.36697 -53.71100 97.28498 36.58407 0.43583 0.36772 40.49256 70.01220 12.21460 0.3444 5.062e+12 2.113e+12
30 38 2.4145e+12 299.79 199.28 339.094 134.828 52 65.15780 91.05165 26.94575 235.28 101.97 21.72 7.927e+11 4.862e+11 1.142e+13 0.05199 134.82803 2.4145e+12 1.2072e+12 1.2072e+12 9.0542e+11 0.0000e+00 93.79359 115.90 0.09669 0.16048 0.00000 87.73058 183.14273 -53.63728 0.71978 0.23435 72.32056 93.86719 -8.44174 0.6526 4.745e+12 4.527e+12
31 31 1.2072e+12 244.05 148.91 269.139 71.223 50 8.55610 1.59545 89.71594 -200.43 486.70 292.82 2.935e+12 2.338e+12 -4.741e+12 0.02683 71.22313 1.2072e+12 1.2072e+12 1.2072e+12 0.0000e+00 0.0000e+00 104.64433 96.00 0.16195 0.66452 0.10118 -90.90765 148.71091 91.36677 0.00000 0.00000 0.00000 0.00000 0.00000 1.0652 3.600e+12 1.207e+12
32 -1 2.1127e+12 302.99 214.26 324.332 66.308 50 74.10368 61.74031 47.25082 -566.16 26.01 316.10 -4.525e+12 -2.253e+11 -2.667e+12 0.03037 66.30799 2.1127e+12 2.1127e+12 2.1127e+12 3.0181e+11 0.0000e+00 38.67176 0.00 0.05541 0.20393 0.02951 117.36300 -57.19894 85.92798 0.00000 0.00000 0.00000 0.00000 0.00000 0.6292 3.177e+12 1.509e+12
33 42 9.0542e+11 222.07 130.88 244.529 63.709 48 96.38071 93.77369 90.90711 16.85 344.30 235.53 2.302e+12 5.791e+11 -1.410e+12 0.05073 63.70919 9.0542e+11 9.0542e+11 6.0361e+11 3.0181e+11 0.0000e+00 80.92905 130.88 0.11943 0.00000 0.00000 0.00000 0.00000 0.00000 0.00000 0.00000 0.00000 0.00000 0.00000 1.5109 2.855e+12 9.054e+11
34 37 1.8108e+12 274.33 284.49 308.087 103.415 47 71.27618 22.87141 0.31271 39.71 -316.25 -204.77 -7.162e+12 4.479e+12 -4.563e+12 0.06044 103.41503 1.8108e+12 1.5090e+12 1.5090e+12 3.0181e+11 0.0000e+00 98.25370 58.56 0.13084 0.08169 0.00000 -124.55955 127.13270 63.83765 0.00000 0.00000 0.00000 0.00000 0.00000 1.2762 2.086e+12 2.414e+12
35 41 2.7163e+12 330.64 212.27 352.672 70.251 46 90.07166 35.97377 67.15123 -61.64 -104.86 -22.61 -1.691e+12 -7.687e+12 2.040e+11 0.04561 70.25075 2.7163e+12 2.7163e+12 2.7163e+12 1.8108e+12 0.0000e+00 67.00520 0.00 0.05458 0.00000 0.00000 37.03308 159.93118 -80.58929 0.49735 0.02573 -20.63344 87.30372 31.90119 0.3930 4.707e+12 1.811e+12
36 32 2.4145e+12 319.79 209.51 339.094 64.779 46 81.99499 14.92279 2.26901 -20.02 75.76 -25.42 -2.093e+12 -4.626e+12 1.116e+13 0.08051 64.77920 2.4145e+12 2.4145e+12 2.4145e+12 1.2072e+12 0.0000e+00 18.95475 0.00 0.10346 0.53644 0.03859 -83.78542 105.60003 8.82571 0.70522 0.05580 101.96204 -52.98254 35.32010 0.4240 4.119e+12 1.811e+12
37 43 4.8289e+12 417.39 276.47 427.232 65.377 46 5.77971 13.39876 12.13131 -110.05 -153.42 -288.90 -7.366e+12 1.556e+13 1.425e+13 0.05501 65.37701 4.8289e+12 4.8289e+12 4.8289e+12 3.3199e+12 0.0000e+00 16.70066 0.00 0.05939 0.60854 0.40902 90.40665 21.70770 113.09568 0.55091 0.27703 64.71223 13.13764 66.72078 0.3767 4.605e+12 3.320e+12
38 44 6.0361e+11 261.17 0.00 213.616 12.189 44 27.31176 28.63288 64.18307 130.33 251.92 -95.94 0.000e+00 0.000e+00 0.000e+00 0.00000 12.18946 6.0361e+11 6.0361e+11 6.0361e+11 6.0361e+11 0.0000e+00 109.86185 0.00 0.00000 0.00000 0.00000 0.00000 0.00000 0.00000 0.00000 0.00000 0.00000 0.00000 0.00000 0.0000 2.895e+12 0.000e+00
39 46 2.7163e+12 363.07 280.00 352.672 40.988 43 59.64147 29.09031 86.02939 190.70 -246.43 98.39 -2.515e+12 1.746e+12 6.448e+12 0.03221 40.98799 2.7163e+12 2.7163e+12 2.7163e+12 2.4145e+12 0.0000e+00 24.39521 0.00 0.04949 0.25666 0.00000 92.00053 8.96260 122.23756 0.61490 0.47703 71.90659 -64.60758 120.93460 0.6399 4.221e+12 6.036e+11
40 40 9.6578e+12 502.62 429.54 538.278 110.453 43 67.60381 80.92916 48.26568 16.61 64.55 -89.31 9.060e+12 1.422e+12 5.794e+13 0.03993 110.45321 9.6578e+12 9.6578e+12 9.6578e+12 4.8289e+12 0.0000e+00 31.99067 22.41 0.04910 0.24386 0.02086 -86.48619 97.55535 -32.62912 0.01584 0.00000 -92.00778 101.66708 -33.92871 0.5616 8.725e+12 8.451e+12
41 45 6.0361e+12 414.35 343.08 460.222 131.910 38 37.73690 82.90965 95.92947 187.94 114.40 78.53 7.277e+11 -2.312e+12 -9.185e+12 0.01336 131.91028 6.0361e+12 6.0361e+12 4.8289e+12 2.4145e+12 0.0000e+00 20.15383 0.00 0.01740 0.17666 0.04073 85.34010 78.58724 61.43805 0.28996 0.03461 49.13766 37.20950 48.34747 0.5607 5.523e+12 7.243e+12
42 49 3.6217e+12 357.38 270.32 388.166 89.084 38 51.41009 53.19276 40.01260 156.41 -120.72 -137.10 3.102e+12 4.375e+12 -1.230e+12 0.01661 89.08448 3.6217e+12 3.6217e+12 3.6217e+12 1.5090e+12 0.0000e+00 52.97318 0.00 0.02362 0.12384 0.01532 -33.06153 201.41071 -150.62183 0.46925 0.00000 11.89571 -93.05316 132.50114 0.5462 4.813e+12 3.320e+12
43 47 9.0542e+11 217.61 71.21 244.529 82.930 37 70.20905 2.94503 25.10832 75.59 4.04 98.09 -1.224e+11 -1.992e+09 -9.959e+10 0.00228 82.93041 9.0542e+11 3.0181e+11 3.0181e+11 3.0181e+11 0.0000e+00 119.59091 63.35 0.00683 0.00000 0.00000 0.00000 0.00000 0.00000 0.00000 0.00000 0.00000 0.00000 0.00000 0.5537 3.640e+12 1.207e+12
44 33 2.1127e+12 350.69 178.01 324.332 30.107 35 99.41796 22.16295 74.96812 -40.98 37.38 156.99 1.031e+12 1.599e+12 6.382e+12 0.06350 30.10663 2.1127e+12 2.1127e+12 2.1127e+12 1.8108e+12 0.0000e+00 46.33733 0.00 0.07019 0.66529 0.02278 -17.65462 131.29269 33.37350 0.11057 0.00000 -24.11113 161.05273 38.82856 0.2950 4.324e+12 0.000e+00
45 53 6.0361e+11 210.26 0.00 213.616 31.331 35 80.60268 83.43211 2.72895 -89.74 264.21 274.95 1.403e+11 -1.287e+12 2.693e+11 0.03720 31.33112 6.0361e+11 6.0361e+11 6.0361e+11 0.0000e+00 0.0000e+00 149.77191 92.71 0.11245 0.00000 0.00000 0.00000 0.00000 0.00000 0.00000 0.00000 0.00000 0.00000 0.00000 0.0000 2.829e+12 0.000e+00
46 54 9.0542e+11 245.14 82.46 244.529 32.480 34 31.71409 13.87897 43.61167 287.86 17.39 -139.46 -9.125e+11 -1.452e+11 -1.889e+10 0.02053 32.48049 9.0542e+11 9.0542e+11 9.0542e+11 6.0361e+11 0.0000e+00 85.56650 0.00 0.03998 0.00000 0.00000 0.00000 0.00000 0.00000 0.00000 0.00000 0.00000 0.00000 0.00000 0.2979 3.860e+12 3.018e+11
47 50 9.0542e+11 259.33 77.89 244.529 24.734 30 41.59922 85.42306 45.75451 186.73 -78.75 145.23 8.977e+11 4.704e+11 1.579e+11 0.02375 24.73419 9.0542e+11 9.0542e+11 9.0542e+11 6.0361e+11 0.0000e+00 69.82645 77.89 0.04438 0.00000 0.00000 0.00000 0.00000 0.00000 0.00000 0.00000 0.00000 0.00000 0.00000 0.4052 3.924e+12 3.018e+11
48 55 1.2072e+12 309.25 108.29 269.139 19.436 30 34.56957 4.33040 40.98914 -37.40 332.27 15.76 -1.057e+12 5.632e+11 -7.943e+11 0.03206 19.43638 1.2072e+12 1.2072e+12 1.2072e+12 9.0542e+11 0.0000e+00 46.44084 0.00 0.03850 0.81717 0.04264 34.44315 31.11444 51.90318 0.81717 0.04264 34.44315 31.11444 51.90318 0.1976 4.573e+12 3.018e+11
49 59 1.5090e+12 278.72 191.89 289.921 48.847 30 38.15643 8.57586 9.20296 -6.82 273.17 -51.45 9.381e+11 -1.426e+11 1.347e+12 0.01233 48.84673 1.5090e+12 1.5090e+12 1.5090e+12 0.0000e+00 0.0000e+00 154.67659 0.00 0.03043 0.79578 0.16038 7.98190 151.06076 -61.02236 0.00000 0.00000 0.00000 0.00000 0.00000 0.7431 3.544e+12 3.018e+11
50 48 9.0542e+11 244.88 134.88 244.529 32.667 29 87.14577 14.17289 99.66644 -167.18 78.26 25.96 2.012e+12 2.113e+12 1.976e+12 0.04684 32.66724 9.0542e+11 9.0542e+11 9.0542e+11 6.0361e+11 0.0000e+00 82.69517 134.88 0.15245 0.00000 0.00000 0.00000 0.00000 0.00000 0.00000 0.00000 0.00000 0.00000 0.00000 1.2198 3.807e+12 6.036e+11
51 56 9.0542e+11 251.16 109.76 244.529 28.736 28 38.57455 20.71742 61.23850 95.41 377.82 -168.88 1.954e+12 1.878e+12 -9.068e+11 0.03962 28.73628 9.0542e+11 9.0542e+11 9.0542e+11 0.0000e+00 0.0000e+00 51.48232 0.00 0.12361 0.00000 0.00000 0.00000 0.00000 0.00000 0.00000 0.00000 0.00000 0.00000 0.00000 0.6676 3.839e+12 0.000e+00
52 58 6.0361e+11 278.74 0.00 213.616 9.676 28 79.19878 85.06224 4.43057 75.13 105.98 163.16 0.000e+00 0.000e+00 0.000e+00 0.00000 9.67621 6.0361e+11 6.0361e+11 6.0361e+11 6.0361e+11 0.0000e+00 76.90025 0.00 0.00000 0.00000 0.00000 0.00000 0.00000 0.00000 0.00000 0.00000 0.00000 0.00000 0.00000 0.0000 3.300e+12 0.000e+00
53 63 5.1307e+12 388.37 278.48 435.953 145.119 26 71.41202 65.57486 56.39324 93.61 -88.41 -639.77 2.946e+13 -2.021e+13 8.012e+12 0.07212 145.11934 5.1307e+12 4.8289e+12 4.5271e+12 0.0000e+00 0.0000e+00 32.75290 24.34 0.08794 0.79056 0.00614 -98.57214 109.66499 -87.08858 0.00000 0.00000 0.00000 0.00000 0.00000 0.4372 4.766e+12 6.338e+12
54 61 6.0361e+11 229.40 0.00 213.616 20.431 25 37.41005 52.57555 42.95837 165.29 -101.21 -9.75 0.000e+00 0.000e+00 0.000e+00 0.00000 20.43052 6.0361e+11 6.0361e+11 6.0361e+11 6.0361e+11 0.0000e+00 81.18989 0.00 0.00000 0.00000 0.00000 0.00000 0.00000 0.00000 0.00000 0.00000 0.00000 0.00000 0.00000 0.0000 2.707e+12 3.018e+11
