#ID DescID Mvir Vmax Vrms Rvir Rs Np X Y Z VX VY VZ JX JY JZ Spin rs_klypin Mvir_all M200b M200c M500c M2500c Xoff Voff spin_bullock b_to_a c_to_a A[x] A[y] A[z] b_to_a(500c) c_to_a(500c) A[x](500c) A[y](500c) A[z](500c) T/|U| M_pe_Behroozi M_pe_Diemer
#a = 0.638321
#Om = 0.285000; Ol = 0.715000; h = 0.695000
#FOF linking length: 0.280000
#Unbound Threshold: 0.500000; FOF Refinement Threshold: 0.700000
#Particle mass: 3.01807e+11 Msun/h
#Box size: 100.000000 Mpc/h
#Force resolution assumed: 0.0976562 Mpc/h
#Units: Masses in Msun / h
#Units: Positions in Mpc / h (comoving)
#Units: Velocities in km / s (physical, peculiar)
#Units: Halo Distances, Lengths, and Radii in kpc / h (comoving)
#Units: Angular Momenta in (Msun/h) * (Mpc/h) * km/s (physical)
#Units: Spins are dimensionless
#Np is an internal debugging quantity.
#Rockstar Version: 0.99.9-RC3
0 10 2.1127e+12 222.41 258.18 302.654 82.012 31 2.49179 4.61797 96.28802 718.21 714.39 -39.80 -1.002e+13 -1.176e+13 3.009e+12 0.08244 82.01157 2.1127e+12 2.1127e+12 1.5090e+12 0.0000e+00 0.0000e+00 83.04079 47.39 0.12574 0.49916 0.00000 95.65532 -9.20008 109.47457 0.00000 0.00000 0.00000 0.00000 0.00000 1.5009 2.355e+12 2.113e+12
1 9 4.6177e+13 632.31 670.93 846.208 270.037 322 6.35383 5.05250 92.42590 -550.11 568.27 675.44 -5.241e+14 -5.619e+12 1.686e+14 0.01897 195.47910 4.7686e+13 4.9798e+13 4.0744e+13 2.6559e+13 6.9416e+12 51.73598 43.81 0.02574 0.85592 0.49564 -66.65599 19.16095 119.28011 0.80153 0.36761 -29.27256 -49.87303 91.08445 0.6932 4.910e+13 6.097e+13
2 11 3.0784e+13 629.02 710.79 739.231 122.619 189 4.55284 5.49798 94.95373 715.00 91.72 -627.44 -2.171e+14 -3.259e+14 -1.391e+14 0.01999 79.07800 3.5010e+13 3.4104e+13 2.7464e+13 2.0825e+13 9.6578e+12 85.08998 22.68 0.03818 0.85264 0.62018 -54.81252 17.13424 86.58456 0.86279 0.57097 7.35944 65.71052 48.88934 0.8682 2.949e+13 2.173e+13
3 11 2.5291e+14 1096.58 1176.38 1491.632 495.266 843 4.40629 5.49276 95.01288 4.79 201.99 11.37 -8.268e+15 -2.161e+15 -7.299e+15 0.02381 402.47641 2.5291e+14 2.6378e+14 2.2273e+14 1.2646e+14 4.6177e+13 127.95088 131.33 0.03087 0.43272 0.27309 166.37375 -1.63561 -156.45818 0.47154 0.29038 131.19534 9.91310 -82.82548 0.6719 2.242e+14 2.918e+14
4 3 4.5271e+12 338.29 210.23 390.191 38.334 35 21.29598 9.85084 2.56085 581.17 262.91 358.56 7.901e+12 1.783e+12 -1.386e+13 0.03807 38.33358 4.8289e+12 4.5271e+12 4.5271e+12 3.3199e+12 0.0000e+00 31.96887 50.64 0.03600 0.62219 0.17516 78.25698 -4.25230 -52.91294 0.52031 0.07078 74.29111 13.93921 -21.95383 0.3329 5.175e+12 1.811e+12
5 2 2.1127e+12 220.00 129.77 302.654 93.773 46 19.06885 10.97982 3.70748 301.67 -465.28 -195.44 -4.359e+12 -5.566e+12 -1.409e+13 0.05781 93.77297 2.1127e+12 4.2253e+12 9.0542e+11 3.0181e+11 0.0000e+00 110.67745 112.87 0.12590 0.51426 0.00000 104.84586 -21.88836 -37.98592 0.00000 0.00000 0.00000 0.00000 0.00000 0.7211 4.588e+12 2.716e+12
6 3 3.9235e+12 269.46 317.66 372.016 121.689 26 20.87984 11.01683 3.30610 276.17 494.28 482.58 4.725e+13 -2.031e+12 -2.094e+13 0.04525 121.68864 4.5271e+12 3.9235e+12 2.4145e+12 0.0000e+00 0.0000e+00 113.30415 58.23 0.14724 0.75681 0.44973 97.53580 92.26948 -113.29209 0.00000 0.00000 0.00000 0.00000 0.00000 1.0789 3.493e+12 4.225e+12
7 4 8.7524e+12 484.96 421.78 486.086 27.269 38 23.37855 11.17526 3.89563 -1183.93 -310.76 -603.83 -5.389e+13 -4.820e+13 6.652e+13 0.06080 27.26866 1.0261e+13 9.0542e+12 6.6398e+12 6.3380e+12 4.5271e+12 68.87884 37.70 0.07344 0.31220 0.16956 100.15544 -27.89195 40.98589 0.34937 0.08185 73.90169 -33.57137 38.04670 0.6749 1.131e+13 3.320e+12
8 4 1.4547e+14 962.24 998.07 1240.498 191.604 719 23.16235 11.16973 3.80468 -96.03 46.53 109.87 3.482e+15 2.538e+15 -4.150e+14 0.02601 217.91594 1.4547e+14 1.5422e+14 1.2917e+14 9.4164e+13 3.7122e+13 54.69123 63.34 0.02989 0.63774 0.36702 159.40253 54.62429 63.92096 0.52676 0.30052 127.83719 48.30376 52.27926 0.6285 1.312e+14 9.929e+13
9 5 9.3560e+12 361.69 390.54 497.013 151.602 91 27.17297 12.07196 5.26913 -106.32 -60.88 168.24 1.653e+14 5.885e+13 1.168e+13 0.03887 151.60188 9.6578e+12 1.1167e+13 7.5452e+12 0.0000e+00 0.0000e+00 17.45602 31.65 0.11761 0.03698 0.00000 215.64665 -7.12732 -35.28017 0.00000 0.00000 0.00000 0.00000 0.00000 0.9140 1.078e+13 1.117e+13
10 6 2.3239e+13 538.52 570.24 673.096 98.319 173 29.21366 12.75890 5.93740 -245.46 -61.13 181.51 -1.538e+14 -1.982e+14 3.994e+14 0.04431 98.31930 2.3239e+13 2.3541e+13 2.1127e+13 1.6298e+13 0.0000e+00 84.00058 3.27 0.06925 0.57301 0.34209 182.32133 49.98856 32.70803 0.55863 0.17059 159.80176 11.28949 10.40157 0.7741 2.559e+13 1.630e+13
11 7 5.7343e+12 329.59 241.13 422.180 71.214 25 31.16774 12.97703 6.20561 -387.59 119.18 210.05 2.996e+13 -1.168e+13 6.184e+12 0.04370 71.21418 5.7343e+12 5.7343e+12 5.1307e+12 9.0542e+11 0.0000e+00 31.96448 0.00 0.04952 0.64612 0.21480 101.44001 22.28189 80.48779 0.35411 0.00000 84.64969 56.63926 44.16655 0.4317 5.373e+12 4.225e+12
12 13 5.7343e+12 355.37 288.14 422.180 47.521 57 72.79604 17.64708 2.07730 281.45 820.20 1.29 1.866e+13 -3.803e+12 1.390e+13 0.03107 47.52148 5.7343e+12 6.0361e+12 4.8289e+12 3.6217e+12 0.0000e+00 35.29460 14.87 0.03566 0.36712 0.08327 -103.26962 116.20912 12.40393 0.24231 0.00000 -51.34902 82.99835 38.07498 0.5398 8.411e+12 3.018e+12
13 14 8.3902e+13 745.78 761.98 1032.591 873.918 356 73.86525 19.05447 1.52270 -91.82 425.79 77.19 5.184e+14 3.061e+14 -3.634e+14 0.00922 355.30417 8.3902e+13 8.8430e+13 6.7001e+13 3.1086e+13 1.2072e+13 50.44970 40.26 0.01215 0.62577 0.39474 -103.75700 138.38022 -33.92546 0.78905 0.50308 94.95575 29.22010 41.09352 0.6515 7.401e+13 1.569e+14
14 16 1.4125e+14 891.58 874.37 1228.369 577.954 523 72.63174 21.06674 1.03578 203.50 -351.82 265.01 -2.847e+15 3.169e+15 1.963e+15 0.02815 388.99036 1.4125e+14 1.4607e+14 1.1801e+14 6.2776e+13 1.7505e+13 60.67596 31.00 0.03403 0.81720 0.53516 124.39460 -106.43901 97.54224 0.83896 0.55486 106.98737 -68.95516 -9.13394 0.5944 1.244e+14 1.910e+14
15 15 5.1307e+12 325.83 359.89 406.815 59.063 26 73.18248 20.21509 1.43095 -370.25 251.80 789.06 -1.467e+12 1.935e+13 -4.316e+12 0.00536 59.06270 5.7343e+12 5.1307e+12 4.8289e+12 3.0181e+12 0.0000e+00 123.57307 36.26 0.03620 0.18324 0.13344 131.93982 -37.49662 -102.50701 0.26620 0.12730 107.50938 -23.92574 -76.00874 1.0147 5.357e+12 3.018e+12
16 17 3.3199e+12 254.33 163.22 351.866 119.325 55 76.11421 18.00680 2.85180 -362.38 -190.23 -445.60 -5.103e+12 1.573e+12 2.230e+12 0.01663 119.32451 3.3199e+12 3.9235e+12 2.4145e+12 0.0000e+00 0.0000e+00 87.52512 14.80 0.02176 0.91805 0.70980 -76.85525 -11.47664 136.97749 0.00000 0.00000 0.00000 0.00000 0.00000 0.4411 4.300e+12 4.829e+12
17 -1 3.0181e+12 244.36 509.74 340.863 147.420 103 78.24972 16.67059 2.50172 -152.01 183.39 44.73 4.619e+13 2.631e+12 -4.890e+12 0.35988 147.42026 3.0181e+12 4.8289e+12 6.0361e+11 0.0000e+00 0.0000e+00 56.93927 13.48 0.20509 0.73073 0.33152 0.85165 186.47356 107.90633 0.00000 0.00000 0.00000 0.00000 0.00000 4.6190 1.073e+13 7.243e+12
18 18 6.3380e+12 397.27 343.79 436.502 34.864 25 71.00882 60.40115 49.81835 -639.51 468.04 231.96 4.259e+13 7.694e+13 -2.259e+13 0.09756 34.86445 6.9416e+12 6.3380e+12 6.0361e+12 4.5271e+12 0.0000e+00 53.16367 40.08 0.11623 0.59374 0.10147 71.15243 -43.96510 -38.36753 0.55194 0.01762 67.07827 -37.06380 -55.74282 0.6196 7.393e+12 2.716e+12
19 18 1.7505e+14 989.83 1000.95 1319.440 375.131 594 70.84498 60.84166 49.83875 -208.87 27.86 241.15 6.072e+15 4.114e+15 4.456e+15 0.03396 294.83612 1.7535e+14 1.7927e+14 1.6237e+14 8.6015e+13 1.4487e+13 95.86458 155.77 0.04353 0.45251 0.33027 -91.93233 239.29526 -18.94568 0.43612 0.32916 -65.34641 155.72090 -13.95168 0.6496 1.609e+14 1.853e+14
20 19 6.3380e+12 499.90 395.55 436.502 15.257 42 71.17980 61.72881 52.17399 -262.06 -732.70 -656.28 6.334e+12 5.957e+13 -1.238e+13 0.06749 15.25726 7.5452e+12 6.3380e+12 5.7343e+12 4.5271e+12 3.9235e+12 13.30230 38.34 0.07830 0.89416 0.48296 18.27247 39.77708 -36.25168 0.60990 0.56745 4.57830 3.57342 46.08452 0.6748 1.440e+13 3.622e+12
21 19 1.0322e+14 808.86 838.39 1106.426 445.877 426 71.26095 61.90758 52.07793 38.51 -60.40 -797.95 1.004e+15 -2.414e+15 -3.243e+14 0.02733 318.21301 1.0322e+14 1.0865e+14 8.7222e+13 5.3722e+13 2.5654e+13 78.76163 85.81 0.03223 0.41675 0.32943 77.57867 123.74737 -52.41353 0.43542 0.28501 44.73814 93.84830 -48.42233 0.6113 9.187e+13 1.304e+14
22 20 5.7343e+12 334.75 209.78 422.180 64.898 66 71.92101 64.39454 51.53794 -26.89 -244.25 -655.94 1.154e+13 -1.302e+13 -5.141e+12 0.02907 64.89759 6.0361e+12 5.7343e+12 5.7343e+12 3.6217e+12 0.0000e+00 30.72955 8.45 0.02744 0.52500 0.15858 16.24992 78.06516 -59.86330 0.51043 0.18306 30.47394 69.19158 -57.40024 0.2985 5.906e+12 3.622e+12
23 21 1.4758e+14 919.33 975.83 1246.474 452.981 471 39.70189 17.46495 42.63364 363.86 391.65 41.35 1.739e+15 1.815e+15 -5.980e+15 0.03289 325.09802 1.4758e+14 1.5211e+14 1.3098e+14 7.5452e+13 2.2636e+13 54.42914 265.27 0.04373 0.47044 0.27154 137.31665 136.71611 15.92701 0.50177 0.30768 98.79983 85.33463 -6.65046 0.6843 1.297e+14 1.726e+14
24 22 1.2374e+13 460.38 427.14 545.559 60.681 76 40.03592 17.94148 42.84187 358.57 -1067.40 -249.53 3.683e+13 -2.831e+13 -2.932e+13 0.01982 60.68093 1.2978e+13 1.2374e+13 1.0261e+13 8.4506e+12 3.3199e+12 61.84344 19.64 0.02306 0.90341 0.58310 91.41586 -10.66357 -16.22270 0.95524 0.74184 -4.30890 57.10721 -49.95394 0.6184 1.254e+13 7.243e+12
25 23 6.3380e+13 710.85 796.07 940.416 171.451 210 43.39557 18.61505 43.64306 33.81 252.96 -554.17 -2.598e+14 -3.206e+15 -8.528e+14 0.05614 197.89111 6.3681e+13 6.4587e+13 6.0060e+13 3.5915e+13 1.2072e+13 125.87105 164.99 0.09178 0.39660 0.22215 157.78830 30.24430 -21.58623 0.30369 0.19486 112.00909 33.74556 -10.22185 0.7995 6.036e+13 5.010e+13
26 24 1.7807e+13 496.92 461.38 615.929 85.929 85 43.82697 18.69176 43.64054 -567.42 191.77 79.66 -9.897e+13 -7.141e+13 6.005e+13 0.02738 85.92915 1.8410e+13 1.7807e+13 1.5694e+13 1.1167e+13 5.1307e+12 68.95884 15.53 0.03113 0.48579 0.33863 87.25130 -3.82199 -62.31243 0.67535 0.46384 -48.36860 0.59439 55.14174 0.5847 1.702e+13 1.117e+13
27 34 4.2253e+12 290.18 224.11 381.320 76.326 69 66.97099 5.04506 30.39895 328.77 -15.73 -184.17 -3.274e+13 -4.709e+12 -1.223e+13 0.06414 76.32602 4.2253e+12 4.8289e+12 3.9235e+12 9.0542e+11 0.0000e+00 28.49618 7.05 0.08873 0.22586 0.05508 -116.44595 -18.36088 208.44496 0.73021 0.57660 69.69274 20.93159 53.99573 0.5576 6.372e+12 3.320e+12
28 32 7.5452e+12 338.57 386.08 462.623 131.336 48 70.12301 4.53769 28.16926 330.86 -336.86 -99.97 4.886e+13 -1.039e+14 1.562e+14 0.07519 131.33591 7.5452e+12 7.8470e+12 4.5271e+12 1.2072e+12 0.0000e+00 76.87312 29.95 0.18557 0.90337 0.73850 -122.60019 136.54715 108.59529 0.00000 0.00000 -12.51984 3.91769 113.21449 1.1394 1.026e+13 8.752e+12
29 -1 9.0542e+11 176.09 261.03 228.185 41.461 38 69.61939 4.55009 28.28265 575.35 -204.24 123.99 5.298e+12 -7.687e+12 -2.387e+12 0.36243 41.46076 9.0542e+11 9.0542e+11 9.0542e+11 0.0000e+00 0.0000e+00 84.07079 0.00 0.31599 0.00000 0.00000 0.00000 0.00000 0.00000 0.00000 0.00000 0.00000 0.00000 0.00000 5.8173 5.286e+12 3.018e+11
30 31 1.0261e+13 440.06 371.27 512.554 52.622 55 71.72128 1.85465 24.65935 -376.46 435.48 374.98 1.059e+13 -2.247e+13 1.694e+13 0.01529 52.62161 1.0261e+13 1.0261e+13 8.4506e+12 6.0361e+12 0.0000e+00 79.73531 10.54 0.01724 0.84817 0.45967 88.63504 -34.17104 21.33858 0.74520 0.14873 78.80403 -38.20540 -8.37566 0.5628 1.019e+13 5.734e+12
31 33 7.0321e+13 783.33 809.45 973.566 131.322 316 71.09836 2.60510 25.96533 70.22 45.28 311.47 1.493e+15 -1.051e+13 -4.171e+14 0.02853 137.84517 7.0321e+13 7.1528e+13 6.4587e+13 5.1005e+13 3.3199e+12 77.61132 92.10 0.03595 0.53506 0.44799 24.62142 149.17001 140.79694 0.39867 0.32664 16.76397 126.52312 139.40137 0.6841 6.994e+13 4.738e+13
32 32 1.5090e+13 433.96 432.08 582.868 138.973 100 71.07536 3.48453 27.50387 -59.95 -318.12 -164.95 9.801e+13 3.329e+13 6.115e+13 0.02571 138.97275 1.5996e+13 1.6298e+13 1.2676e+13 8.4506e+12 0.0000e+00 43.21951 32.68 0.03625 0.55613 0.38728 -18.46173 80.10487 127.24986 0.51495 0.04412 -1.92487 58.07802 80.66238 0.6815 1.725e+13 1.418e+13
33 55 6.0663e+13 681.38 709.91 926.785 249.885 315 73.55816 3.84690 29.86852 -321.99 -72.40 -177.35 8.849e+14 -4.363e+13 -9.231e+14 0.03099 249.88531 6.0663e+13 6.6096e+13 5.1911e+13 3.3802e+13 1.3280e+13 123.48821 69.63 0.03796 0.81119 0.31708 68.60863 79.99973 118.30657 0.86188 0.40428 26.56851 81.28674 76.83919 0.6374 6.000e+13 6.610e+13
34 30 1.1589e+14 864.77 885.19 1149.981 237.901 453 92.86217 41.00366 61.17614 -282.49 -256.50 -43.54 2.003e+15 2.175e+14 -5.787e+15 0.05092 252.01791 1.1589e+14 1.2102e+14 1.0593e+14 6.5190e+13 1.5392e+13 67.78065 76.49 0.06181 0.59471 0.49329 -87.99772 163.02534 -22.66722 0.47419 0.38434 -46.87464 134.12947 0.78045 0.6311 1.055e+14 1.026e+14
35 -1 4.8289e+12 286.34 275.19 398.676 157.247 43 91.32973 45.35949 58.58158 -333.44 -498.17 118.26 3.042e+13 2.502e+12 7.439e+11 0.02411 157.24734 4.8289e+12 4.8289e+12 0.0000e+00 0.0000e+00 0.0000e+00 105.98605 26.95 0.06150 0.21432 0.00560 63.28142 244.08231 -18.60337 0.00000 0.00000 0.00000 0.00000 0.00000 0.8482 5.056e+12 7.243e+12
36 -1 1.2072e+12 185.50 252.67 251.150 64.572 34 91.02708 43.84296 59.35426 -269.56 -594.82 244.93 8.737e+12 1.582e+13 2.793e+12 0.37509 64.57151 1.2072e+12 1.2072e+12 6.0361e+11 6.0361e+11 0.0000e+00 73.39529 85.85 0.37119 0.48726 0.00000 79.63543 -36.22809 19.67531 0.00000 0.00000 0.00000 0.00000 0.00000 2.9246 2.116e+12 1.207e+12
37 -1 4.5271e+12 296.27 342.18 390.191 79.375 32 91.30072 44.26553 59.77996 -217.32 -469.37 316.11 -1.681e+13 5.056e+12 -4.720e+13 0.05131 79.37518 4.8289e+12 4.5271e+12 4.2253e+12 1.2072e+12 0.0000e+00 25.42072 0.00 0.11294 0.62448 0.00812 9.90186 64.06507 115.83359 0.65831 0.00000 -30.63352 94.55040 38.79472 1.1736 4.593e+12 3.923e+12
38 -1 5.7343e+12 304.39 298.48 422.180 150.368 79 91.37117 46.38171 57.67701 -276.92 -518.13 280.10 -4.853e+13 4.354e+12 -1.367e+13 0.02728 150.36774 5.7343e+12 6.3380e+12 1.8108e+12 3.0181e+11 0.0000e+00 128.44998 15.78 0.07653 0.67324 0.44416 66.91086 -19.25192 147.06673 0.00000 0.00000 0.00000 0.00000 0.00000 0.8822 9.978e+12 1.026e+13
39 28 1.3491e+14 895.50 940.94 1209.714 435.607 525 51.71120 16.17339 40.56428 -220.04 433.48 -29.83 -1.308e+15 -5.453e+15 7.238e+15 0.05870 304.24548 1.3491e+14 1.3732e+14 1.2193e+14 6.8208e+13 2.6257e+13 72.00359 92.73 0.07170 0.63879 0.40603 -43.47620 156.73019 69.75512 0.59736 0.47903 -20.81975 99.72011 68.51088 0.6378 1.218e+14 1.594e+14
40 27 6.3380e+12 360.20 305.02 436.502 54.146 40 50.96788 17.20195 41.03117 17.25 -276.82 -641.40 2.531e+13 -4.651e+12 5.686e+12 0.02791 54.14623 6.3380e+12 6.6398e+12 5.4325e+12 4.5271e+12 0.0000e+00 41.73792 0.00 0.03374 0.25372 0.24179 63.66766 19.02739 94.24432 0.10295 0.05435 54.27601 15.63125 110.64751 0.5814 6.547e+12 3.622e+12
41 25 1.1167e+13 536.91 375.59 527.207 27.463 57 72.29485 68.51989 52.31197 -365.11 -749.81 -61.32 -3.398e+12 6.183e+12 -1.042e+14 0.06699 27.46338 1.1469e+13 1.1469e+13 1.0865e+13 9.6578e+12 6.6398e+12 15.68555 17.47 0.05201 0.76116 0.54720 17.61608 76.02350 19.60579 0.87055 0.63998 63.44542 6.49267 -3.43208 0.3659 1.709e+13 4.527e+12
42 26 1.6780e+14 936.87 973.55 1300.984 548.213 619 72.25073 68.15734 52.15178 -160.28 28.02 -477.37 1.139e+15 2.806e+15 5.583e+15 0.02629 476.33347 1.6841e+14 1.7837e+14 1.3219e+14 7.4546e+13 1.4789e+13 57.25254 284.37 0.03457 0.53854 0.41608 53.91119 211.61148 -17.45114 0.43132 0.37347 22.02776 142.50720 45.59504 0.6534 1.493e+14 2.037e+14
43 36 5.4325e+12 306.03 322.52 414.640 107.388 32 53.31535 26.22473 34.38726 106.53 379.76 424.77 1.130e+13 2.010e+13 -7.290e+13 0.01399 107.38776 5.4325e+12 5.7343e+12 2.1127e+12 0.0000e+00 0.0000e+00 106.35204 0.00 0.12654 0.72130 0.39903 1.55253 186.55775 53.35739 0.00000 0.00000 0.00000 0.00000 0.00000 0.9887 5.022e+12 5.433e+12
44 35 9.0542e+12 354.96 273.03 491.610 170.042 70 52.46428 25.34226 34.20863 455.50 57.06 449.00 5.971e+13 -6.442e+12 5.605e+13 0.04753 170.04170 9.0542e+12 9.0542e+12 7.2434e+12 3.0181e+11 0.0000e+00 72.05864 0.00 0.05803 0.62829 0.06817 129.26671 99.11044 60.11127 0.00000 0.00000 0.00000 0.00000 0.00000 0.4749 8.348e+12 1.087e+13
45 37 1.3974e+14 902.44 957.54 1223.979 424.408 484 54.24413 27.63900 35.60306 -36.00 -107.01 -35.43 2.136e+15 -4.117e+14 2.939e+15 0.02171 320.30698 1.3974e+14 1.4155e+14 1.2314e+14 7.3339e+13 2.8974e+13 38.58995 39.82 0.02700 0.71121 0.44388 -87.29094 -22.74996 150.87854 0.80427 0.49778 95.57442 42.79569 -62.96777 0.6514 1.237e+14 1.557e+14
46 37 4.2253e+12 306.91 403.96 381.320 53.895 26 54.48197 27.76203 36.18102 67.67 -219.60 933.03 2.628e+13 -9.692e+12 -7.765e+12 0.04710 53.89519 6.3380e+12 4.2253e+12 3.9235e+12 3.0181e+12 0.0000e+00 37.43743 39.12 0.07314 0.32673 0.11753 -5.56950 83.37352 -75.62797 0.48943 0.06712 -8.23213 -54.56932 59.29139 1.2598 4.476e+12 2.716e+12
47 39 1.2284e+14 878.90 923.37 1172.497 332.072 525 57.85076 30.28154 31.72703 -199.82 -306.94 50.07 -1.249e+15 8.518e+12 -1.892e+15 0.01771 263.70917 1.2284e+14 1.2616e+14 1.0684e+14 6.9718e+13 3.0483e+13 78.88171 52.84 0.02075 0.77138 0.52042 -104.57438 -36.36427 112.05772 0.69559 0.50990 -60.17158 -13.65294 104.33985 0.6261 1.073e+14 1.316e+14
48 38 3.0181e+12 282.69 143.05 340.863 41.242 26 52.94106 40.33957 55.16419 281.32 -472.88 283.32 -2.354e+13 1.794e+12 5.517e+12 0.10273 41.24178 3.0181e+12 3.0181e+12 2.1127e+12 1.8108e+12 0.0000e+00 38.79451 27.04 0.10689 0.21535 0.02816 17.61121 42.81893 95.54607 0.28415 0.03045 14.72810 38.92027 84.99697 0.2672 4.381e+12 1.811e+12
49 38 1.0956e+14 888.43 927.46 1128.624 150.088 528 53.68777 40.56063 57.39929 26.95 -161.61 -279.23 -2.229e+13 2.665e+14 2.460e+14 0.00345 181.02296 1.0956e+14 1.1408e+14 9.7484e+13 6.9416e+13 2.7766e+13 60.84173 149.31 0.00403 0.67175 0.34867 7.81838 78.73385 131.07358 0.44862 0.30970 5.78069 76.69215 99.24448 0.6416 1.003e+14 6.700e+13
50 40 1.0231e+14 840.19 885.14 1103.181 219.494 402 47.39565 28.08446 45.34462 126.37 -83.37 -164.16 -2.808e+15 -2.456e+14 3.020e+15 0.04150 219.49435 1.0231e+14 1.0412e+14 9.3560e+13 5.9456e+13 1.9617e+13 63.32358 98.57 0.05128 0.89386 0.65468 102.43506 88.82245 82.74796 0.73750 0.58682 88.61590 78.10281 34.52051 0.6585 9.392e+13 8.813e+13
51 41 2.1127e+12 231.81 110.69 302.654 57.861 35 46.65234 30.89594 46.93192 313.76 -661.48 -44.80 5.550e+12 3.525e+12 1.139e+13 0.08415 57.86079 2.1127e+12 3.0181e+12 1.8108e+12 3.0181e+11 0.0000e+00 22.92289 16.95 0.10504 0.33902 0.03194 -20.02522 100.15362 -66.79459 0.00000 0.00000 0.00000 0.00000 0.00000 0.2710 5.675e+12 1.811e+12
52 47 1.6599e+13 440.16 471.07 601.683 171.680 46 91.49969 22.71512 0.97158 -267.16 -159.94 -3.00 2.228e+14 1.473e+14 -1.656e+14 0.04198 171.68045 1.6599e+13 1.8712e+13 1.4185e+13 6.0361e+12 0.0000e+00 89.91233 0.00 0.08084 0.75836 0.25875 82.82669 102.64421 103.84991 0.72195 0.28470 -20.43957 93.81839 67.43819 0.8184 1.829e+13 1.901e+13
53 46 1.5996e+13 430.30 521.53 594.300 195.668 114 91.14584 23.24874 0.93200 -86.28 -723.77 -108.70 -3.354e+14 -5.297e+13 1.657e+14 0.01702 195.66795 1.5996e+13 2.0523e+13 1.2676e+13 6.9416e+12 0.0000e+00 110.73946 34.70 0.10337 0.17451 0.06478 -128.37842 137.01271 -66.53215 0.05192 0.01848 -104.02556 117.88965 -51.72341 1.0183 3.285e+13 2.867e+13
54 47 6.3380e+12 330.73 305.15 436.502 90.220 51 91.78018 22.67414 1.05791 -503.43 -198.12 -140.09 8.443e+13 6.082e+13 -3.177e+13 0.07583 90.22013 6.3380e+12 6.9416e+12 6.0361e+12 0.0000e+00 0.0000e+00 29.44781 0.00 0.13928 0.19976 0.02009 55.68072 171.25928 143.68222 0.00000 0.00000 0.00000 0.00000 0.00000 0.7601 9.119e+12 4.829e+12
55 48 2.3239e+13 561.49 492.22 673.096 79.135 118 94.30696 21.30311 1.26941 -557.29 -328.35 -66.51 -2.837e+13 -4.911e+13 -1.168e+14 0.01628 79.13458 2.3239e+13 2.5654e+13 1.7505e+13 1.0865e+13 6.6398e+12 36.51339 0.00 0.01907 0.74709 0.36429 -18.90718 79.79924 -55.83273 0.83270 0.42072 -0.81077 -52.16217 53.70648 0.5866 2.360e+13 1.026e+13
56 49 4.3158e+13 633.53 641.98 827.356 182.742 202 96.57638 23.38973 51.13873 -102.22 -165.67 400.92 -3.131e+14 -5.839e+13 -2.845e+14 0.01887 158.43605 4.3158e+13 4.4969e+13 3.8631e+13 2.5352e+13 7.8470e+12 64.24605 55.79 0.02235 0.78378 0.67778 110.83851 -38.14983 -27.94609 0.71930 0.63458 78.88829 -31.96888 -41.32637 0.6229 3.893e+13 3.923e+13
57 50 2.2334e+13 482.99 435.72 664.239 204.947 102 97.13989 23.47132 52.77864 -84.67 -34.06 -143.49 1.259e+14 1.087e+14 4.615e+14 0.06509 204.94670 2.2334e+13 2.2937e+13 1.7203e+13 7.5452e+12 3.3199e+12 18.70086 0.00 0.07696 0.52235 0.44953 -24.11667 47.48198 118.78724 0.56138 0.21374 -24.25058 26.33963 79.08865 0.5377 1.989e+13 2.445e+13
58 -1 1.2072e+12 180.11 138.47 251.150 105.875 45 96.12778 25.11835 55.58495 -19.93 -182.73 -43.75 -3.097e+12 -2.834e+12 -4.749e+12 0.03274 105.87502 1.2072e+12 1.2072e+12 9.0542e+11 0.0000e+00 0.0000e+00 44.80075 39.65 0.12867 0.82891 0.38668 83.81288 51.40056 16.91866 0.00000 0.00000 0.00000 0.00000 0.00000 0.8802 3.786e+12 1.811e+12
59 59 6.0663e+13 701.89 750.40 926.785 194.552 260 34.83857 7.38336 40.87018 133.01 471.58 13.97 4.931e+14 3.413e+14 -2.351e+14 0.01543 192.19719 6.0663e+13 6.2776e+13 5.3722e+13 3.4708e+13 1.5996e+13 90.44017 22.37 0.01911 0.70108 0.41221 68.77769 -85.34241 83.32481 0.59443 0.40975 57.16651 -42.02090 75.58200 0.6641 5.433e+13 5.372e+13
60 58 6.4889e+13 713.09 734.53 947.821 187.830 296 42.81112 41.10956 81.24454 171.11 -280.80 -242.40 -3.066e+14 -1.315e+14 -1.164e+14 0.00759 206.91110 6.4889e+13 6.8812e+13 5.6740e+13 3.7726e+13 8.7524e+12 18.97135 35.90 0.00937 0.43596 0.34032 -11.44223 124.15919 99.33685 0.36161 0.30293 1.90319 94.77775 63.08250 0.6434 5.880e+13 5.433e+13
61 160 1.8108e+13 516.56 447.40 619.390 72.910 97 86.95248 48.15777 70.91640 -20.66 -131.72 -192.17 5.366e+13 -8.849e+12 7.426e+13 0.01854 72.91019 1.8108e+13 1.9014e+13 1.7807e+13 1.4185e+13 0.0000e+00 28.79090 11.10 0.02048 0.74116 0.36721 10.01121 126.11589 84.37873 0.29973 0.11212 31.58485 96.81545 82.12045 0.5594 1.995e+13 9.356e+12
62 105 3.1992e+13 554.18 558.96 748.771 235.099 174 87.07839 51.14895 69.98523 -180.28 -443.92 -256.31 1.623e+13 9.933e+13 -2.146e+14 0.01654 188.63628 3.1992e+13 3.2595e+13 2.8068e+13 1.6599e+13 3.6217e+12 100.01337 8.55 0.02043 0.62264 0.44159 18.53526 -72.36183 123.54981 0.52000 0.40001 7.84217 -30.33988 107.38074 0.6237 2.816e+13 3.350e+13
63 72 5.4024e+13 699.14 708.63 891.657 146.008 268 99.29821 22.47832 75.94333 -16.25 60.61 7.47 1.032e+15 3.457e+14 -5.365e+14 0.03791 146.44394 5.4024e+13 5.6740e+13 4.9798e+13 3.6821e+13 1.3581e+13 49.98132 17.79 0.04367 0.68396 0.36437 39.24458 -63.30627 112.15854 0.53234 0.31602 26.38326 -62.86969 88.14576 0.6229 5.047e+13 4.014e+13
64 67 5.3420e+13 646.18 654.58 888.324 437.225 281 64.87009 4.86083 71.40223 -77.00 129.99 -90.42 -2.231e+14 -5.792e+14 2.475e+14 0.01980 272.56995 5.3420e+13 5.5533e+13 4.5573e+13 2.2636e+13 1.0865e+13 66.82710 47.46 0.02450 0.50415 0.40624 73.00850 131.19910 17.15237 0.61523 0.45339 26.18503 90.80677 -24.77648 0.6205 4.708e+13 7.575e+13
65 64 6.3380e+12 328.72 302.01 436.502 94.560 25 43.18165 82.42405 45.10981 260.64 519.70 117.98 3.784e+13 3.726e+13 -3.748e+13 0.04780 94.56046 6.6398e+12 6.3380e+12 5.4325e+12 0.0000e+00 0.0000e+00 30.20789 29.89 0.08320 0.53716 0.43528 -70.26881 -95.74323 159.91446 0.00000 0.00000 0.00000 0.00000 0.00000 0.7321 6.099e+12 5.433e+12
66 65 9.9596e+12 384.86 415.93 507.479 104.169 64 43.14284 83.51387 45.42075 165.64 436.71 86.72 3.190e+12 -9.602e+13 1.741e+13 0.03448 104.16885 9.9596e+12 1.0865e+13 7.8470e+12 5.4325e+12 2.1127e+12 46.94055 0.00 0.05885 0.62778 0.41850 -68.83842 86.72405 3.84341 0.94718 0.25806 54.63481 -4.10033 28.13244 0.7893 1.213e+13 7.847e+12
67 66 4.7686e+13 625.49 626.95 855.328 535.265 191 42.98337 85.51123 45.61030 208.16 50.39 -34.81 3.398e+14 -7.466e+14 7.772e+13 0.02842 245.07430 4.7686e+13 4.8893e+13 4.0442e+13 1.8410e+13 6.9416e+12 31.41992 28.78 0.03651 0.80810 0.31252 139.55824 41.76352 39.31207 0.62197 0.30615 93.53313 40.70254 23.84544 0.6355 4.248e+13 7.274e+13
68 57 2.9275e+13 577.59 567.92 726.949 110.418 150 4.65933 5.36020 77.93032 -45.90 452.55 131.03 -4.064e+14 -4.848e+14 2.346e+14 0.05676 110.41832 2.9275e+13 3.0483e+13 2.5050e+13 1.6599e+13 8.7524e+12 23.69033 0.00 0.06742 0.82761 0.37713 11.76973 16.20444 112.19758 0.68817 0.26710 -14.81637 76.29612 -42.75923 0.6253 2.955e+13 1.781e+13
69 56 2.3541e+13 514.39 505.91 675.998 135.353 129 4.39477 6.50191 76.49559 -82.99 76.30 445.43 -1.747e+14 2.444e+14 7.604e+11 0.03362 135.35333 2.3541e+13 2.6257e+13 1.8410e+13 1.2072e+13 5.7343e+12 66.03228 0.00 0.04317 0.73238 0.62573 14.83378 3.83862 118.05544 0.79514 0.64591 16.92464 -14.03567 87.85791 0.6479 2.509e+13 1.811e+13
70 77 2.9275e+13 524.15 519.17 726.949 258.712 172 34.39337 14.45861 42.87474 493.91 182.83 -178.32 -2.325e+14 -1.395e+13 1.656e+14 0.02302 258.71191 2.9275e+13 3.1992e+13 2.3239e+13 1.3883e+13 3.9235e+12 134.38046 9.71 0.02856 0.60370 0.36748 139.24519 61.68800 -20.76252 0.56593 0.34725 107.43149 35.29228 -5.23862 0.6043 3.055e+13 4.074e+13
71 78 3.9235e+12 271.69 186.53 372.016 108.354 76 35.94356 15.53967 43.12070 382.42 15.54 -622.14 4.623e+12 2.938e+13 1.795e+13 0.06636 108.35359 4.2253e+12 3.9235e+12 0.0000e+00 0.0000e+00 0.0000e+00 136.62741 0.00 0.09889 0.29954 0.04905 3.62994 253.01280 24.04465 0.00000 0.00000 0.00000 0.00000 0.00000 0.5105 9.570e+12 4.527e+12
72 74 4.2253e+12 301.07 267.21 381.320 60.087 62 26.31764 29.41303 63.25952 475.31 -187.76 16.97 -2.873e+13 -2.235e+13 1.320e+13 0.05953 60.08730 4.2253e+12 4.2253e+12 4.2253e+12 2.1127e+12 0.0000e+00 24.74045 47.63 0.09742 0.95375 0.77571 94.45500 -45.54139 11.90992 0.53160 0.45269 121.72321 34.16873 -22.80354 0.7081 8.876e+12 2.716e+12
73 76 1.2676e+13 403.15 322.42 549.959 153.171 61 28.67351 28.65611 63.67853 -144.86 118.89 -344.69 3.071e+13 1.505e+14 6.639e+12 0.05231 153.17087 1.2676e+13 1.3280e+13 9.0542e+12 4.2253e+12 0.0000e+00 42.56456 0.00 0.06200 0.39675 0.30656 -103.77447 -7.06996 112.23421 0.44023 0.20108 -2.23269 25.31813 57.90556 0.4765 1.145e+13 1.388e+13
74 75 2.1730e+13 493.77 448.60 658.200 147.091 142 27.64831 29.06071 63.56434 142.77 -38.10 -56.60 5.049e+13 5.804e+13 -1.911e+13 0.01058 147.09113 2.1730e+13 2.2636e+13 1.8108e+13 7.2434e+12 4.2253e+12 76.62714 0.00 0.01302 0.46567 0.42746 -78.93298 -4.68677 81.06987 0.73497 0.68742 -30.88559 20.69806 57.17251 0.5825 3.572e+13 1.901e+13
75 44 3.7726e+13 581.71 606.41 791.074 427.411 140 53.56318 55.39108 37.17313 -42.80 -60.79 13.41 4.031e+14 -1.312e+14 3.438e+14 0.02441 212.86703 3.7726e+13 3.9235e+13 3.3501e+13 1.6901e+13 4.8289e+12 179.62965 38.79 0.03574 0.42902 0.26755 2.94481 146.70638 -93.76113 0.74511 0.33151 79.86031 -64.07395 -20.79169 0.7171 3.663e+13 6.549e+13
76 45 7.8470e+12 417.89 405.37 468.711 40.783 57 52.97653 56.20868 37.10765 738.16 -459.92 189.33 3.998e+13 -8.015e+13 2.591e+13 0.05475 40.78279 8.7524e+12 8.7524e+12 7.2434e+12 4.8289e+12 3.3199e+12 49.82071 21.88 0.08362 0.41827 0.15950 10.67479 25.15985 90.33887 0.60034 0.22630 5.97521 18.42754 70.22826 0.7726 8.596e+12 3.923e+12
77 43 9.6578e+12 360.39 380.12 502.300 206.766 50 53.73514 55.82286 36.95066 -375.51 -247.31 446.87 -5.858e+13 -4.828e+13 9.197e+13 0.03126 206.76598 9.9596e+12 1.1167e+13 5.4325e+12 9.0542e+11 0.0000e+00 91.80141 24.12 0.07565 0.34614 0.04159 116.41003 108.18496 -87.81122 0.68404 0.31504 42.24886 87.05025 -12.15804 0.8647 9.366e+12 1.358e+13
78 60 6.8510e+13 698.23 716.91 965.137 343.525 264 39.31525 23.21062 60.11980 209.73 153.53 -255.90 5.049e+14 -4.840e+14 4.315e+13 0.01370 322.12881 6.8510e+13 7.0321e+13 5.5231e+13 3.4708e+13 1.2072e+13 86.69182 96.78 0.01697 0.51502 0.42690 -20.45982 -12.63684 148.12708 0.56628 0.40614 -11.54610 -18.24622 98.75114 0.6258 6.016e+13 7.636e+13
79 88 9.0542e+11 170.99 100.04 228.185 51.466 56 26.03285 11.79653 42.58458 376.59 -39.28 13.33 9.101e+12 -4.771e+12 4.036e+12 0.81048 51.46615 9.0542e+11 1.2072e+12 0.0000e+00 0.0000e+00 0.0000e+00 169.93509 145.68 0.36199 0.00000 0.00000 0.00000 0.00000 0.00000 0.00000 0.00000 0.00000 0.00000 0.00000 20.9587 6.358e+12 6.036e+11
80 258 9.0542e+11 164.65 130.79 228.185 79.968 102 26.99168 10.94409 42.21782 370.52 386.85 -270.55 -1.117e+12 -2.826e+12 -1.551e+12 0.30585 79.96819 9.0542e+11 9.0542e+11 0.0000e+00 0.0000e+00 0.0000e+00 173.85957 57.64 0.11185 0.00000 0.00000 0.00000 0.00000 0.00000 0.00000 0.00000 0.00000 0.00000 0.00000 30.3235 7.454e+12 1.509e+12
81 89 3.9235e+12 267.28 213.91 372.016 145.249 90 28.75579 11.15993 42.06260 328.88 291.82 -199.87 1.346e+13 -3.647e+12 -2.889e+12 0.02285 145.24928 3.9235e+12 4.2253e+12 1.2072e+12 6.0361e+11 0.0000e+00 76.00233 55.60 0.04056 0.50619 0.20770 93.35087 -24.19257 131.50362 0.00000 0.00000 0.00000 0.00000 0.00000 0.6767 1.184e+13 6.640e+12
82 86 5.2514e+13 702.42 692.76 883.276 133.491 242 65.53911 64.38426 39.54087 -77.73 -11.29 255.55 -3.595e+14 -7.911e+14 2.462e+14 0.03057 133.49133 5.2514e+13 5.4929e+13 4.8591e+13 3.5915e+13 1.1167e+13 65.23699 42.58 0.03408 0.85392 0.71990 9.41111 36.34103 117.87692 0.66970 0.54149 43.55852 46.11950 77.80180 0.6011 4.854e+13 3.712e+13
83 63 5.7343e+12 309.83 349.34 422.180 116.094 123 69.94067 24.36137 7.80677 30.92 -162.48 -279.85 -2.725e+13 4.134e+13 2.163e+12 0.03629 116.09438 5.7343e+12 7.5452e+12 0.0000e+00 0.0000e+00 0.0000e+00 149.12021 0.00 0.07496 0.20107 0.00000 -97.59770 111.17169 161.43817 0.00000 0.00000 0.00000 0.00000 0.00000 1.2205 1.046e+13 6.942e+12
84 51 1.2978e+13 398.58 389.44 554.289 210.667 117 71.04594 26.91221 5.80401 132.69 -471.80 32.12 2.278e+13 8.472e+13 4.240e+13 0.02306 210.66663 1.2978e+13 1.3280e+13 1.0563e+13 3.6217e+12 0.0000e+00 70.38870 14.17 0.03778 0.87673 0.69636 55.90291 127.54607 32.37109 0.16195 0.03386 2.09682 61.67761 59.53849 0.7286 1.423e+13 1.962e+13
85 83 1.5694e+13 451.19 386.15 590.538 114.853 51 42.90986 29.99488 74.90663 380.36 117.89 -238.27 8.421e+13 8.163e+13 -1.127e+14 0.04013 114.85277 1.5694e+13 1.5996e+13 1.0563e+13 8.7524e+12 3.0181e+12 17.45262 0.00 0.04595 0.53928 0.40995 113.22340 48.49035 -8.93604 0.56511 0.25037 89.86983 29.17697 -37.92883 0.5307 1.703e+13 1.056e+13
86 84 9.6578e+12 371.66 331.19 502.300 126.904 73 43.45414 30.35255 74.87678 38.76 -103.80 -370.71 8.751e+13 -5.100e+13 -5.397e+13 0.06017 126.90392 9.6578e+12 1.0563e+13 8.1488e+12 4.5271e+12 0.0000e+00 95.53156 0.00 0.07281 0.80860 0.35151 100.12993 -34.78978 -52.71109 0.23769 0.07516 98.74714 -8.76819 -57.88501 0.5454 9.560e+12 9.658e+12
87 81 8.1488e+12 356.17 332.29 474.644 105.831 42 44.76380 30.38654 73.96511 119.63 -142.36 -48.62 -1.400e+14 6.737e+12 6.283e+13 0.09008 105.83124 8.1488e+12 8.4506e+12 6.0361e+12 4.2253e+12 0.0000e+00 40.37701 0.00 0.12933 0.67742 0.57696 -23.78976 -57.51204 107.27937 0.40604 0.08843 65.59830 52.34874 60.72197 0.6657 7.786e+12 6.942e+12
88 82 1.5090e+13 538.45 495.60 582.868 43.831 72 46.18700 30.38222 73.39999 -168.09 -78.67 -136.15 7.802e+13 -1.828e+13 7.842e+13 0.03059 43.83137 1.5090e+13 1.5090e+13 1.4185e+13 1.0563e+13 6.6398e+12 31.19644 0.00 0.03381 0.92353 0.88265 25.33998 72.08640 36.77274 0.73741 0.65176 12.16063 53.24028 53.63890 0.6340 1.801e+13 6.640e+12
89 52 6.6398e+12 351.68 306.51 443.324 67.958 61 71.89529 29.21763 6.06634 -69.67 -257.26 395.00 -5.439e+13 -8.196e+13 -6.766e+12 0.07415 67.95814 6.9416e+12 7.5452e+12 6.6398e+12 6.0361e+11 0.0000e+00 42.98820 31.91 0.11680 0.19682 0.01965 59.94791 -64.75343 140.18510 0.00000 0.00000 0.00000 0.00000 0.00000 0.6861 8.694e+12 2.414e+12
90 53 1.2374e+13 452.84 403.74 545.559 65.726 53 72.29188 29.86426 6.35589 -588.53 -565.75 -173.02 -3.255e+13 -1.005e+14 3.300e+13 0.04272 65.72618 1.2978e+13 1.2374e+13 1.1770e+13 9.6578e+12 2.7163e+12 41.32574 21.43 0.04644 0.68653 0.56671 108.21284 -45.64841 -4.00350 0.41609 0.30509 96.88794 -9.66829 18.64322 0.5514 1.359e+13 6.942e+12
91 54 4.9195e+13 647.94 688.82 864.257 218.274 106 71.93535 29.88918 6.28774 -48.41 -773.40 171.25 -3.381e+14 7.035e+14 -2.775e+14 0.02408 194.13765 4.9195e+13 5.0100e+13 4.0140e+13 2.9275e+13 6.6398e+12 50.82297 88.96 0.03485 0.52415 0.46932 132.79861 -38.55259 33.93348 0.38065 0.26604 98.53873 -17.72668 28.36142 0.7320 4.316e+13 4.919e+13
92 93 9.0542e+12 469.27 366.34 491.610 32.524 39 52.67038 44.21125 44.45871 77.80 -270.70 -194.62 -4.805e+13 7.260e+13 -3.986e+13 0.06723 32.52378 9.0542e+12 9.0542e+12 7.8470e+12 6.0361e+12 4.2253e+12 59.41604 28.37 0.06764 0.78404 0.50350 -23.72805 -25.74356 66.17143 0.77394 0.48859 -38.39164 11.26002 48.04893 0.5137 1.064e+13 3.923e+12
93 93 3.7122e+13 572.52 639.45 786.832 314.872 192 52.63552 43.95570 44.74183 31.41 -213.99 32.61 -3.712e+14 4.732e+14 -1.818e+14 0.02403 240.42715 3.7122e+13 3.8631e+13 3.1388e+13 1.4789e+13 4.8289e+12 206.01091 31.04 0.04226 0.20214 0.10585 10.98528 154.63976 -135.38736 0.24121 0.15913 9.44054 109.41828 -78.50452 0.8001 3.348e+13 5.191e+13
94 87 5.0704e+13 652.60 704.44 873.005 208.255 226 39.50005 4.93680 5.48412 -15.14 386.96 76.86 3.635e+14 -1.925e+15 1.804e+15 0.08158 200.96062 5.0704e+13 5.3420e+13 4.3762e+13 2.7163e+13 1.2374e+13 79.66042 37.55 0.10654 0.49863 0.30893 99.30578 -59.14921 -92.88924 0.54392 0.23293 80.10529 -30.31051 -71.82548 0.6886 4.528e+13 4.889e+13
95 79 1.2072e+12 180.75 291.04 251.150 93.384 43 67.94508 24.98430 12.74013 216.67 67.67 48.16 5.815e+12 4.159e+11 -2.230e+12 0.27899 93.38383 1.2072e+12 1.2072e+12 0.0000e+00 0.0000e+00 0.0000e+00 54.14771 417.11 0.12671 0.71339 0.10380 126.40991 126.52468 48.78891 0.00000 0.00000 0.00000 0.00000 0.00000 13.5627 5.956e+12 1.509e+12
96 79 3.3199e+12 269.75 135.59 351.866 66.840 59 67.30856 25.37532 13.95278 47.55 9.80 -64.01 2.288e+12 5.092e+12 -2.900e+12 0.02120 66.83952 3.3199e+12 3.9235e+12 2.7163e+12 0.0000e+00 0.0000e+00 75.73775 0.00 0.02366 0.38451 0.21694 -129.37390 -1.11776 133.74432 0.00000 0.00000 0.00000 0.00000 0.00000 0.2611 7.754e+12 2.716e+12
97 80 1.2676e+13 412.30 391.06 549.959 123.571 117 66.58043 25.72368 15.68379 59.32 -81.04 -149.83 2.103e+13 -2.913e+13 -2.009e+13 0.01244 123.57073 1.2676e+13 1.3581e+13 1.1770e+13 4.8289e+12 0.0000e+00 35.93296 31.40 0.01660 0.54344 0.48987 -71.68584 69.17367 89.31692 0.43182 0.08950 -40.70631 83.36140 17.62697 0.6404 1.522e+13 1.177e+13
98 85 4.6780e+13 635.00 655.78 849.880 221.036 218 86.36744 14.30634 0.26689 -124.88 29.54 112.67 -1.118e+14 -1.248e+14 -1.518e+13 0.00630 196.45731 4.7082e+13 4.8289e+13 3.8028e+13 2.5654e+13 1.0261e+13 111.49192 25.13 0.00770 0.44571 0.34780 139.34180 -4.96928 -49.51768 0.43819 0.31364 105.68453 6.79498 -41.34553 0.6342 4.122e+13 4.738e+13
99 97 4.7384e+13 638.13 619.28 853.520 468.377 218 89.77219 34.72069 66.05681 -27.47 -169.82 -233.54 -6.964e+14 -5.971e+13 9.339e+13 0.02757 196.20799 4.7384e+13 4.9496e+13 4.4064e+13 2.2636e+13 9.3560e+12 41.58598 39.27 0.03158 0.78357 0.56669 -67.52559 -43.04152 105.64629 0.58571 0.39178 -53.04554 -13.57286 69.15863 0.5759 4.454e+13 6.097e+13
100 68 4.7384e+13 687.91 696.18 853.520 228.168 215 66.37998 95.96871 66.28165 -56.17 360.37 -172.85 1.763e+14 1.365e+14 -6.166e+13 0.00832 119.73478 4.7384e+13 4.9798e+13 4.2555e+13 2.5050e+13 1.4185e+13 47.20910 30.63 0.01036 0.62669 0.41462 -59.36071 97.69764 61.84755 0.87998 0.47933 -8.95892 71.15591 54.89327 0.6702 4.241e+13 4.980e+13
101 98 2.3541e+13 545.32 541.91 675.998 94.371 155 78.47297 74.22812 55.84857 -467.48 -175.37 -260.01 -2.138e+13 -2.266e+14 -2.157e+12 0.02758 94.37096 2.3541e+13 2.4446e+13 2.2636e+13 1.5694e+13 4.5271e+12 32.03444 0.00 0.03271 0.54464 0.40733 121.24306 -7.75723 -10.07076 0.55452 0.35948 86.33530 5.05730 -19.72147 0.6379 2.369e+13 1.479e+13
102 99 2.1127e+12 221.91 185.19 302.654 84.109 50 81.04916 73.56522 54.97788 -621.14 -41.27 65.71 1.400e+12 1.006e+12 -1.423e+12 0.00648 84.10858 2.1127e+12 2.1127e+12 9.0542e+11 0.0000e+00 0.0000e+00 51.57526 31.55 0.01786 0.56383 0.00000 173.38914 42.84218 65.98206 0.00000 0.00000 0.00000 0.00000 0.00000 0.8388 3.452e+12 2.113e+12
103 96 5.6438e+13 699.36 682.47 904.748 277.215 186 79.49257 85.69099 5.07806 -38.91 177.65 199.09 3.126e+14 -2.619e+14 9.637e+13 0.01135 162.56685 5.6438e+13 5.7042e+13 5.1911e+13 3.3501e+13 8.7524e+12 99.35391 67.04 0.01402 0.53475 0.21602 159.07510 -19.15065 -88.61901 0.52877 0.25402 106.80972 4.07034 -57.80307 0.6309 5.268e+13 5.915e+13
104 73 9.0542e+11 184.16 188.50 228.185 31.778 154 70.03265 72.84328 48.19468 -57.76 -132.45 380.91 -2.878e+12 1.076e+12 1.506e+11 0.06593 31.77810 9.0542e+11 1.2072e+12 9.0542e+11 6.0361e+11 0.0000e+00 70.71394 0.00 0.10089 0.00000 0.00000 0.00000 0.00000 0.00000 0.00000 0.00000 0.00000 0.00000 0.00000 2.0100 1.136e+13 6.036e+11
105 101 2.7163e+12 259.23 164.49 329.100 52.581 28 0.86167 20.31405 53.56588 -8.32 -47.94 -177.44 1.889e+12 -1.270e+13 2.268e+12 0.04918 52.58061 3.0181e+12 2.7163e+12 2.7163e+12 3.0181e+11 0.0000e+00 52.07603 11.50 0.06852 0.08564 0.04719 53.41262 75.97392 31.24497 0.00000 0.00000 0.00000 0.00000 0.00000 0.4826 4.127e+12 1.509e+12
106 101 3.6217e+13 599.85 597.90 780.382 159.110 164 1.55808 19.36552 53.02382 -202.94 317.12 -147.16 -6.647e+13 -4.376e+14 2.543e+14 0.02906 145.57657 3.6217e+13 3.6519e+13 3.3199e+13 1.9919e+13 7.5452e+12 54.71279 10.97 0.03578 0.52817 0.27267 -1.30256 132.92693 35.02956 0.42295 0.20670 -0.64124 102.31363 17.82262 0.6373 3.417e+13 3.199e+13
107 1 1.2072e+12 181.89 337.95 251.150 82.324 144 18.24020 9.91253 1.76380 462.66 -170.89 -110.76 5.221e+12 -6.079e+11 -1.748e+13 0.61128 82.32420 1.8108e+12 1.5090e+12 9.0542e+11 0.0000e+00 0.0000e+00 130.87259 153.04 0.37052 0.33955 0.00000 60.32670 -56.87658 119.30595 0.00000 0.00000 0.00000 0.00000 0.00000 6.5618 1.398e+13 1.811e+12
108 100 2.4748e+13 508.49 510.80 687.361 173.958 155 76.21635 4.11042 31.90117 -561.06 7.79 -256.06 -9.134e+13 -2.452e+13 1.994e+14 0.02032 173.95773 2.4748e+13 2.7163e+13 2.1730e+13 7.8470e+12 0.0000e+00 103.25793 0.00 0.02918 0.83720 0.41985 -27.32379 82.83742 125.45528 0.04348 0.00000 137.80116 -31.77290 10.61525 0.6905 2.377e+13 2.505e+13
109 8 7.2434e+12 328.50 419.13 456.370 168.891 164 33.40115 13.22214 6.46378 -417.97 -315.88 381.01 -4.693e+13 6.818e+13 2.975e+12 0.05459 168.89050 7.8470e+12 8.1488e+12 4.2253e+12 1.8108e+12 0.0000e+00 43.73969 72.25 0.08487 0.82657 0.31106 213.51831 69.28510 -32.70374 0.00000 0.00000 91.56799 -30.09605 46.75341 1.3370 1.994e+13 1.358e+13
110 102 4.0442e+13 610.43 588.38 809.621 194.425 185 37.76828 10.69953 9.12513 -163.45 307.99 -52.77 9.399e+14 -6.513e+14 3.940e+14 0.06459 173.77144 4.0442e+13 4.2857e+13 3.5613e+13 2.2334e+13 1.0261e+13 81.92563 28.14 0.07053 0.60427 0.43053 -68.82045 20.63663 103.78008 0.49621 0.34697 -30.34409 25.44922 87.73551 0.5479 3.718e+13 4.014e+13
111 69 9.0542e+12 374.68 423.25 491.610 97.307 56 66.56154 24.35135 89.70369 74.40 294.35 183.94 6.920e+13 1.479e+14 -3.960e+13 0.00877 97.30666 9.0542e+12 9.0542e+12 7.2434e+12 4.8289e+12 0.0000e+00 98.48172 146.60 0.11869 0.48263 0.07696 5.56866 103.12197 -41.12987 0.48468 0.02772 -13.65521 103.64114 2.93536 1.0035 7.959e+12 6.942e+12
112 70 3.8330e+13 598.51 604.24 795.270 217.724 128 66.73939 24.65385 89.44627 240.89 -202.79 83.51 -7.733e+14 3.017e+14 -3.732e+14 0.04884 173.17194 3.8631e+13 3.9235e+13 3.5311e+13 2.0825e+13 6.0361e+12 84.29786 55.70 0.05804 0.57169 0.46520 -51.85659 -88.86955 94.90751 0.65891 0.49099 -24.39084 -52.30415 80.00632 0.6174 3.495e+13 3.923e+13
113 106 3.6821e+13 606.29 596.04 784.694 167.259 151 78.52785 25.15372 79.32640 -150.85 -237.59 -37.30 -4.778e+14 -6.215e+14 -3.470e+13 0.04415 141.40234 3.6821e+13 3.7122e+13 3.4708e+13 2.4145e+13 5.1307e+12 35.93885 22.93 0.05351 0.58831 0.32046 -93.56736 15.27910 144.26501 0.52961 0.13942 -62.74850 -12.02814 122.57735 0.6216 3.443e+13 3.410e+13
114 62 1.9014e+13 551.32 592.22 629.545 59.166 133 71.40366 23.73399 4.23531 163.89 -414.73 -15.45 5.127e+13 7.242e+13 1.557e+14 0.01687 59.16566 1.9014e+13 2.0523e+13 1.5392e+13 1.1770e+13 7.2434e+12 61.16107 0.00 0.03676 0.48029 0.27996 -49.26280 54.99918 84.09524 0.45933 0.14219 -36.83427 44.21795 71.98862 0.8920 2.401e+13 8.752e+12
115 61 1.2072e+12 184.33 307.74 251.150 69.004 44 71.40874 23.49296 4.11895 241.68 291.05 -359.30 -6.981e+12 -2.580e+12 1.408e+12 0.26210 69.00390 1.2072e+12 1.2072e+12 6.0361e+11 3.0181e+11 0.0000e+00 111.72633 211.00 0.15378 0.17894 0.00000 43.92139 67.85747 -31.64830 0.00000 0.00000 0.00000 0.00000 0.00000 6.9591 5.338e+12 1.207e+12
116 92 4.2857e+13 682.21 660.22 825.423 132.983 174 69.42046 37.91560 55.47633 -17.90 -270.75 -12.95 -5.635e+14 7.184e+14 -1.078e+14 0.04270 101.58839 4.2857e+13 4.4064e+13 3.3802e+13 2.6559e+13 1.3581e+13 27.52552 54.62 0.04867 0.84047 0.61978 52.43459 82.62500 -53.85498 0.82557 0.62814 -18.84136 -47.59775 69.41580 0.6184 3.789e+13 3.018e+13
117 103 3.0784e+13 592.48 579.27 739.231 172.334 172 90.14895 91.34221 23.02238 -59.93 388.95 -15.09 1.945e+13 7.631e+13 1.677e+14 0.01532 106.92263 3.0784e+13 3.1690e+13 2.9275e+13 2.0221e+13 6.9416e+12 76.93748 6.59 0.01702 0.93765 0.64202 -8.33210 32.91041 112.03507 0.96973 0.63191 16.93611 62.57030 -59.59476 0.5986 3.170e+13 3.018e+13
118 108 8.7524e+12 448.41 317.35 486.086 36.760 62 59.36903 0.69715 63.31719 182.00 1.46 161.40 8.988e+13 1.947e+13 1.495e+13 0.07377 36.76032 8.7524e+12 9.0542e+12 7.5452e+12 5.4325e+12 3.9235e+12 34.88234 0.00 0.06965 0.64080 0.37038 78.49032 38.31774 23.30538 0.65405 0.39960 57.45166 20.08872 38.51798 0.4185 9.508e+12 3.923e+12
119 109 2.5352e+13 523.02 493.40 692.904 147.397 107 58.00789 0.45791 67.17799 287.03 45.17 -37.41 1.777e+14 1.995e+14 1.576e+14 0.03509 147.39680 2.5352e+13 2.5352e+13 2.4145e+13 1.4487e+13 6.0361e+12 18.03219 0.00 0.03940 0.68727 0.57877 8.64070 35.47042 113.95073 0.67950 0.42444 -48.91970 6.13693 60.44517 0.5550 2.406e+13 2.384e+13
120 107 3.0784e+13 601.88 580.25 739.231 206.206 169 39.11800 83.72678 96.25742 235.69 213.57 59.43 -2.746e+14 -1.564e+14 3.393e+13 0.02630 98.23808 3.0784e+13 3.2293e+13 2.8974e+13 1.8712e+13 9.9596e+12 47.54975 2.11 0.02921 0.98489 0.62816 99.57080 24.08488 39.03504 0.71954 0.45116 79.40096 -34.06187 15.75279 0.5962 2.891e+13 3.410e+13
121 111 2.2636e+13 508.55 457.59 667.217 132.007 169 66.31806 92.94371 27.38183 189.39 294.05 49.90 1.188e+14 -7.303e+13 -2.314e+14 0.03893 132.00742 2.2636e+13 2.3239e+13 1.7203e+13 1.3883e+13 5.4325e+12 37.64510 2.54 0.04146 0.83136 0.36475 57.19562 83.17281 -46.43450 0.74110 0.40751 -45.19884 -11.00402 77.17961 0.5113 2.626e+13 1.630e+13
122 110 2.5654e+13 576.28 564.38 695.643 84.634 166 67.50085 81.83047 47.23250 -4.82 81.29 -176.39 1.737e+14 3.466e+13 2.427e+14 0.03283 84.63355 2.5654e+13 2.7464e+13 2.4748e+13 2.0825e+13 7.2434e+12 35.06886 0.00 0.03742 0.87436 0.53008 -20.23739 115.33912 41.06397 0.85890 0.44220 -27.67514 98.50817 24.53051 0.6202 2.787e+13 1.418e+13
123 164 6.9416e+12 333.94 325.62 449.942 110.390 64 76.21702 31.78246 62.00549 98.47 -85.67 -127.27 1.419e+13 6.523e+13 1.442e+13 0.04114 110.39019 6.9416e+12 7.5452e+12 6.0361e+12 1.5090e+12 0.0000e+00 140.54620 17.34 0.07513 0.10012 0.00000 266.53552 2.17344 209.47345 0.32457 0.00000 0.93266 20.19174 82.33538 0.7724 8.571e+12 6.640e+12
124 158 1.2072e+12 197.81 226.57 251.150 40.153 65 77.93386 30.59401 63.47192 125.52 -0.25 -132.50 -3.729e+12 5.001e+12 -4.747e+12 0.11810 40.15258 1.2072e+12 1.5090e+12 1.2072e+12 6.0361e+11 0.0000e+00 74.98429 0.00 0.15914 0.89670 0.57902 55.79822 -33.27515 -35.35954 0.00000 0.00000 0.00000 0.00000 0.00000 1.8535 5.328e+12 6.036e+11
125 136 2.2937e+13 513.93 476.64 670.170 127.033 159 99.35545 25.05340 71.10358 -353.05 54.46 87.25 -2.754e+13 4.094e+13 -1.550e+14 0.01931 127.03310 2.2937e+13 2.3843e+13 1.5392e+13 7.5452e+12 6.0361e+12 105.23602 0.00 0.02441 0.68001 0.41996 -19.43699 -44.30584 100.17122 0.86902 0.36028 67.73330 18.90633 -23.42739 0.6113 2.030e+13 1.539e+13
126 113 2.0523e+13 506.75 497.45 645.778 105.555 105 29.91161 24.25511 15.39389 271.72 -453.92 37.47 -1.392e+14 1.144e+14 -3.169e+13 0.02853 105.55476 2.0523e+13 2.0523e+13 1.9617e+13 1.3280e+13 5.1307e+12 55.65006 0.00 0.03303 0.54093 0.20407 133.29634 -15.79988 -19.95844 0.45005 0.15296 99.23640 -8.23671 -7.95089 0.6070 1.980e+13 1.449e+13
127 114 8.1488e+12 351.32 302.13 474.644 119.493 53 32.67914 23.98963 16.70382 86.60 -392.74 -67.63 1.599e+13 3.059e+13 2.800e+13 0.02850 119.49279 8.1488e+12 8.4506e+12 7.2434e+12 9.0542e+11 0.0000e+00 26.52469 0.00 0.03743 0.33513 0.04291 129.53160 -26.29909 135.22731 0.44501 0.12302 32.34404 -35.99446 95.22706 0.5800 7.313e+12 8.149e+12
128 166 1.4487e+13 521.81 471.57 574.990 46.472 81 50.77084 63.70488 15.20778 137.92 -59.90 299.18 -5.947e+13 -1.659e+13 1.442e+13 0.01997 46.47187 1.4487e+13 1.5090e+13 1.4487e+13 1.2072e+13 6.0361e+12 44.94897 0.00 0.02046 0.85903 0.61332 15.49410 11.83111 88.10093 0.72818 0.48853 -13.32048 -39.31662 67.63544 0.5816 1.643e+13 6.640e+12
129 167 9.6578e+12 366.63 317.37 502.300 147.294 76 53.22191 66.06969 18.54129 146.50 -97.41 121.34 6.759e+12 -2.215e+13 -2.873e+13 0.01930 147.29396 9.6578e+12 1.0865e+13 7.2434e+12 4.2253e+12 1.5090e+12 34.89643 0.00 0.02341 0.84165 0.31511 34.36791 88.08322 58.65652 0.15089 0.03046 78.43747 2.42520 -24.50347 0.5423 9.328e+12 1.117e+13
130 116 4.5271e+12 283.88 312.51 390.191 119.439 62 61.63178 9.49579 87.55685 212.78 127.32 84.85 5.470e+12 4.690e+13 7.515e+11 0.03266 119.43944 4.5271e+12 4.5271e+12 2.7163e+12 6.0361e+11 0.0000e+00 55.09381 0.00 0.10591 0.27154 0.03929 65.72683 111.43729 95.75301 0.00000 0.00000 0.00000 0.00000 0.00000 1.0853 6.259e+12 5.433e+12
131 117 1.5694e+13 468.25 370.65 590.538 90.760 94 62.51461 9.74155 89.04861 71.23 185.79 -31.68 -2.034e+12 -9.982e+13 1.255e+14 0.04038 90.75970 1.5694e+13 1.7203e+13 9.6578e+12 5.4325e+12 4.2253e+12 47.24406 6.12 0.04530 0.32869 0.20179 102.83946 -5.67810 -79.36536 0.37627 0.19331 62.81771 -30.65231 -59.98415 0.4853 1.550e+13 6.942e+12
132 122 2.2334e+13 524.46 494.61 664.239 104.645 155 81.10833 15.71413 2.03128 -213.17 225.36 -15.55 -1.711e+14 -4.399e+13 -1.270e+13 0.02320 104.64478 2.2334e+13 2.5352e+13 1.8712e+13 1.1770e+13 3.9235e+12 20.49707 0.00 0.02779 0.75968 0.57154 102.63200 -71.04450 31.04007 0.82803 0.56769 94.65292 -39.76967 19.15165 0.6101 2.325e+13 1.388e+13
133 129 2.0825e+13 516.92 494.83 648.928 97.147 122 95.99932 28.92096 64.22398 -99.43 137.73 135.33 4.583e+13 -2.740e+14 2.616e+13 0.04230 97.14727 2.0825e+13 2.1428e+13 1.6298e+13 1.2978e+13 4.8289e+12 10.93941 0.00 0.04919 0.49227 0.33524 69.11781 33.59057 96.83066 0.52663 0.29285 40.73161 31.07103 85.23772 0.6061 1.889e+13 1.388e+13
134 130 4.5271e+12 307.98 212.51 390.191 61.588 31 97.43952 31.88579 63.72161 -295.32 -86.42 147.33 -1.097e+13 2.272e+13 -5.886e+12 0.04645 61.58769 4.5271e+12 4.8289e+12 4.5271e+12 0.0000e+00 0.0000e+00 38.60079 0.00 0.05811 0.20569 0.00000 53.27978 -65.96551 168.35355 0.00000 0.00000 0.00000 0.00000 0.00000 0.4727 4.677e+12 2.113e+12
135 120 2.9577e+13 598.17 548.35 729.439 93.409 152 81.80665 29.75770 66.95454 -67.62 -81.71 -21.91 5.165e+14 -2.875e+14 2.455e+14 0.05706 93.40946 2.9577e+13 2.9577e+13 2.8672e+13 2.0221e+13 0.0000e+00 15.26322 0.00 0.06287 0.83812 0.69139 105.92467 70.97980 -79.03880 0.67133 0.47748 -75.57975 -14.38735 97.02085 0.5733 3.219e+13 1.720e+13
136 42 3.3199e+13 567.62 532.53 758.073 232.550 125 52.45276 52.44551 39.13967 206.20 -109.66 -166.77 1.207e+14 -3.416e+14 -7.818e+13 0.02581 172.08096 3.3199e+13 3.3802e+13 2.7766e+13 1.7505e+13 4.2253e+12 7.06464 5.27 0.03003 0.87432 0.40306 93.89118 -80.77634 71.03468 0.41502 0.31291 -46.74287 -60.66372 95.89516 0.5650 2.899e+13 3.501e+13
137 104 2.5955e+13 548.22 553.00 698.361 113.884 148 46.87597 93.71484 76.33077 249.17 48.53 57.02 1.408e+14 1.187e+13 3.417e+12 0.01377 113.88396 2.5955e+13 2.6559e+13 2.2937e+13 1.3280e+13 7.2434e+12 123.09670 0.00 0.01727 0.88502 0.47941 -46.24854 -23.47061 108.47111 0.91906 0.64521 -26.55256 54.03405 -50.17886 0.6568 2.312e+13 1.720e+13
138 115 3.1388e+13 586.46 587.05 744.032 131.991 148 61.41848 27.35612 86.94083 288.29 -266.10 115.30 -9.646e+13 -3.573e+14 -3.355e+13 0.02770 118.40770 3.1388e+13 3.2293e+13 2.5955e+13 1.9316e+13 6.6398e+12 63.71552 9.30 0.03307 0.73525 0.55650 -30.70801 -10.23370 114.41512 0.73001 0.61069 23.18992 -27.76944 85.43649 0.6353 2.760e+13 2.354e+13
139 124 2.9879e+13 542.45 581.37 731.912 181.987 146 90.25699 12.73229 99.53033 -139.40 387.00 217.88 -5.526e+13 -1.416e+13 4.143e+14 0.02905 181.98705 2.9879e+13 3.1086e+13 2.7464e+13 1.4487e+13 4.5271e+12 105.28528 0.00 0.04039 0.81550 0.32150 50.17305 100.24666 45.17810 0.89242 0.19354 82.06871 48.53912 10.72681 0.7038 2.722e+13 2.988e+13
140 118 1.2978e+13 436.24 409.47 554.289 89.002 96 96.23409 96.29787 92.73182 60.93 549.90 399.64 -2.457e+13 -1.226e+13 2.037e+13 0.01140 89.00198 1.2978e+13 1.3581e+13 1.2374e+13 7.8470e+12 3.0181e+12 91.86133 0.00 0.01325 0.46067 0.36947 95.91213 53.29572 42.45339 0.43092 0.33987 41.68216 16.91205 56.16418 0.5847 1.438e+13 9.054e+12
141 119 4.8289e+12 315.38 268.01 398.676 62.116 50 97.21591 98.01154 93.57462 81.70 374.18 286.70 -4.613e+13 -4.287e+13 2.118e+13 0.09502 62.11622 4.8289e+12 5.1307e+12 4.2253e+12 3.3199e+12 0.0000e+00 71.22770 69.71 0.13382 0.73059 0.29880 48.78822 82.52286 44.12767 0.65729 0.01546 51.08050 80.81080 37.64974 0.6471 7.773e+12 3.622e+12
142 121 2.6257e+13 554.74 511.91 701.057 109.042 130 57.47665 29.64421 28.75187 82.54 -113.11 554.98 1.783e+14 -2.669e+14 1.057e+14 0.03197 109.04191 2.6257e+13 2.8370e+13 1.9014e+13 1.0563e+13 7.5452e+12 73.06824 0.00 0.04048 0.57701 0.39413 115.37190 76.56260 -50.69702 0.90316 0.36688 31.89060 21.33793 65.34668 0.6325 2.368e+13 1.449e+13
143 125 2.0825e+13 550.98 527.71 648.928 70.123 141 38.87037 52.02356 42.60865 335.07 -134.27 -59.43 -1.394e+13 -1.091e+14 7.122e+13 0.01939 70.12305 2.0825e+13 2.3843e+13 1.9014e+13 1.2374e+13 6.3380e+12 27.91601 0.00 0.02310 0.82821 0.59814 -38.02887 76.73396 -52.44166 0.83721 0.62377 -40.17790 35.70770 -51.89516 0.6474 2.369e+13 1.056e+13
144 128 2.4748e+13 525.08 460.26 687.361 133.843 121 38.25938 26.93167 50.00189 462.82 -175.44 -142.52 -2.215e+14 4.970e+13 -4.403e+13 0.02849 133.84288 2.4748e+13 2.5050e+13 1.9919e+13 1.2374e+13 5.1307e+12 15.50977 0.00 0.03057 0.73393 0.47833 -19.03144 60.48936 105.42268 0.81762 0.56697 56.68811 37.95372 61.57154 0.5064 2.182e+13 1.901e+13
145 132 1.3581e+13 450.99 406.82 562.753 81.437 99 41.62147 21.82080 14.12647 2.75 -250.07 161.21 9.256e+13 -9.639e+13 -6.706e+13 0.04515 81.43684 1.3581e+13 1.4185e+13 9.9596e+12 7.8470e+12 2.1127e+12 70.57056 9.32 0.05374 0.78389 0.46258 83.18847 48.64962 -19.79603 0.46180 0.40965 74.41830 35.70408 6.81397 0.5930 1.326e+13 8.451e+12
146 133 4.2253e+12 278.77 252.46 381.320 109.638 36 42.87752 22.45223 14.33307 -173.17 -295.56 -35.10 2.203e+13 -3.191e+13 -1.706e+13 0.04943 109.63795 4.2253e+12 4.5271e+12 1.8108e+12 0.0000e+00 0.0000e+00 52.93594 33.23 0.10659 0.43453 0.00000 -14.94730 201.09126 74.77338 0.00000 0.00000 0.00000 0.00000 0.00000 0.7880 5.302e+12 4.829e+12
147 126 7.5452e+12 395.50 293.26 462.623 48.428 42 42.13704 1.67174 23.61552 518.75 321.43 -1.32 1.571e+13 -8.946e+12 1.958e+13 0.02459 48.42810 7.5452e+12 8.1488e+12 6.0361e+12 3.9235e+12 3.0181e+12 68.33147 0.00 0.02551 0.59611 0.34314 -18.55739 -48.18087 56.89491 0.65601 0.34322 -19.14008 -44.22736 45.45535 0.4547 7.060e+12 3.320e+12
148 127 1.6599e+13 507.19 470.18 601.683 67.269 93 42.81704 1.76308 23.35098 -27.28 363.48 158.20 8.314e+12 8.574e+13 -8.749e+13 0.02875 67.26939 1.6599e+13 1.7807e+13 1.5694e+13 9.6578e+12 6.0361e+12 100.42960 12.88 0.03159 0.59478 0.40147 99.93080 8.99432 -3.76992 0.76421 0.53163 74.41882 14.75466 2.59313 0.5875 1.717e+13 8.451e+12
149 112 3.2897e+13 567.45 540.51 755.769 280.597 130 52.08765 40.37671 48.31656 114.82 -271.53 -109.62 -6.670e+14 2.287e+14 -2.121e+14 0.05179 167.71173 3.2897e+13 3.3199e+13 2.8370e+13 1.8410e+13 3.3199e+12 82.63061 11.19 0.06058 0.29383 0.22149 -49.54742 -9.90649 137.14748 0.23466 0.22118 -40.35034 -12.63775 106.90031 0.5732 3.026e+13 3.592e+13
150 135 1.9014e+13 537.81 497.74 629.545 66.126 123 2.80004 1.68153 0.89722 -134.61 536.97 -22.80 -6.006e+13 -1.340e+14 -1.180e+14 0.03512 66.12598 1.9316e+13 1.9919e+13 1.8410e+13 1.2374e+13 6.9416e+12 72.44446 10.48 0.03864 0.70203 0.63520 27.97878 -70.47759 76.92081 0.95294 0.68653 17.43881 -7.84821 78.38901 0.5912 1.906e+13 8.752e+12
151 123 2.3541e+13 510.31 494.53 675.998 143.686 118 75.75394 30.56041 8.57454 -362.40 -450.60 -147.54 9.219e+13 4.588e+14 4.292e+12 0.04253 143.68613 2.3541e+13 2.3843e+13 2.0523e+13 9.0542e+11 0.0000e+00 14.14144 0.00 0.06726 0.00652 0.00000 120.59320 102.79977 381.14929 0.64124 0.18527 -9.40264 53.12560 80.91754 0.7316 2.106e+13 2.052e+13
152 94 1.6298e+13 461.16 453.28 598.014 109.152 113 66.63464 84.44296 46.50936 118.20 -39.97 -65.05 9.251e+13 5.115e+13 -9.164e+12 0.02227 109.15196 1.6298e+13 1.8712e+13 1.3280e+13 8.7524e+12 3.9235e+12 104.28683 0.00 0.02814 0.56911 0.41674 -24.00782 61.83544 80.81478 0.72726 0.47019 -17.22177 52.39388 48.74554 0.6399 1.677e+13 1.117e+13
153 138 2.6861e+13 593.66 580.82 706.388 80.118 111 25.66349 57.99387 25.64891 265.14 -93.53 160.84 2.810e+13 -6.646e+13 -2.005e+12 0.00748 80.11805 2.6861e+13 2.6861e+13 2.5050e+13 1.8712e+13 9.0542e+12 48.76186 0.00 0.00833 0.66200 0.43955 -66.79266 -29.39705 84.06816 0.57403 0.40961 61.07850 -19.90737 -55.90845 0.6179 2.700e+13 1.600e+13
154 149 1.6599e+13 478.08 422.17 601.683 91.372 111 26.02695 38.23155 29.23835 276.73 -245.22 55.72 -2.235e+13 -4.841e+13 -8.910e+13 0.02090 91.37193 1.6599e+13 1.6901e+13 1.5392e+13 9.9596e+12 0.0000e+00 37.69434 0.00 0.02671 0.04249 0.02802 -37.22142 227.16594 73.90963 0.06162 0.03232 -29.65614 124.03105 38.88749 0.6230 1.688e+13 1.117e+13
155 142 1.8108e+12 221.46 207.54 287.495 52.865 40 68.68322 83.04458 43.05387 -344.62 88.21 111.25 -4.494e+12 -3.896e+12 6.032e+11 0.02088 52.86534 1.8108e+12 2.4145e+12 1.8108e+12 0.0000e+00 0.0000e+00 115.52542 0.00 0.06174 0.69396 0.00000 20.94416 95.01917 53.00800 0.00000 0.00000 0.00000 0.00000 0.00000 1.1556 4.500e+12 9.054e+11
156 143 6.0361e+11 145.70 0.00 199.338 57.469 70 69.49399 85.61086 41.22379 -387.23 57.73 117.78 2.686e+12 2.834e+11 -7.104e+11 0.09114 57.46896 6.0361e+11 6.0361e+11 0.0000e+00 0.0000e+00 0.0000e+00 190.14624 84.27 0.18000 0.00000 0.00000 0.00000 0.00000 0.00000 0.00000 0.00000 0.00000 0.00000 0.00000 0.0000 6.105e+12 6.036e+11
157 141 3.9235e+12 274.32 156.34 372.016 97.247 110 95.27383 28.14854 70.40527 -94.72 -80.48 -161.14 -5.895e+12 -4.192e+12 -1.337e+13 0.03392 97.24677 3.9235e+12 3.9235e+12 1.2072e+12 0.0000e+00 0.0000e+00 44.16350 22.29 0.04327 0.26680 0.08991 46.08484 133.99872 -132.93651 0.00000 0.00000 0.00000 0.00000 0.00000 0.3690 1.157e+13 3.923e+12
158 134 1.5090e+13 538.37 482.91 582.868 43.856 110 41.69305 29.27292 50.80566 266.57 -284.94 -260.82 -1.219e+14 -6.648e+13 8.333e+13 0.04540 43.85611 1.5090e+13 1.5392e+13 1.4185e+13 1.1469e+13 7.2434e+12 49.66313 0.00 0.04883 0.72459 0.66282 -7.34359 83.86184 39.03869 0.86774 0.72129 7.73561 73.68060 29.27545 0.6082 1.863e+13 7.243e+12
159 139 2.0825e+13 524.29 486.64 648.928 89.847 109 78.77325 10.28261 62.37078 -145.33 177.00 -28.97 -8.729e+12 2.853e+13 8.118e+13 0.01313 89.84692 2.0825e+13 2.1127e+13 1.8108e+13 9.9596e+12 6.3380e+12 45.52303 7.72 0.01525 0.69271 0.36455 84.42241 -36.61703 -42.21061 0.74243 0.40302 60.77359 23.38657 -31.99070 0.5965 1.935e+13 1.087e+13
160 140 6.0361e+11 177.64 0.00 199.338 17.378 48 31.33762 15.27905 10.10758 242.76 -355.22 -115.08 0.000e+00 0.000e+00 0.000e+00 0.00000 17.37836 6.0361e+11 6.0361e+11 6.0361e+11 6.0361e+11 0.0000e+00 113.32317 0.00 0.00000 0.00000 0.00000 0.00000 0.00000 0.00000 0.00000 0.00000 0.00000 0.00000 0.00000 0.0000 4.787e+12 0.000e+00
161 148 1.7807e+13 480.58 448.07 615.929 104.257 102 56.43379 55.40897 25.55331 -21.36 -96.66 282.76 -1.282e+14 5.902e+13 2.036e+14 0.04693 104.25711 1.7807e+13 1.8108e+13 1.5996e+13 9.3560e+12 4.5271e+12 98.52743 8.87 0.05670 0.67240 0.32892 -19.28430 114.17722 23.31406 0.92499 0.33508 -2.82431 -18.44374 81.45377 0.6113 1.689e+13 1.147e+13
162 156 1.9919e+13 490.89 469.21 639.384 120.235 100 45.33830 85.98663 74.37246 219.05 324.92 47.45 5.455e+13 -1.228e+13 -3.594e+13 0.01019 120.23520 1.9919e+13 1.9919e+13 1.6901e+13 1.1167e+13 1.8108e+12 103.95149 10.02 0.01262 0.76143 0.44671 -67.63865 39.03804 107.18797 0.72515 0.33187 -52.47012 72.80199 78.69886 0.6313 1.736e+13 1.509e+13
163 153 1.4789e+13 492.22 443.36 578.956 62.179 100 62.23801 75.95255 31.74720 -46.73 78.97 71.75 8.009e+13 1.069e+14 1.025e+14 0.04551 62.17916 1.4789e+13 1.5392e+13 1.2374e+13 8.7524e+12 5.7343e+12 68.89897 0.00 0.05250 0.55828 0.40500 -28.57589 96.06269 14.19180 0.67301 0.40905 -13.48879 71.86587 28.19630 0.6074 1.432e+13 8.149e+12
164 146 2.7464e+13 525.62 482.16 711.641 182.945 100 4.75022 12.30262 10.06206 -171.85 -177.94 -315.80 5.229e+13 4.396e+13 3.169e+13 0.00739 182.94502 2.7464e+13 2.8370e+13 2.3541e+13 1.2978e+13 0.0000e+00 27.66026 0.00 0.00837 0.82336 0.52742 50.75714 13.22387 131.12225 0.86519 0.43888 85.15251 -7.69570 41.85345 0.5317 2.450e+13 2.837e+13
165 157 1.6599e+13 472.65 412.07 601.683 97.715 97 85.26773 71.45227 10.13303 -289.54 210.64 115.04 3.762e+13 3.312e+13 4.599e+13 0.01645 97.71548 1.6599e+13 1.7203e+13 1.3883e+13 8.7524e+12 4.8289e+12 56.90665 0.00 0.01750 0.86469 0.46321 41.58157 -62.86944 74.01246 0.86519 0.64475 65.01328 30.38020 -31.98891 0.5000 1.461e+13 1.056e+13
166 147 2.3239e+13 508.91 471.00 673.096 141.380 96 22.67587 13.78267 29.69697 225.98 -16.46 24.15 -1.724e+14 2.329e+14 1.648e+14 0.04146 141.37962 2.3239e+13 2.3541e+13 2.1428e+13 1.1469e+13 0.0000e+00 48.52550 0.00 0.04895 0.41860 0.20397 145.09828 49.99620 113.12392 0.44703 0.32029 121.42816 59.51825 65.63299 0.5686 2.194e+13 2.143e+13
167 155 1.0865e+13 460.54 418.44 522.414 47.703 96 2.72563 12.11719 8.91711 -88.98 -143.82 -128.09 2.882e+13 -4.914e+13 4.022e+13 0.03312 47.70319 1.0865e+13 1.2072e+13 9.6578e+12 7.5452e+12 4.2253e+12 72.29339 0.00 0.03636 0.70274 0.36929 -26.98445 14.92718 90.13233 0.76611 0.35480 25.20882 26.41412 65.08017 0.5990 1.240e+13 5.433e+12
168 154 2.0523e+13 484.55 465.08 645.778 144.062 95 69.98122 25.70927 18.66970 -336.68 -24.70 -170.53 -9.036e+13 -1.975e+13 1.178e+14 0.02246 144.06168 2.0523e+13 2.1428e+13 1.5996e+13 1.2374e+13 3.6217e+12 89.52174 9.04 0.02705 0.90707 0.43800 -57.25871 69.55590 65.61423 0.78813 0.32212 -25.73079 63.66499 -53.93438 0.5954 1.809e+13 1.781e+13
169 95 1.3581e+13 451.93 368.86 562.753 80.516 92 65.72898 86.00204 45.18869 232.71 -61.06 102.51 1.552e+14 -1.430e+13 2.151e+13 0.05529 80.51582 1.3581e+13 1.5392e+13 1.2676e+13 9.9596e+12 0.0000e+00 52.16961 35.42 0.05655 0.60499 0.57246 -25.21797 135.18025 -32.25982 0.76090 0.61208 -6.87619 112.80928 -12.22607 0.4583 1.377e+13 9.356e+12
170 159 1.6599e+13 457.86 424.43 601.683 120.444 92 53.72850 38.26850 52.53205 -223.48 44.38 -79.61 7.010e+13 3.663e+13 5.555e+12 0.01852 120.44448 1.6599e+13 1.8108e+13 1.3883e+13 9.9596e+12 3.6217e+12 114.59470 0.00 0.02040 0.74303 0.40681 49.31676 69.25635 70.51638 0.48241 0.32750 8.88377 66.40664 55.91470 0.5379 1.542e+13 1.328e+13
171 162 1.8712e+13 458.90 413.73 626.197 174.987 89 60.41337 83.05965 33.83518 332.68 -2.55 27.44 -8.470e+11 -8.727e+13 -1.195e+14 0.02554 174.98674 1.8712e+13 1.8712e+13 1.6298e+13 6.3380e+12 3.0181e+12 31.91683 9.30 0.03117 0.93819 0.56688 102.97628 -64.90639 8.01150 0.69692 0.24430 86.56293 -11.06178 -0.10402 0.5719 1.661e+13 1.932e+13
172 169 5.4325e+12 310.09 263.98 414.640 95.087 85 19.56604 31.61768 64.78377 89.12 -262.06 -179.56 -1.302e+11 -4.456e+13 2.225e+13 0.05506 95.08743 5.4325e+12 5.4325e+12 5.1307e+12 3.0181e+11 0.0000e+00 84.09976 0.00 0.08244 0.39771 0.07292 -24.35332 92.84329 -56.66771 0.00000 0.00000 0.00000 0.00000 0.00000 0.6204 6.039e+12 5.131e+12
173 168 1.5392e+13 436.81 378.51 586.728 139.967 84 85.93792 21.62718 97.45995 -66.84 -353.43 263.89 2.868e+13 -1.516e+14 -1.186e+13 0.04090 139.96701 1.5392e+13 1.5694e+13 1.3883e+13 8.4506e+12 2.7163e+12 26.75799 0.00 0.04516 0.38169 0.34695 133.07442 25.78858 37.48893 0.45632 0.29218 94.51695 37.68973 12.36362 0.5048 1.399e+13 1.449e+13
174 163 8.4506e+12 369.22 301.75 480.433 89.729 83 21.70474 0.68161 36.37006 105.59 456.17 14.67 -1.942e+13 -3.914e+13 1.180e+13 0.03100 89.72852 8.4506e+12 8.4506e+12 6.3380e+12 4.5271e+12 1.5090e+12 99.60957 35.49 0.03587 0.81727 0.26799 -22.54633 -22.25100 81.96037 0.79640 0.11065 -45.87117 46.62191 51.27334 0.5166 1.039e+13 5.734e+12
175 71 7.8470e+12 445.17 352.68 468.711 31.611 83 68.65097 22.64142 87.56544 56.12 293.76 260.69 -1.668e+13 -2.038e+13 -1.127e+13 0.02789 31.61130 7.8470e+12 7.8470e+12 7.8470e+12 6.6398e+12 3.0181e+12 33.23368 0.00 0.02569 0.83002 0.69438 -21.14715 -20.06632 77.26888 0.73798 0.43631 -27.79550 18.06338 70.79195 0.4703 1.082e+13 3.018e+12
176 152 1.6599e+13 510.39 482.29 601.683 65.304 83 23.72795 31.85275 54.43059 204.97 -106.93 6.79 7.521e+13 -2.080e+13 3.812e+13 0.02046 65.30387 1.6599e+13 1.6599e+13 1.5996e+13 1.2978e+13 5.7343e+12 88.80392 0.00 0.02234 0.65627 0.50997 34.57042 -7.82590 104.77193 0.42274 0.25264 38.66861 -20.98079 93.32946 0.5976 1.753e+13 9.356e+12
177 171 6.0361e+11 144.05 0.00 199.338 67.851 82 5.41265 14.05403 93.32275 -144.79 -309.30 96.18 3.314e+12 -2.138e+12 1.515e+13 2.38906 67.85063 6.0361e+11 6.0361e+11 0.0000e+00 0.0000e+00 0.0000e+00 181.91264 483.96 1.00928 0.00000 0.00000 0.00000 0.00000 0.00000 0.00000 0.00000 0.00000 0.00000 0.00000 0.0000 9.095e+12 6.036e+11
178 177 1.3280e+13 402.47 326.99 558.553 201.731 79 74.20004 57.81223 50.61860 -799.98 151.62 74.19 9.406e+13 -1.087e+14 -2.552e+12 0.04509 201.73119 1.4487e+13 1.3883e+13 9.3560e+12 4.8289e+12 0.0000e+00 21.50906 107.49 0.05364 0.29963 0.20242 -111.59865 -115.28047 118.66944 0.27635 0.08412 -39.33041 -86.79494 91.69038 0.5076 1.208e+13 1.781e+13
179 170 1.5090e+13 448.21 397.71 582.868 108.424 79 61.53242 41.27876 67.74520 -52.43 -240.40 -335.91 7.511e+13 6.708e+13 -3.927e+13 0.02937 108.42365 1.5090e+13 1.5090e+13 1.2072e+13 8.1488e+12 3.9235e+12 27.32941 8.56 0.03259 0.37780 0.35617 49.78006 70.71908 -59.91626 0.31837 0.18201 31.26695 80.71391 -43.78657 0.5308 1.359e+13 1.056e+13
180 187 1.0261e+13 405.22 330.12 512.554 80.130 78 93.02275 98.17817 13.42787 51.76 347.63 22.69 -3.538e+13 2.213e+13 -7.501e+13 0.04485 80.13021 1.0261e+13 1.0261e+13 9.0542e+12 6.0361e+12 1.5090e+12 19.95933 0.00 0.04922 0.96151 0.67118 30.09806 98.45007 -4.32110 0.15020 0.09869 36.25718 119.90823 -19.57789 0.5043 1.034e+13 6.338e+12
181 191 2.1127e+12 218.77 165.47 302.654 102.541 78 73.43145 1.00053 23.53367 -546.92 355.35 25.95 1.112e+12 -2.046e+12 -1.975e+12 0.01011 102.54051 2.1127e+12 2.1127e+12 1.2072e+12 0.0000e+00 0.0000e+00 69.53365 73.01 0.02439 0.39617 0.00000 91.35557 -49.19953 -75.92294 0.00000 0.00000 0.00000 0.00000 0.00000 0.7734 7.057e+12 3.320e+12
182 196 2.4145e+12 231.06 255.83 316.429 92.295 56 92.71816 12.27365 8.20787 -302.87 -22.60 -194.75 -2.983e+13 3.674e+12 1.991e+13 0.11111 92.29521 2.4145e+12 3.3199e+12 1.8108e+12 0.0000e+00 0.0000e+00 102.00890 68.76 0.23052 0.18454 0.06318 41.78157 148.18916 9.98437 0.00000 0.00000 0.00000 0.00000 0.00000 1.2425 8.181e+12 3.320e+12
183 178 1.8410e+13 563.79 488.63 622.812 50.859 77 20.96289 12.72874 44.55271 396.76 24.14 -137.13 1.247e+14 1.647e+13 -3.846e+13 0.02528 50.85946 1.8410e+13 1.9316e+13 1.6599e+13 1.2374e+13 5.4325e+12 16.33531 8.51 0.02846 0.84789 0.45489 109.74078 49.58340 5.76461 0.28238 0.13936 102.33473 20.35808 -45.06781 0.6067 2.127e+13 7.847e+12
184 176 1.6599e+13 511.09 463.43 601.683 64.887 76 0.36814 95.04977 15.18595 -299.34 552.42 -176.25 -1.982e+14 3.734e+13 1.655e+13 0.04696 64.88711 1.6599e+13 1.7203e+13 1.5996e+13 1.3581e+13 3.3199e+12 26.41792 0.00 0.05206 0.88694 0.76549 0.58905 -50.57121 97.57726 0.96054 0.45012 81.11028 27.56204 -51.80684 0.5881 1.917e+13 8.149e+12
185 175 1.2072e+12 212.12 160.04 251.150 27.821 75 69.80717 74.59261 18.20716 -270.38 209.41 -51.05 -7.012e+12 -2.982e+12 1.919e+12 0.04384 27.82129 1.2072e+12 1.2072e+12 9.0542e+11 9.0542e+11 0.0000e+00 76.42692 108.36 0.15951 0.91619 0.04992 3.51898 74.19883 -8.46926 0.49863 0.00000 45.97226 55.15796 35.78336 1.0993 4.319e+12 6.036e+11
186 197 6.0361e+11 151.59 0.00 199.338 40.087 74 43.86710 36.55798 75.03503 120.65 -243.15 -10.28 -2.737e+12 -5.375e+11 1.879e+12 0.19935 40.08709 6.0361e+11 6.0361e+11 3.0181e+11 3.0181e+11 0.0000e+00 94.91389 184.82 0.21675 0.00000 0.00000 0.00000 0.00000 0.00000 0.00000 0.00000 0.00000 0.00000 0.00000 0.0000 3.756e+12 3.018e+11
187 181 1.4789e+13 487.88 473.60 578.956 64.822 73 99.06248 17.94693 78.97707 -44.82 332.63 145.56 -1.250e+13 5.303e+13 -8.862e+13 0.02904 64.82170 1.4789e+13 1.5996e+13 1.4185e+13 1.1469e+13 4.5271e+12 33.27304 0.00 0.03244 0.81155 0.46026 -27.34970 -45.49246 78.93363 0.68626 0.20434 -20.78726 -24.68417 75.32196 0.6164 1.593e+13 7.847e+12
188 202 1.5694e+13 524.87 468.71 590.538 52.070 73 57.01110 48.43928 16.93088 -1.45 -194.63 257.93 1.417e+13 -9.348e+12 6.125e+13 0.01764 52.07017 1.5694e+13 1.6901e+13 1.5090e+13 1.2072e+13 5.1307e+12 36.73572 11.87 0.01795 0.89481 0.86107 0.87687 86.72381 -38.39122 0.96026 0.66007 -19.60476 76.27931 -24.71491 0.5558 1.743e+13 8.451e+12
189 193 9.9596e+12 448.94 400.51 507.479 45.651 72 2.90981 99.17703 2.08915 -74.20 855.04 45.24 -2.062e+13 3.495e+13 -1.818e+13 0.02306 45.65111 9.9596e+12 9.9596e+12 9.9596e+12 8.1488e+12 1.5090e+12 82.85993 0.00 0.02680 0.25417 0.12459 84.86400 -59.63950 53.70788 0.22447 0.14309 66.49516 -39.13099 58.12661 0.6160 1.237e+13 3.320e+12
190 172 8.7524e+12 371.01 306.22 486.086 95.214 50 47.90783 61.54521 69.16248 82.86 -40.68 -126.43 1.614e+13 -4.730e+13 -5.701e+13 0.05113 95.21410 8.7524e+12 8.7524e+12 8.1488e+12 4.8289e+12 0.0000e+00 63.77365 0.00 0.05667 0.70762 0.09349 13.60683 -25.15674 109.86205 0.02213 0.00000 29.05053 -15.24942 93.49200 0.4932 8.124e+12 6.942e+12
191 186 6.0361e+11 145.34 0.00 199.338 59.254 72 86.27992 48.28890 78.82841 -35.34 -297.93 -319.72 -3.015e+11 -2.603e+11 -2.817e+11 0.00286 59.25370 6.0361e+11 9.0542e+11 0.0000e+00 0.0000e+00 0.0000e+00 169.45056 25.03 0.03145 0.00000 0.00000 0.00000 0.00000 0.00000 0.00000 0.00000 0.00000 0.00000 0.00000 0.0000 6.932e+12 9.054e+11
192 179 1.5996e+13 539.95 482.46 594.300 47.807 72 53.31393 21.06223 33.51693 -91.04 253.53 290.47 -3.676e+13 -1.750e+13 3.797e+12 0.01021 47.80696 1.5996e+13 1.6298e+13 1.5090e+13 1.2374e+13 5.1307e+12 57.38221 0.00 0.01119 0.77696 0.65467 -39.57904 79.03164 -15.02431 0.93192 0.48478 -6.75874 63.60251 25.71584 0.6088 1.659e+13 6.640e+12
193 183 1.5090e+13 449.75 422.29 582.868 105.962 72 2.00494 1.18449 4.23846 -17.91 349.45 -200.97 9.182e+13 -5.603e+12 9.839e+13 0.03467 105.96154 1.5090e+13 1.5090e+13 1.4185e+13 9.3560e+12 2.7163e+12 66.16295 13.25 0.04061 0.70418 0.43577 -18.70988 100.87290 72.16238 0.67046 0.40934 -54.43321 36.58257 56.31747 0.5828 1.472e+13 1.237e+13
194 180 2.1127e+12 223.76 145.52 302.654 77.047 71 98.28288 98.75455 10.91999 83.82 347.25 105.10 5.173e+11 -2.929e+12 -2.062e+12 0.01720 77.04743 2.1127e+12 2.1127e+12 3.0181e+11 3.0181e+11 0.0000e+00 27.57985 0.00 0.02891 0.48259 0.05777 81.94620 149.92422 42.64676 0.00000 0.00000 0.00000 0.00000 0.00000 0.5049 4.784e+12 2.113e+12
195 174 5.4325e+12 348.19 306.03 414.640 47.207 52 0.28666 21.74983 79.73598 -46.80 -532.08 -429.08 -6.017e+12 -3.607e+12 2.756e+13 0.03729 47.20692 6.9416e+12 6.3380e+12 5.4325e+12 4.2253e+12 0.0000e+00 92.35419 21.97 0.04707 0.57438 0.30589 -22.21335 -63.21964 84.21030 0.00000 0.00000 -36.90961 -34.73091 37.32300 0.6273 5.832e+12 2.716e+12
196 165 1.4789e+13 545.06 481.96 578.956 40.403 71 49.69275 53.94659 38.08828 637.19 -97.49 178.40 -7.215e+13 1.681e+13 -1.223e+13 0.02172 40.40271 1.4789e+13 1.5694e+13 1.3581e+13 1.0261e+13 6.9416e+12 56.01852 0.00 0.02342 0.91125 0.68415 70.16003 -48.14683 -0.75342 0.61308 0.56821 74.07718 6.43864 -22.41632 0.6125 1.703e+13 6.640e+12
197 184 1.8108e+12 206.46 62.89 287.495 114.028 71 87.29329 48.48341 54.86963 -135.83 -313.39 283.28 -3.134e+12 -5.638e+12 1.543e+11 0.04258 114.02842 1.8108e+12 2.1127e+12 0.0000e+00 0.0000e+00 0.0000e+00 49.78234 55.37 0.06664 0.76874 0.63136 -49.69916 120.62552 -80.94643 0.00000 0.00000 0.00000 0.00000 0.00000 0.3237 8.127e+12 3.923e+12
198 182 4.2253e+12 295.92 204.24 381.320 66.783 70 32.82626 60.55715 4.44761 392.07 91.08 116.10 3.610e+12 8.180e+12 -1.618e+12 0.01989 66.78333 4.2253e+12 4.2253e+12 4.2253e+12 2.7163e+12 0.0000e+00 35.74537 0.00 0.02286 0.80080 0.35406 95.30464 87.41241 8.92705 0.24661 0.05677 152.25882 1.53481 52.69098 0.4244 5.268e+12 3.018e+12
199 185 1.2374e+13 488.49 407.31 545.559 46.626 69 69.96669 83.00566 12.90569 -31.96 104.67 225.96 2.073e+13 -3.348e+13 1.759e+13 0.01864 46.62585 1.2374e+13 1.2676e+13 1.2072e+13 9.0542e+12 4.8289e+12 32.20849 13.42 0.01810 0.89390 0.47825 -33.37276 50.69669 64.07793 0.71599 0.33743 -49.07825 -41.21454 46.71668 0.5062 1.370e+13 5.433e+12
200 200 3.3199e+12 256.88 177.77 351.866 102.935 68 64.54238 96.60785 43.90062 118.67 -77.84 -121.64 1.240e+13 -1.725e+11 1.332e+13 0.04944 102.93488 3.3199e+12 5.7343e+12 1.5090e+12 0.0000e+00 0.0000e+00 121.44094 0.00 0.06844 0.71572 0.49454 -31.98036 -121.37178 146.37463 0.00000 0.00000 0.00000 0.00000 0.00000 0.4762 5.678e+12 4.527e+12
201 195 5.4325e+12 299.72 243.71 414.640 140.489 37 60.42329 79.48450 32.51516 310.31 152.33 7.72 -5.881e+12 7.256e+12 -1.328e+13 0.01843 140.48883 5.4325e+12 5.4325e+12 3.0181e+12 1.2072e+12 0.0000e+00 46.41528 15.33 0.02687 0.30195 0.13748 100.11226 3.71155 97.22229 0.69109 0.00000 41.08821 -27.97686 57.16785 0.5970 5.311e+12 6.942e+12
202 189 7.5452e+12 450.32 379.31 462.623 28.423 64 69.03254 90.22932 12.78659 78.57 192.26 228.67 1.023e+13 1.494e+13 3.647e+13 0.04020 28.42262 7.5452e+12 7.8470e+12 6.9416e+12 6.3380e+12 3.3199e+12 12.57970 0.00 0.03898 0.58330 0.30501 72.38844 -39.07347 23.38633 0.64529 0.21705 71.93832 -31.57161 21.01328 0.5477 1.097e+13 3.320e+12
203 161 8.7524e+12 374.71 293.44 486.086 88.947 64 31.30015 65.30508 14.09175 292.34 -18.69 -105.15 1.714e+13 7.451e+12 1.705e+13 0.01681 88.94707 8.7524e+12 8.7524e+12 8.4506e+12 3.0181e+12 0.0000e+00 50.22305 0.00 0.01891 0.38017 0.13728 -76.00714 -66.31989 88.23807 0.25823 0.08270 75.53487 49.76937 -48.79047 0.4779 8.645e+12 6.942e+12
204 188 8.1488e+12 417.61 312.70 474.644 43.710 62 46.89644 28.02821 68.14176 -7.52 10.80 -66.69 -2.680e+13 -8.722e+12 8.749e+12 0.02676 43.70993 8.1488e+12 8.1488e+12 7.8470e+12 5.7343e+12 2.7163e+12 3.06139 13.06 0.02485 0.52939 0.35542 63.80564 57.63336 -27.52767 0.53546 0.22160 67.17342 53.97240 -25.43809 0.4165 9.303e+12 3.923e+12
205 145 9.9596e+12 479.59 418.56 507.479 34.894 61 72.97546 80.89693 18.42160 -282.23 83.11 -61.00 -4.788e+13 -5.278e+12 -1.109e+13 0.02912 34.89398 9.9596e+12 9.9596e+12 9.9596e+12 8.1488e+12 3.6217e+12 20.93406 0.00 0.02979 0.51844 0.35523 -63.74313 73.00263 -21.67915 0.53386 0.17219 -63.49415 67.02110 -26.33195 0.5787 1.298e+13 3.622e+12
206 194 3.3199e+12 274.30 167.95 351.866 59.897 61 42.97575 76.57183 3.31607 157.34 88.70 -33.77 -1.587e+12 -2.894e+12 1.221e+12 0.01175 59.89718 3.3199e+12 3.3199e+12 3.0181e+12 1.8108e+12 0.0000e+00 33.63977 0.00 0.01324 0.69844 0.06347 83.20936 63.15304 85.33567 0.22661 0.06005 46.07299 49.64048 112.16153 0.3581 5.602e+12 2.414e+12
207 201 3.3199e+12 258.38 161.01 351.866 96.129 61 76.37380 30.40806 59.14430 -67.52 149.88 119.82 -4.355e+12 2.369e+12 -1.907e+13 0.05723 96.12901 3.3199e+12 4.2253e+12 2.4145e+12 0.0000e+00 0.0000e+00 77.00304 0.00 0.07409 0.40118 0.23486 -93.98682 118.05812 -56.01424 0.00000 0.00000 0.00000 0.00000 0.00000 0.3881 7.340e+12 3.622e+12
208 190 3.6217e+12 262.07 199.09 362.221 120.772 60 87.58615 24.14025 33.84285 -284.00 -205.94 33.19 8.265e+11 1.464e+12 -1.185e+12 0.00513 120.77161 3.6217e+12 3.9235e+12 2.1127e+12 1.5090e+12 0.0000e+00 56.97942 24.15 0.00669 0.53092 0.45249 35.95037 -53.01394 97.62417 0.63322 0.30749 4.03654 5.71644 75.83052 0.4848 5.656e+12 4.829e+12
209 203 1.3883e+13 477.97 437.29 566.891 63.310 59 47.19152 44.64576 77.41618 -44.50 -252.65 -74.00 -1.904e+13 -4.473e+12 -1.525e+14 0.04929 63.30989 1.3883e+13 1.4185e+13 1.2978e+13 1.0563e+13 3.0181e+12 81.34248 20.11 0.05328 0.51300 0.34411 -20.41590 84.32221 58.14201 0.35033 0.26643 -27.02127 74.49013 43.27108 0.5731 1.499e+13 7.243e+12
210 199 9.9596e+12 461.96 416.12 507.479 40.500 57 38.59690 34.67895 66.99259 268.18 -382.09 -133.16 -3.208e+13 -4.730e+13 -3.506e+12 0.03200 40.50000 9.9596e+12 9.9596e+12 9.6578e+12 7.5452e+12 4.5271e+12 79.25733 0.00 0.03451 0.62412 0.38397 51.70516 15.17654 80.26327 0.55678 0.25182 30.62889 35.35369 64.32111 0.5947 1.177e+13 4.829e+12
211 207 8.7524e+12 432.92 312.79 486.086 42.487 56 49.01438 63.13207 0.76966 -22.84 24.18 169.01 2.527e+13 1.716e+13 1.892e+13 0.02709 42.48674 8.7524e+12 9.0542e+12 8.4506e+12 5.1307e+12 2.7163e+12 86.52998 0.00 0.02686 0.77689 0.34489 33.06006 67.71628 24.99485 0.63593 0.32769 36.44825 49.68930 24.76284 0.4424 1.056e+13 3.622e+12
212 205 2.7163e+12 244.20 218.33 329.100 80.915 56 72.08704 93.21207 38.22833 -252.43 161.80 -69.50 -2.970e+12 3.096e+12 -4.111e+12 0.01724 80.91496 2.7163e+12 2.7163e+12 2.4145e+12 1.2072e+12 0.0000e+00 120.50784 29.94 0.03122 0.73439 0.38567 85.90166 32.27292 -11.53665 0.50212 0.24717 56.02135 -38.99187 -13.77438 0.7246 3.635e+12 2.716e+12
213 206 9.0542e+11 178.99 77.24 228.185 37.390 56 62.52546 26.85031 20.60756 239.99 -49.89 257.51 -2.165e+11 -1.289e+12 8.277e+10 0.01921 37.39009 9.0542e+11 1.2072e+12 9.0542e+11 0.0000e+00 0.0000e+00 121.37020 0.00 0.04293 0.00000 0.00000 0.00000 0.00000 0.00000 0.00000 0.00000 0.00000 0.00000 0.00000 0.4366 3.098e+12 6.036e+11
214 192 1.5090e+12 194.83 156.71 270.543 98.967 55 30.98174 1.41010 94.47253 40.06 257.88 251.16 -1.638e+13 1.038e+13 5.754e+12 0.20665 98.96719 1.5090e+12 1.5090e+12 6.0361e+11 0.0000e+00 0.0000e+00 48.14152 167.35 0.28317 0.64551 0.26558 105.32952 55.58912 119.97184 0.00000 0.00000 0.00000 0.00000 0.00000 1.8926 4.130e+12 2.113e+12
215 68 6.0361e+11 148.99 0.00 199.338 45.952 54 69.80349 95.85586 65.56188 -389.48 213.18 -116.90 3.638e+11 -5.326e+11 -3.245e+12 0.21945 45.95242 6.0361e+11 1.5090e+12 3.0181e+11 0.0000e+00 0.0000e+00 132.78996 216.96 0.21322 0.00000 0.00000 0.00000 0.00000 0.00000 0.00000 0.00000 0.00000 0.00000 0.00000 0.0000 3.775e+12 6.036e+11
216 214 9.0542e+11 174.90 257.55 228.185 43.398 54 69.85629 64.41148 46.74654 -206.73 -174.63 465.88 7.165e+11 -4.543e+12 4.012e+12 0.33119 43.39790 9.0542e+11 9.0542e+11 9.0542e+11 3.0181e+11 0.0000e+00 84.24794 222.10 0.20011 0.00000 0.00000 0.00000 0.00000 0.00000 0.00000 0.00000 0.00000 0.00000 0.00000 10.4513 4.966e+12 3.018e+11
217 213 7.2434e+12 333.05 272.75 456.370 134.105 54 73.28680 32.39565 55.88560 -115.39 18.91 234.87 1.128e+13 2.408e+13 -2.690e+13 0.02867 134.10527 7.2434e+12 8.1488e+12 5.4325e+12 0.0000e+00 0.0000e+00 108.18557 0.00 0.03875 0.02429 0.00000 152.22609 -52.63477 30.73368 0.00000 0.00000 0.00000 0.00000 0.00000 0.5597 7.474e+12 8.451e+12
218 204 7.5452e+12 370.69 291.66 462.623 67.008 54 58.99627 41.81203 13.52137 7.65 -310.36 244.44 1.702e+12 -2.830e+13 -9.711e+12 0.02476 67.00840 7.5452e+12 7.8470e+12 6.3380e+12 4.8289e+12 0.0000e+00 61.23966 20.33 0.02869 0.84857 0.49853 107.92498 -27.70812 -52.34434 0.41674 0.06375 58.34403 52.98023 38.73837 0.5122 8.020e+12 5.131e+12
219 209 6.0361e+11 152.67 0.00 199.338 38.126 53 76.97253 4.13845 17.39702 -112.87 157.74 83.78 -2.470e+11 3.090e+11 2.198e+11 0.00325 38.12626 6.0361e+11 9.0542e+11 6.0361e+11 0.0000e+00 0.0000e+00 105.48462 23.04 0.02917 0.00000 0.00000 0.00000 0.00000 0.00000 0.00000 0.00000 0.00000 0.00000 0.00000 0.0000 4.636e+12 3.018e+11
220 210 9.0542e+11 169.59 65.03 228.185 55.282 52 1.75452 20.12439 50.84563 -201.73 -12.10 365.58 -6.980e+11 -2.141e+12 6.789e+12 0.07790 55.28201 9.0542e+11 9.0542e+11 0.0000e+00 0.0000e+00 0.0000e+00 177.61299 101.61 0.23455 0.00000 0.00000 0.00000 0.00000 0.00000 0.00000 0.00000 0.00000 0.00000 0.00000 1.4198 4.229e+12 9.054e+11
221 212 1.2072e+12 183.54 51.43 251.150 72.527 51 53.14980 91.20406 67.91559 79.92 230.77 49.68 1.767e+12 -1.804e+12 1.241e+11 0.02540 72.52734 1.2072e+12 2.4145e+12 0.0000e+00 0.0000e+00 0.0000e+00 82.27290 33.52 0.05134 0.58988 0.26304 -81.08759 91.23618 136.77164 0.00000 0.00000 0.00000 0.00000 0.00000 0.4226 7.717e+12 1.509e+12
222 211 1.5090e+12 219.19 136.53 270.543 36.904 51 65.67129 49.49636 47.40649 -3.94 73.12 -5.20 -2.626e+12 -3.259e+12 9.029e+10 0.03238 36.90449 1.5090e+12 2.1127e+12 1.2072e+12 0.0000e+00 0.0000e+00 40.14657 70.77 0.05859 0.82608 0.18667 25.00563 123.95586 3.38807 0.00000 0.00000 0.00000 0.00000 0.00000 0.6041 5.767e+12 3.018e+11
223 208 6.9416e+12 372.03 287.62 449.942 55.260 51 21.69839 31.55410 48.51122 193.81 -205.70 235.75 -2.116e+13 1.048e+13 -1.470e+13 0.02768 55.26023 6.9416e+12 6.9416e+12 6.3380e+12 3.6217e+12 0.0000e+00 52.76976 0.00 0.03059 0.28584 0.04376 -39.71148 55.15533 95.13547 0.19401 0.01845 -33.65323 43.28833 82.98809 0.5058 6.734e+12 3.622e+12
224 173 1.1469e+13 414.53 375.27 531.914 90.712 50 24.76515 61.72909 35.96223 278.30 -37.88 60.89 -5.354e+13 -6.048e+13 1.326e+12 0.03332 90.71156 1.1469e+13 1.1469e+13 9.9596e+12 6.9416e+12 1.8108e+12 60.71000 0.00 0.03848 0.76987 0.55666 -40.01276 96.23409 16.66691 0.87112 0.75360 -19.05399 69.92517 -32.62968 0.5615 1.033e+13 8.149e+12
225 198 3.0181e+12 254.22 164.44 340.863 80.054 50 48.02001 61.59262 18.95764 367.09 25.84 136.54 -3.781e+12 -1.306e+13 6.892e+10 0.04668 80.05397 3.0181e+12 3.3199e+12 2.1127e+12 0.0000e+00 0.0000e+00 37.79538 0.00 0.05994 0.17165 0.02691 -42.62366 33.06866 158.68785 0.00000 0.00000 0.00000 0.00000 0.00000 0.4166 3.210e+12 3.018e+12
226 227 7.8470e+12 432.48 328.45 468.711 35.413 50 15.55022 32.24223 65.39471 -5.80 -182.18 -55.79 7.014e+13 2.451e+13 -1.392e+13 0.06600 35.41314 7.8470e+12 9.0542e+12 6.9416e+12 4.8289e+12 3.6217e+12 65.60428 0.00 0.06778 0.85492 0.50239 64.20333 -23.09832 60.32047 0.21329 0.05777 101.89453 -9.20316 8.42114 0.4979 9.643e+12 3.622e+12
227 144 1.2978e+13 466.03 413.03 554.289 62.739 48 71.99580 79.30031 17.40329 -241.05 253.45 85.93 3.854e+13 9.027e+12 -4.697e+13 0.02307 62.73928 1.2978e+13 1.2978e+13 1.2676e+13 8.7524e+12 4.8289e+12 43.68984 0.00 0.02382 0.53385 0.37261 21.80873 104.99952 17.46280 0.54373 0.45050 23.47770 83.14052 6.37823 0.5311 1.339e+13 7.545e+12
228 216 7.2434e+12 341.34 275.25 456.370 104.571 48 67.69180 31.65323 51.03930 -82.56 53.61 56.60 2.353e+13 -2.125e+13 5.199e+12 0.02928 104.57117 7.2434e+12 7.2434e+12 6.6398e+12 3.3199e+12 0.0000e+00 58.51804 0.00 0.03292 0.25644 0.15744 127.44986 0.31813 0.56617 0.28389 0.00226 67.68035 26.45048 -18.74072 0.4770 2.696e+13 6.942e+12
229 237 6.0361e+11 183.39 0.00 199.338 15.240 47 61.02938 79.90603 5.88454 14.83 345.34 444.27 0.000e+00 0.000e+00 0.000e+00 0.00000 15.23961 6.0361e+11 6.0361e+11 6.0361e+11 6.0361e+11 0.0000e+00 100.12288 0.00 0.00000 0.00000 0.00000 0.00000 0.00000 0.00000 0.00000 0.00000 0.00000 0.00000 0.00000 0.0000 2.082e+12 0.000e+00
230 150 4.8289e+12 317.65 244.75 398.676 59.602 46 14.94220 47.20630 54.13849 -139.95 -371.50 29.21 -2.658e+12 -3.013e+13 7.329e+13 0.14687 59.60160 5.4325e+12 5.1307e+12 4.2253e+12 3.0181e+12 0.0000e+00 30.24448 29.70 0.15969 0.30626 0.01812 -13.83787 74.83782 43.98762 0.25096 0.01050 -12.22592 58.15963 37.75294 0.4554 7.179e+12 3.018e+12
231 221 6.0361e+11 171.93 0.00 199.338 20.045 44 55.33047 62.45184 38.24592 198.14 -312.99 -20.27 0.000e+00 0.000e+00 0.000e+00 0.00000 20.04531 6.0361e+11 6.0361e+11 6.0361e+11 0.0000e+00 0.0000e+00 128.46542 0.00 0.00000 0.00000 0.00000 0.00000 0.00000 0.00000 0.00000 0.00000 0.00000 0.00000 0.00000 0.0000 5.434e+12 0.000e+00
232 226 5.4325e+12 312.75 302.12 414.640 88.706 44 59.05715 3.46294 77.96223 114.80 168.82 -157.45 -4.082e+13 -3.953e+13 5.637e+13 0.03983 88.70580 5.4325e+12 5.7343e+12 2.4145e+12 3.0181e+11 0.0000e+00 48.25141 0.00 0.13248 0.72228 0.00483 -107.11929 118.87196 -83.15955 0.00000 0.00000 0.00000 0.00000 0.00000 0.9186 6.946e+12 4.225e+12
233 219 7.8470e+12 446.64 337.45 468.711 31.213 43 76.40111 97.15411 62.65340 -284.92 207.03 -83.84 5.246e+13 4.201e+13 -4.622e+13 0.07541 31.21334 7.8470e+12 8.7524e+12 6.9416e+12 5.7343e+12 3.3199e+12 71.97425 0.00 0.07315 0.90446 0.48759 -32.98478 71.78347 11.40518 0.76166 0.44983 63.72895 -28.01662 -32.98238 0.4881 9.580e+12 3.320e+12
234 244 2.7163e+12 243.36 130.76 329.100 83.608 42 29.85519 56.07835 82.47653 201.71 -75.26 -8.70 -5.559e+12 -1.930e+12 2.680e+11 0.02505 83.60815 2.7163e+12 2.7163e+12 1.5090e+12 3.0181e+11 0.0000e+00 62.17572 0.00 0.03095 0.44606 0.08583 92.25539 -71.64126 -5.04230 0.00000 0.00000 0.00000 0.00000 0.00000 0.2936 3.805e+12 2.716e+12
235 -1 9.0542e+11 169.48 42.30 228.185 55.599 41 81.42185 83.68247 2.89282 -121.59 450.06 401.36 -2.026e+12 2.318e+12 -1.568e+12 0.04571 55.59908 9.0542e+11 9.0542e+11 0.0000e+00 0.0000e+00 0.0000e+00 139.89049 70.86 0.11329 0.00000 0.00000 0.00000 0.00000 0.00000 0.00000 0.00000 0.00000 0.00000 0.00000 0.3423 3.501e+12 9.054e+11
236 222 5.4325e+12 313.40 217.21 414.640 87.292 41 47.38426 22.62968 47.91087 -156.96 81.23 -519.59 -4.893e+12 6.875e+12 -1.585e+13 0.02686 87.29212 5.4325e+12 5.4325e+12 4.8289e+12 2.4145e+12 0.0000e+00 28.87981 0.00 0.02972 0.38493 0.04137 39.14139 85.53883 108.66631 0.34561 0.03875 6.38398 89.43652 88.52822 0.4059 5.410e+12 4.527e+12
237 247 4.2253e+12 279.46 174.56 381.320 106.514 40 78.73966 20.13737 71.34446 -181.02 139.36 -22.24 7.400e+12 3.483e+12 1.155e+13 0.03048 106.51409 4.2253e+12 4.5271e+12 3.6217e+12 3.0181e+11 0.0000e+00 33.65580 0.00 0.03562 0.69046 0.08889 102.72759 -15.37002 -90.15400 0.00000 0.00000 0.00000 0.00000 0.00000 0.3692 4.045e+12 4.829e+12
238 229 2.7163e+12 238.48 155.87 329.100 106.855 40 70.63669 12.41213 66.78114 -58.97 107.18 64.41 2.325e+11 -1.009e+13 -7.718e+12 0.04648 106.85474 2.7163e+12 2.7163e+12 9.0542e+11 3.0181e+11 0.0000e+00 136.32042 15.58 0.06677 0.22104 0.00000 110.54966 90.92587 -30.65884 0.00000 0.00000 0.00000 0.00000 0.00000 0.4383 2.925e+12 3.622e+12
239 217 2.4145e+12 281.81 289.65 316.429 27.661 40 46.16780 18.40788 43.18356 -203.14 180.22 -34.08 -6.618e+12 1.340e+13 1.677e+12 0.04518 27.66102 2.4145e+12 3.0181e+12 2.4145e+12 2.4145e+12 0.0000e+00 90.83353 0.00 0.09616 0.65394 0.53336 100.87270 -2.93967 -26.75272 0.93293 0.63432 -27.56577 -32.19262 106.20079 1.1818 4.489e+12 6.036e+11
240 220 3.6217e+12 288.72 180.10 362.221 54.028 40 3.86883 22.24405 10.76418 -101.40 -484.93 -130.14 -8.012e+12 7.942e+11 -6.850e+12 0.02895 54.02844 3.6217e+12 4.5271e+12 3.6217e+12 0.0000e+00 0.0000e+00 41.00741 30.03 0.03439 0.70889 0.13388 21.92680 17.28950 152.00716 0.00000 0.00000 0.00000 0.00000 0.00000 0.4056 5.446e+12 1.811e+12
241 235 6.0361e+11 173.19 0.00 199.338 19.402 39 63.82228 0.63739 68.85870 -22.20 96.12 -179.43 0.000e+00 0.000e+00 0.000e+00 0.00000 19.40168 6.0361e+11 6.0361e+11 6.0361e+11 3.0181e+11 0.0000e+00 82.25216 0.00 0.00000 0.00000 0.00000 0.00000 0.00000 0.00000 0.00000 0.00000 0.00000 0.00000 0.00000 0.0000 4.676e+12 0.000e+00
242 233 9.6578e+12 485.15 369.24 502.300 31.777 39 7.50259 87.97411 39.62476 -66.73 319.34 -79.52 -5.473e+13 1.884e+13 1.130e+13 0.04274 31.77748 9.6578e+12 9.9596e+12 9.3560e+12 7.2434e+12 5.4325e+12 11.75650 0.00 0.03742 0.67017 0.58042 -45.26830 -5.95081 68.28369 0.64780 0.36587 -36.87690 -17.97506 63.07429 0.4470 1.331e+13 3.923e+12
243 224 2.7163e+12 247.39 163.49 329.100 72.343 39 85.08475 26.48904 55.18390 -59.96 -1.23 146.81 -4.392e+12 -2.275e+11 -1.469e+12 0.01895 72.34273 2.7163e+12 2.7163e+12 2.4145e+12 6.0361e+11 0.0000e+00 76.07969 34.56 0.02437 0.59042 0.05418 59.27398 -39.32703 18.70027 0.00000 0.00000 0.00000 0.00000 0.00000 0.4410 3.700e+12 2.414e+12
244 239 7.2434e+12 328.24 256.05 456.370 172.434 38 41.07463 89.17676 98.39616 190.71 119.12 -37.50 1.088e+14 1.913e+12 -3.132e+13 0.09749 172.43414 7.2434e+12 7.2434e+12 3.0181e+12 2.7163e+12 0.0000e+00 35.91038 29.62 0.11607 0.42633 0.29612 74.20835 0.24809 84.83108 0.25747 0.00000 20.94028 21.91417 61.00240 0.4594 6.354e+12 9.356e+12
245 218 1.8108e+12 208.73 99.47 287.495 90.633 38 58.28779 75.62628 28.17081 345.95 68.15 174.23 3.401e+12 -7.909e+11 1.532e+12 0.02917 90.63261 1.8108e+12 1.8108e+12 9.0542e+11 6.0361e+11 0.0000e+00 41.78157 23.43 0.03938 0.00000 0.00000 5.84030 21.40808 88.35983 0.00000 0.00000 0.00000 0.00000 0.00000 0.3050 3.878e+12 2.113e+12
246 254 3.6217e+12 260.51 155.64 362.221 137.073 38 17.60312 31.90595 65.08330 9.71 -114.99 -178.31 3.002e+12 -4.338e+13 9.301e+12 0.11752 137.07269 3.6217e+12 3.9235e+12 1.2072e+12 6.0361e+11 0.0000e+00 66.98694 26.27 0.14466 0.54629 0.18274 -39.25080 19.19049 125.41557 0.00000 0.00000 0.00000 0.00000 0.00000 0.3349 4.934e+12 6.640e+12
247 228 1.8108e+12 220.00 204.15 287.495 55.298 37 22.55381 17.91879 0.79133 -59.96 -427.49 241.04 -1.077e+12 1.099e+13 6.551e+12 0.02754 55.29839 1.8108e+12 2.4145e+12 1.8108e+12 3.0181e+11 0.0000e+00 58.81494 0.00 0.13264 0.80382 0.42352 92.87252 14.63255 -10.29819 0.00000 0.00000 0.00000 0.00000 0.00000 1.0539 4.683e+12 1.509e+12
248 238 1.2072e+12 191.57 59.88 251.150 49.426 37 67.26237 60.91157 43.92641 -4.93 152.66 347.54 3.094e+12 7.244e+11 1.557e+12 0.04784 49.42579 1.2072e+12 1.2072e+12 1.2072e+12 0.0000e+00 0.0000e+00 34.72787 0.00 0.07184 0.43495 0.11572 63.20652 153.48753 -15.20590 0.00000 0.00000 0.00000 0.00000 0.00000 0.1408 3.390e+12 6.036e+11
249 252 9.3560e+12 479.00 409.77 497.013 31.701 37 28.41536 58.67058 33.54922 214.61 -22.74 82.41 -1.684e+13 -2.588e+13 -1.553e+13 0.02440 31.70056 9.3560e+12 9.9596e+12 9.3560e+12 9.0542e+12 4.2253e+12 35.89217 0.00 0.02312 0.70936 0.55439 -8.02242 46.78295 72.85778 0.43264 0.32880 -8.34746 50.96584 78.09102 0.5387 1.293e+13 3.923e+12
250 225 3.9235e+12 285.43 186.42 372.016 70.277 36 74.73873 13.01308 58.13631 -70.48 27.73 40.32 6.458e+12 -1.796e+12 -1.435e+13 0.03450 70.27653 3.9235e+12 3.9235e+12 3.9235e+12 6.0361e+11 0.0000e+00 31.54116 0.00 0.04509 0.23191 0.01834 66.94650 8.65164 82.77151 0.00000 0.00000 0.00000 0.00000 0.00000 0.4699 4.346e+12 2.414e+12
251 257 1.2072e+12 183.19 127.75 251.150 74.317 36 96.68705 4.66527 34.59801 -189.78 6.59 -58.72 1.089e+13 -7.470e+11 -4.415e+12 0.10105 74.31694 1.2072e+12 1.8108e+12 3.0181e+11 3.0181e+11 0.0000e+00 68.61678 88.89 0.23911 0.35862 0.00000 45.24498 -43.72220 66.95143 0.00000 0.00000 0.00000 0.00000 0.00000 1.4176 3.462e+12 1.509e+12
252 246 4.2253e+12 281.51 214.22 381.320 98.497 35 99.37891 11.71139 8.80496 67.97 -100.44 -117.06 -1.932e+12 1.788e+13 4.285e+12 0.03394 98.49744 4.2253e+12 4.8289e+12 3.6217e+12 9.0542e+11 0.0000e+00 92.46445 36.64 0.04651 0.70209 0.50121 74.30535 -15.77899 117.65218 0.49258 0.44374 81.38181 43.58118 8.78239 0.5382 5.215e+12 4.225e+12
253 91 6.6398e+12 337.29 250.96 443.324 88.860 35 69.90019 36.41407 55.46195 -112.22 187.92 -77.26 -1.709e+13 6.858e+12 3.066e+13 0.04013 88.86012 6.6398e+12 6.6398e+12 6.0361e+12 2.7163e+12 0.0000e+00 39.27472 0.00 0.04237 0.42890 0.10020 71.60184 -42.38219 95.49432 0.69723 0.41464 42.37360 -36.46384 66.25560 0.3939 6.318e+12 5.734e+12
254 243 2.7163e+12 240.31 171.78 329.100 96.015 35 62.61464 19.78236 8.06219 354.15 100.58 -3.93 -1.123e+13 -5.968e+12 3.022e+12 0.04543 96.01503 2.7163e+12 3.0181e+12 1.5090e+12 0.0000e+00 0.0000e+00 93.72838 22.03 0.06870 0.44439 0.04112 179.41595 -90.65694 5.04673 0.00000 0.00000 0.00000 0.00000 0.00000 0.5284 4.033e+12 3.018e+12
255 -1 6.0361e+11 156.47 0.00 199.338 32.527 35 57.70539 18.92037 8.16369 198.16 64.19 76.63 2.982e+12 5.379e+11 8.273e+11 0.16541 32.52696 6.0361e+11 6.0361e+11 6.0361e+11 0.0000e+00 0.0000e+00 127.83475 158.32 0.20244 0.00000 0.00000 0.00000 0.00000 0.00000 0.00000 0.00000 0.00000 0.00000 0.00000 0.0000 4.087e+12 3.018e+11
256 151 4.5271e+12 289.21 216.14 390.191 96.952 35 16.02695 47.15946 54.03265 -181.99 -298.56 -41.25 7.819e+12 1.340e+13 1.312e+13 0.03520 96.95219 4.5271e+12 4.5271e+12 3.9235e+12 9.0542e+11 0.0000e+00 50.32175 28.72 0.04558 0.41662 0.00451 105.99967 -70.87553 -69.38744 0.65471 0.34990 -48.29475 52.03379 64.90129 0.4900 4.124e+12 4.527e+12
257 -1 1.5090e+12 203.72 220.97 270.543 58.643 35 43.72215 29.22840 48.97123 105.46 -203.30 -342.18 2.769e+12 -1.147e+12 -2.941e+12 0.04181 58.64342 1.5090e+12 1.8108e+12 9.0542e+11 0.0000e+00 0.0000e+00 65.18184 0.00 0.05877 0.65458 0.36589 133.72766 37.12727 -100.56495 0.00000 0.00000 0.00000 0.00000 0.00000 1.8300 2.178e+12 9.054e+11
258 253 9.0542e+11 204.03 136.90 228.185 19.617 34 73.78626 91.30110 61.97735 -296.97 257.98 -286.47 2.138e+12 1.082e+12 -3.423e+11 0.01903 19.61670 9.0542e+11 9.0542e+11 9.0542e+11 6.0361e+11 0.0000e+00 69.91078 0.00 0.07938 0.00000 0.00000 0.00000 0.00000 0.00000 0.00000 0.00000 0.00000 0.00000 0.00000 0.8893 3.033e+12 3.018e+11
259 231 2.4145e+12 233.58 153.08 316.429 81.826 34 66.77102 79.29817 17.40542 110.33 46.15 121.80 -1.186e+12 -5.949e+12 -1.163e+12 0.02818 81.82634 2.4145e+12 2.7163e+12 1.8108e+12 9.0542e+11 0.0000e+00 112.78647 0.00 0.03950 0.55928 0.20302 15.65892 73.37077 -37.76594 0.69846 0.22327 -26.91072 72.99455 -43.49205 0.4628 3.462e+12 2.414e+12
260 -1 2.1127e+12 230.47 261.70 302.654 60.279 33 60.20399 8.49383 84.79295 233.03 72.99 115.78 1.033e+13 4.785e+12 -1.737e+13 0.09731 60.27856 2.1127e+12 2.4145e+12 2.1127e+12 0.0000e+00 0.0000e+00 61.34399 0.00 0.16591 0.13257 0.00000 -101.30833 148.68335 -136.82912 0.00000 0.00000 0.00000 0.00000 0.00000 1.4261 3.481e+12 1.509e+12
261 248 9.0542e+11 172.34 50.33 228.185 48.335 33 71.65517 19.28286 69.67803 45.33 104.17 6.65 -9.991e+11 -2.425e+11 -1.419e+12 0.02690 48.33478 9.0542e+11 9.0542e+11 6.0361e+11 3.0181e+11 0.0000e+00 62.78472 50.33 0.05747 0.00000 0.00000 0.00000 0.00000 0.00000 0.00000 0.00000 0.00000 0.00000 0.00000 0.4081 2.600e+12 6.036e+11
262 256 3.6217e+12 267.77 201.84 362.221 92.317 32 99.55660 17.82302 86.46968 64.30 -55.84 -6.50 2.083e+13 1.210e+13 -8.510e+12 0.05308 92.31683 3.6217e+12 3.9235e+12 1.8108e+12 3.0181e+11 0.0000e+00 83.98727 0.00 0.08312 0.74646 0.45921 -22.65362 181.22386 -84.34311 0.00000 0.00000 0.00000 0.00000 0.00000 0.5928 5.360e+12 3.622e+12
263 215 3.6217e+12 259.60 189.71 362.221 160.734 32 23.58468 64.45149 37.66122 268.04 -139.87 -125.94 4.427e+12 3.144e+12 -4.644e+11 0.01161 160.73447 3.6217e+12 3.6217e+12 2.1127e+12 3.0181e+11 0.0000e+00 107.92113 35.86 0.01773 0.23618 0.06638 -68.03439 153.08379 45.03972 0.00000 0.00000 0.00000 0.00000 0.00000 0.5694 3.762e+12 4.829e+12
264 255 2.4145e+12 232.43 206.99 316.429 86.171 32 38.28769 19.93307 10.53156 3.87 -369.54 299.14 -2.566e+13 -8.948e+12 -7.918e+11 0.07697 86.17142 2.4145e+12 2.4145e+12 1.8108e+12 6.0361e+11 0.0000e+00 86.20934 0.00 0.17386 0.55040 0.46644 -17.04889 72.19378 113.54472 0.00000 0.00000 0.00000 0.00000 0.00000 0.7912 4.899e+12 2.414e+12
265 251 6.0361e+11 178.81 0.00 199.338 16.908 31 66.84338 76.95859 16.11156 52.98 203.88 295.98 0.000e+00 0.000e+00 0.000e+00 0.00000 16.90815 6.0361e+11 6.0361e+11 6.0361e+11 6.0361e+11 0.0000e+00 82.12520 0.00 0.00000 0.00000 0.00000 0.00000 0.00000 0.00000 0.00000 0.00000 0.00000 0.00000 0.00000 0.0000 2.274e+12 0.000e+00
266 -1 1.8108e+12 217.65 429.72 287.495 59.788 30 74.01521 70.18694 53.01137 -782.27 -434.47 -94.78 -4.111e+11 1.605e+13 7.901e+12 0.31828 59.78799 1.8108e+12 1.8108e+12 9.0542e+11 0.0000e+00 0.0000e+00 77.52501 0.00 0.18483 0.19533 0.00000 -76.66525 111.09982 83.39156 0.00000 0.00000 0.00000 0.00000 0.00000 5.1340 1.761e+12 9.054e+11
267 259 6.0361e+11 189.10 0.00 199.338 13.506 30 66.57422 84.87584 48.29767 -0.51 -249.90 -360.43 0.000e+00 0.000e+00 0.000e+00 0.00000 13.50644 6.0361e+11 6.0361e+11 6.0361e+11 6.0361e+11 0.0000e+00 86.19664 0.00 0.00000 0.00000 0.00000 0.00000 0.00000 0.00000 0.00000 0.00000 0.00000 0.00000 0.00000 0.0000 2.248e+12 0.000e+00
268 -1 2.7163e+12 236.80 146.56 329.100 122.960 30 25.67924 68.69458 37.06032 146.14 -145.18 -2.04 -1.241e+13 -9.783e+12 1.933e+12 0.05798 122.96034 2.7163e+12 2.7163e+12 1.5090e+12 6.0361e+11 0.0000e+00 84.15820 61.84 0.08365 0.24035 0.12154 184.63228 -32.47789 -51.34889 0.00000 0.00000 0.00000 0.00000 0.00000 0.4801 3.082e+12 4.225e+12
269 260 7.8470e+12 500.38 357.49 468.711 20.708 30 35.61828 63.06684 10.27641 180.29 31.73 10.64 -8.493e+12 2.526e+13 2.620e+13 0.03861 20.70802 7.8470e+12 7.8470e+12 7.5452e+12 6.3380e+12 4.8289e+12 42.81859 0.00 0.03351 0.91314 0.46565 25.91560 13.35093 65.39552 0.95583 0.52932 -12.00139 30.14888 48.75828 0.4563 1.235e+13 3.018e+12
270 270 1.2072e+12 181.09 90.86 251.150 89.355 28 64.11131 99.63215 68.30890 19.82 211.72 -181.80 5.544e+11 4.346e+12 3.169e+12 0.04747 89.35526 1.2072e+12 1.2072e+12 0.0000e+00 0.0000e+00 0.0000e+00 146.46182 62.92 0.10978 0.00000 0.00000 146.49200 26.72577 45.74585 0.00000 0.00000 0.00000 0.00000 0.00000 0.5670 2.922e+12 1.811e+12
271 240 3.3199e+12 255.62 166.82 351.866 109.959 28 45.99781 91.10329 57.87087 349.30 103.46 -52.36 9.295e+12 -7.133e+12 -1.411e+12 0.03180 109.95942 3.3199e+12 3.9235e+12 2.1127e+12 0.0000e+00 0.0000e+00 170.75873 28.71 0.04438 0.92117 0.56190 89.02002 87.96175 -127.81683 0.00000 0.00000 0.00000 0.00000 0.00000 0.4616 4.077e+12 4.527e+12
272 -1 9.0542e+11 169.05 30.01 228.185 56.957 28 49.43663 29.34434 76.50287 -77.70 53.85 -266.75 1.859e+11 3.090e+12 -1.260e+12 0.01783 56.95697 9.0542e+11 2.1127e+12 0.0000e+00 0.0000e+00 0.0000e+00 173.58571 52.23 0.10960 0.00000 0.00000 0.00000 0.00000 0.00000 0.00000 0.00000 0.00000 0.00000 0.00000 1.1072 2.821e+12 9.054e+11
273 261 9.0542e+11 165.79 78.71 228.185 71.186 28 39.70652 33.27758 53.11785 336.07 -498.01 -183.02 4.697e+11 5.228e+12 1.375e+11 0.05755 71.18636 9.0542e+11 1.5090e+12 0.0000e+00 0.0000e+00 0.0000e+00 117.96114 90.51 0.17219 0.00000 0.00000 0.00000 0.00000 0.00000 0.00000 0.00000 0.00000 0.00000 0.00000 1.4110 2.734e+12 1.509e+12
274 250 1.5090e+12 197.19 160.11 270.543 80.790 27 67.27753 94.56993 26.38594 22.57 177.99 305.13 6.226e+12 6.259e+12 -1.161e+13 0.09326 80.79007 2.1127e+12 1.8108e+12 6.0361e+11 0.0000e+00 0.0000e+00 85.89864 145.67 0.20408 0.87357 0.19345 -8.07093 166.75041 -4.08249 0.00000 0.00000 0.00000 0.00000 0.00000 1.2554 2.806e+12 1.811e+12
275 264 3.3199e+12 259.47 144.30 351.866 91.957 27 88.29742 21.27350 54.43964 31.40 185.01 -5.72 -1.338e+13 -8.150e+11 -7.038e+12 0.04720 91.95704 3.3199e+12 3.3199e+12 1.8108e+12 1.2072e+12 0.0000e+00 42.96371 0.00 0.05693 0.67674 0.47022 -34.96268 134.75945 23.85909 0.41711 0.00000 -70.96065 -25.49440 97.99748 0.3411 3.788e+12 3.320e+12
276 236 4.5271e+12 296.60 271.88 390.191 78.723 26 84.81786 30.62033 67.03898 -79.55 -33.88 9.04 2.690e+13 4.248e+13 -1.323e+12 0.05255 78.72257 5.4325e+12 5.7343e+12 4.2253e+12 0.0000e+00 0.0000e+00 22.21405 14.51 0.11280 0.63996 0.00501 -26.23352 163.19704 7.44309 0.00000 0.00000 0.00000 0.00000 0.00000 0.8028 4.887e+12 3.622e+12
277 262 1.5090e+12 202.84 171.96 270.543 60.739 25 88.81722 27.24456 0.27664 -262.99 -625.23 45.22 -7.412e+12 7.009e+12 6.307e+11 0.01117 60.73930 1.5090e+12 1.5090e+12 9.0542e+11 0.0000e+00 0.0000e+00 52.41741 0.00 0.14304 0.56313 0.04314 5.80223 -63.39149 163.15204 0.00000 0.00000 0.00000 0.00000 0.00000 0.9898 2.837e+12 1.207e+12
278 263 2.1127e+12 217.74 146.02 302.654 113.455 25 54.01358 89.67306 66.03215 61.45 316.86 67.07 -1.676e+12 9.166e+12 1.802e+12 0.04115 113.45529 2.1127e+12 2.1127e+12 6.0361e+11 0.0000e+00 0.0000e+00 78.11863 47.38 0.07581 0.61677 0.27240 -73.17139 79.76519 124.58143 0.00000 0.00000 0.00000 0.00000 0.00000 0.6183 2.299e+12 2.113e+12
279 271 6.0361e+11 146.85 0.00 199.338 52.609 25 63.27454 87.96605 37.87600 217.40 -8.69 72.77 -2.025e+11 3.485e+10 4.442e+11 0.00370 52.60941 6.0361e+11 6.0361e+11 0.0000e+00 0.0000e+00 0.0000e+00 140.96017 18.31 0.03155 0.00000 0.00000 0.00000 0.00000 0.00000 0.00000 0.00000 0.00000 0.00000 0.00000 0.0000 2.695e+12 6.036e+11
280 266 5.4325e+12 338.42 241.27 414.640 54.404 25 52.33088 40.24464 51.12729 150.77 -489.07 -214.58 -7.179e+12 -5.501e+12 1.700e+13 0.03162 54.40385 5.4325e+12 5.4325e+12 4.5271e+12 4.2253e+12 0.0000e+00 24.53701 0.00 0.03187 0.85500 0.52331 31.04330 79.40757 -9.35810 0.41812 0.28038 71.36457 9.63446 8.34701 0.3852 5.648e+12 2.716e+12
281 274 1.2072e+12 184.81 73.78 251.150 67.100 25 88.80856 12.31189 8.73636 -50.68 102.01 -267.44 3.838e+12 -1.413e+12 -1.141e+12 0.05404 67.10011 1.2072e+12 1.8108e+12 9.0542e+11 0.0000e+00 0.0000e+00 59.85342 44.33 0.08619 0.67569 0.00000 -47.94087 80.27805 30.82614 0.00000 0.00000 0.00000 0.00000 0.00000 0.2783 4.036e+12 1.207e+12
282 268 9.0542e+11 164.83 156.41 228.185 78.307 25 41.52579 44.74371 81.65474 278.23 -422.11 -142.62 3.246e+12 -1.009e+12 -4.197e+12 0.11261 78.30715 9.0542e+11 9.0542e+11 3.0181e+11 0.0000e+00 0.0000e+00 136.69868 49.07 0.17709 0.00000 0.00000 0.00000 0.00000 0.00000 0.00000 0.00000 0.00000 0.00000 0.00000 2.6077 2.287e+12 9.054e+11
