#ID DescID Mvir Vmax Vrms Rvir Rs Np X Y Z VX VY VZ JX JY JZ Spin rs_klypin Mvir_all M200b M200c M500c M2500c Xoff Voff spin_bullock b_to_a c_to_a A[x] A[y] A[z] b_to_a(500c) c_to_a(500c) A[x](500c) A[y](500c) A[z](500c) T/|U| M_pe_Behroozi M_pe_Diemer
#a = 0.312406
#Om = 0.285000; Ol = 0.715000; h = 0.695000
#FOF linking length: 0.280000
#Unbound Threshold: 0.500000; FOF Refinement Threshold: 0.700000
#Particle mass: 3.01807e+11 Msun/h
#Box size: 100.000000 Mpc/h
#Force resolution assumed: 0.0976562 Mpc/h
#Units: Masses in Msun / h
#Units: Positions in Mpc / h (comoving)
#Units: Velocities in km / s (physical, peculiar)
#Units: Halo Distances, Lengths, and Radii in kpc / h (comoving)
#Units: Angular Momenta in (Msun/h) * (Mpc/h) * km/s (physical)
#Units: Spins are dimensionless
#Np is an internal debugging quantity.
#Rockstar Version: 0.99.9-RC3
0 0 3.5915e+13 789.04 794.98 837.174 498.846 182 23.20418 9.84703 2.07612 25.80 229.31 221.63 2.730e+14 9.336e+13 4.266e+14 0.03934 224.08267 3.5915e+13 3.5613e+13 3.5010e+13 1.8712e+13 5.1307e+12 139.46057 30.30 0.05045 0.58481 0.31636 113.16050 64.53997 80.97789 0.72660 0.34290 80.41704 37.13265 62.20413 0.6392 3.023e+13 5.583e+13
1 1 4.2253e+12 382.18 445.41 410.213 126.302 55 26.80670 11.58382 3.71782 -221.45 51.86 112.70 -9.694e+12 1.323e+13 -1.139e+12 0.02029 126.30209 4.2253e+12 4.2253e+12 3.0181e+12 1.5090e+12 0.0000e+00 44.23227 0.00 0.05702 0.50742 0.13943 37.79907 1.11861 78.75260 0.05141 0.00000 -29.15864 40.96097 63.18314 1.1101 6.188e+12 4.829e+12
2 2 5.1307e+12 457.68 337.23 437.639 57.370 35 28.97452 11.81745 4.10237 -210.23 95.04 274.71 -2.404e+12 5.501e+13 3.345e+12 0.12891 57.37038 5.1307e+12 5.1307e+12 5.1307e+12 3.9235e+12 1.5090e+12 37.76265 0.00 0.13842 0.32865 0.02839 131.31480 14.55040 -37.57105 0.20212 0.00138 171.21362 34.78606 -49.49582 0.4453 6.519e+12 2.716e+12
3 36 1.8108e+12 292.20 216.75 309.279 80.726 28 54.07852 40.92338 59.21581 -219.15 22.18 -93.28 -6.157e+12 2.798e+12 -7.435e+11 0.03393 80.72605 1.8108e+12 1.8108e+12 1.8108e+12 0.0000e+00 0.0000e+00 76.47855 81.73 0.09684 0.85675 0.58020 -77.14503 26.73294 140.19545 0.00000 0.00000 0.00000 0.00000 0.00000 0.8338 2.974e+12 1.811e+12
4 12 9.9596e+12 526.56 434.89 545.931 118.510 43 52.48037 43.18924 59.26241 223.92 -443.36 -19.58 6.567e+13 2.063e+13 1.361e+11 0.04983 118.51024 9.9596e+12 9.3560e+12 9.0542e+12 6.0361e+12 0.0000e+00 39.38750 20.71 0.05717 0.33382 0.06833 90.66542 -1.81705 134.04048 0.74309 0.65300 0.91597 -79.40571 141.49774 0.5012 8.479e+12 9.054e+12
5 13 1.1167e+13 624.07 551.42 567.154 58.117 86 53.10917 42.93851 60.45112 14.91 -208.27 -441.48 7.074e+13 -7.681e+12 4.116e+13 0.05462 58.11715 1.1167e+13 1.1167e+13 1.0865e+13 9.0542e+12 4.5271e+12 39.85464 0.00 0.05643 0.88130 0.74496 -43.39174 -10.39755 86.43222 0.54101 0.24937 34.27681 62.54042 -45.56203 0.5453 1.351e+13 5.433e+12
6 10 1.6599e+13 646.93 602.48 647.273 109.634 141 59.14632 32.24357 31.53924 -87.09 -223.92 13.48 -3.364e+13 1.352e+13 5.018e+13 0.01744 109.63441 1.6599e+13 1.5996e+13 1.4789e+13 1.1770e+13 2.7163e+12 57.49318 13.49 0.02195 0.74945 0.55252 100.67598 -5.64262 -81.83688 0.49696 0.36803 81.16288 4.46695 -73.15099 0.6252 1.409e+13 1.237e+13
7 4 1.9919e+13 784.78 778.08 687.830 60.126 139 6.64383 4.16124 92.30284 -187.61 118.55 262.44 2.834e+13 6.685e+13 2.290e+13 0.01532 60.12627 1.9919e+13 1.8108e+13 1.8108e+13 1.4487e+13 8.4506e+12 75.56310 0.00 0.01992 0.76305 0.42677 97.14880 8.50727 -51.14323 0.84307 0.41517 91.77022 9.14673 7.03092 0.7247 2.127e+13 9.356e+12
8 5 2.6861e+13 857.98 881.08 759.912 69.475 113 4.52597 3.70164 95.56181 -47.73 200.01 -123.98 -7.002e+13 9.786e+13 -1.052e+14 0.02301 69.47456 2.6861e+13 2.6559e+13 2.6559e+13 2.5654e+13 1.2072e+13 55.53138 0.00 0.02540 0.87949 0.59931 87.80640 44.10509 -56.74709 0.77790 0.58497 72.98220 46.31914 -62.63917 0.6605 3.215e+13 1.298e+13
9 14 1.2374e+13 689.22 605.11 586.896 45.528 97 54.70192 28.48594 36.23981 -89.57 -46.26 -11.26 -4.243e+13 -2.300e+12 -7.597e+13 0.04758 45.52806 1.2374e+13 1.2072e+13 1.2072e+13 9.6578e+12 6.0361e+12 71.06355 0.00 0.05036 0.56582 0.34565 77.97736 -75.08701 10.89320 0.57537 0.36506 73.66299 -68.38517 14.29311 0.5884 1.287e+13 6.036e+12
10 16 3.9235e+12 369.94 297.82 400.204 140.289 87 71.68900 59.20539 49.06902 50.37 11.45 164.97 1.210e+13 -1.803e+13 -2.466e+13 0.05484 140.28918 3.9235e+12 1.8108e+12 1.8108e+12 0.0000e+00 0.0000e+00 122.79180 116.27 0.12893 0.69928 0.21250 16.64308 159.63947 -106.03912 0.00000 0.00000 0.00000 0.00000 0.00000 0.8075 7.708e+12 6.942e+12
11 15 1.2374e+13 619.64 544.23 586.896 73.279 86 37.70319 15.77269 41.99316 99.84 129.17 27.90 -8.442e+12 1.700e+13 -2.463e+13 0.01661 73.27863 1.2374e+13 1.2374e+13 1.2374e+13 1.0563e+13 2.1127e+12 60.91312 0.00 0.01799 0.95139 0.43267 70.38005 71.63617 33.93358 0.95150 0.29029 69.96827 -19.37435 -56.74733 0.5523 1.247e+13 7.847e+12
12 17 2.7163e+12 388.46 212.46 354.036 36.752 80 53.83861 16.09253 41.08013 -186.71 22.73 -14.88 -5.440e+11 -6.721e+12 -1.853e+12 0.04578 36.75214 2.7163e+12 2.7163e+12 2.7163e+12 2.4145e+12 0.0000e+00 10.62691 0.00 0.05064 0.70429 0.54877 125.88628 24.81377 -26.62347 0.58893 0.18950 120.34076 43.18467 -48.97379 0.3294 4.492e+12 6.036e+11
13 8 1.3883e+13 631.70 582.83 609.845 84.084 73 71.20519 62.13625 56.14360 3.97 -26.40 -273.68 2.150e+13 2.261e+13 -5.602e+13 0.02514 84.08351 1.3883e+13 1.3280e+13 1.2978e+13 1.0865e+13 0.0000e+00 44.26495 32.26 0.03062 0.76049 0.71225 -57.55636 121.62180 -27.17845 0.71663 0.26703 -55.05511 124.26859 12.44845 0.6197 1.270e+13 9.054e+12
14 19 1.0261e+13 645.34 553.27 551.391 43.364 72 65.34180 4.41926 72.07414 -89.14 6.89 44.64 3.546e+13 -1.218e+13 8.531e+12 0.03096 43.36398 1.0261e+13 9.6578e+12 9.6578e+12 9.0542e+12 4.5271e+12 44.69880 0.00 0.03039 0.75729 0.62670 -2.12700 -68.25558 68.19846 0.65359 0.61928 -10.00411 79.26521 -49.54121 0.5300 1.151e+13 4.527e+12
15 20 7.8470e+12 477.95 322.65 504.225 127.381 68 66.01714 64.03105 38.17109 -69.35 -64.80 155.05 2.025e+13 -4.474e+13 -1.914e+13 0.05881 127.38147 7.8470e+12 7.8470e+12 7.2434e+12 2.4145e+12 0.0000e+00 41.18383 59.80 0.06514 0.31973 0.14221 -31.07130 99.75129 -50.49426 0.71016 0.49413 -59.62755 125.00577 -23.30607 0.3899 9.191e+12 7.847e+12
16 7 4.5271e+12 390.50 279.71 419.756 131.955 67 70.89618 59.90660 58.42692 -10.76 135.04 -537.48 -2.021e+13 -3.573e+12 1.428e+12 0.04908 131.95482 4.5271e+12 4.5271e+12 3.6217e+12 0.0000e+00 0.0000e+00 74.74802 37.44 0.06360 0.65704 0.62879 37.61027 155.84940 -56.09961 0.00000 0.00000 0.00000 0.00000 0.00000 0.4673 6.287e+12 6.640e+12
17 18 6.9416e+12 460.17 365.52 484.034 118.892 58 75.22997 4.75068 30.92441 -179.54 -110.26 -65.84 -6.381e+12 -2.617e+13 -1.829e+13 0.03704 118.89235 6.9416e+12 6.9416e+12 6.6398e+12 3.0181e+11 0.0000e+00 41.85641 0.00 0.04937 0.81156 0.42719 122.96878 20.32902 100.03042 0.00000 0.00000 0.00000 0.00000 0.00000 0.5590 8.348e+12 6.942e+12
18 24 6.0361e+11 258.97 0.00 214.442 14.889 44 65.16030 85.70797 46.52200 22.40 -130.57 -85.94 0.000e+00 0.000e+00 0.000e+00 0.00000 14.88891 6.0361e+11 6.0361e+11 6.0361e+11 6.0361e+11 0.0000e+00 53.50971 0.00 0.00000 0.00000 0.00000 0.00000 0.00000 0.00000 0.00000 0.00000 0.00000 0.00000 0.00000 0.0000 2.421e+12 3.018e+11
19 21 1.2072e+12 263.90 147.02 270.180 53.334 40 40.46140 3.48968 6.53034 -139.50 130.58 28.05 4.131e+12 -4.483e+11 3.515e+12 0.07256 53.33424 1.2072e+12 1.2072e+12 1.2072e+12 0.0000e+00 0.0000e+00 69.93146 0.00 0.15228 0.43046 0.01221 -30.75161 164.87732 59.49376 0.00000 0.00000 0.00000 0.00000 0.00000 0.5639 3.263e+12 9.054e+11
20 25 5.1307e+12 424.49 288.61 437.639 90.957 37 67.60906 80.90073 48.32904 -54.45 21.12 -104.66 -1.258e+13 -1.642e+13 2.121e+13 0.05806 90.95692 5.1307e+12 5.1307e+12 5.1307e+12 6.0361e+11 0.0000e+00 100.18759 28.66 0.07432 0.21572 0.02026 -127.11898 127.01366 26.31532 0.00000 0.00000 0.00000 0.00000 0.00000 0.4577 5.531e+12 4.225e+12
21 23 1.5090e+12 357.28 194.56 291.043 18.973 37 41.73873 42.88393 83.17479 94.06 -128.14 -208.85 1.294e+11 4.914e+12 -5.969e+12 0.11466 18.97327 1.5090e+12 1.5090e+12 1.5090e+12 9.0542e+11 9.0542e+11 71.12531 0.00 0.14916 0.45630 0.20983 23.56501 60.38110 80.11885 0.85329 0.52566 17.49689 42.84508 36.32750 0.4214 4.878e+12 3.018e+11
22 26 2.7163e+12 333.32 240.75 354.036 95.893 36 71.52431 22.38093 99.62095 -1.33 -104.00 120.82 2.350e+12 7.593e+11 -5.100e+12 0.02340 95.89252 2.7163e+12 2.7163e+12 1.2072e+12 9.0542e+11 0.0000e+00 74.86577 0.00 0.04103 0.36226 0.12627 -48.05236 -15.94473 150.71968 0.83611 0.41564 -4.85857 29.91340 102.33369 0.6347 4.015e+12 2.716e+12
23 37 1.2072e+12 279.09 122.36 270.180 37.811 35 51.30755 53.29238 40.05373 119.88 -87.12 -47.10 -1.852e+12 -1.378e+12 -2.746e+11 0.04317 37.81091 1.2072e+12 1.2072e+12 1.2072e+12 9.0542e+11 0.0000e+00 96.11900 0.00 0.06503 0.79946 0.05474 23.86565 71.74148 55.61722 0.96786 0.04541 -9.11971 74.31486 -65.38996 0.2938 3.448e+12 6.036e+11
24 39 9.0542e+11 251.64 169.03 245.475 35.826 34 59.59715 29.13211 86.06420 303.80 13.91 62.20 -2.513e+12 1.547e+12 -1.234e+12 0.08837 35.82597 9.0542e+11 9.0542e+11 9.0542e+11 6.0361e+11 0.0000e+00 31.80044 169.03 0.14456 0.00000 0.00000 0.00000 0.00000 0.00000 0.00000 0.00000 0.00000 0.00000 0.00000 1.8991 2.835e+12 6.036e+11
25 29 6.0361e+11 213.12 0.00 214.442 37.648 34 73.61814 16.27907 1.12210 57.38 238.88 -9.72 -2.072e+12 -6.642e+11 9.284e+11 0.17209 37.64779 6.0361e+11 6.0361e+11 6.0361e+11 0.0000e+00 0.0000e+00 163.61279 216.30 0.21012 0.00000 0.00000 0.00000 0.00000 0.00000 0.00000 0.00000 0.00000 0.00000 0.00000 0.0000 3.272e+12 0.000e+00
26 8 1.2072e+12 257.96 113.66 270.180 63.836 33 71.25837 63.67434 57.14163 58.88 -184.01 -728.06 -2.225e+11 2.706e+12 3.482e+12 0.07652 63.83619 1.2072e+12 1.2072e+12 1.2072e+12 6.0361e+11 0.0000e+00 81.03094 76.53 0.12354 0.34023 0.13878 -90.48600 98.87814 -81.43678 0.00000 0.00000 0.00000 0.00000 0.00000 0.3562 2.132e+12 1.207e+12
27 35 1.2072e+12 255.00 160.72 270.180 71.267 32 66.23400 93.60834 68.23997 117.41 275.22 -205.16 2.464e+12 7.825e+11 -2.841e+12 0.03278 71.26676 1.2072e+12 1.2072e+12 1.2072e+12 0.0000e+00 0.0000e+00 107.26701 84.09 0.10746 0.50614 0.00000 138.59895 -10.04878 -57.53948 0.00000 0.00000 0.00000 0.00000 0.00000 0.8278 2.286e+12 1.207e+12
28 32 6.0361e+11 223.55 0.00 214.442 28.582 28 82.55515 14.75470 2.01091 -110.23 -10.74 -6.85 0.000e+00 0.000e+00 0.000e+00 0.00000 28.58172 6.0361e+11 6.0361e+11 6.0361e+11 0.0000e+00 0.0000e+00 163.08322 0.00 0.00000 0.00000 0.00000 0.00000 0.00000 0.00000 0.00000 0.00000 0.00000 0.00000 0.00000 0.0000 2.449e+12 0.000e+00
29 28 3.9235e+12 367.45 243.31 400.204 177.434 26 71.29906 68.55849 56.66095 94.67 -196.90 -454.44 -4.512e+12 -1.284e+13 1.667e+13 0.05551 177.43428 3.9235e+12 3.0181e+12 3.0181e+11 0.0000e+00 0.0000e+00 50.55174 27.90 0.08443 0.46597 0.17751 -83.58835 193.45580 17.91148 0.00000 0.00000 0.00000 0.00000 0.00000 0.5229 3.756e+12 6.036e+12
