#ID DescID Mvir Vmax Vrms Rvir Rs Np X Y Z VX VY VZ JX JY JZ Spin rs_klypin Mvir_all M200b M200c M500c M2500c Xoff Voff spin_bullock b_to_a c_to_a A[x] A[y] A[z] b_to_a(500c) c_to_a(500c) A[x](500c) A[y](500c) A[z](500c) T/|U| M_pe_Behroozi M_pe_Diemer
#a = 0.371047
#Om = 0.285000; Ol = 0.715000; h = 0.695000
#FOF linking length: 0.280000
#Unbound Threshold: 0.500000; FOF Refinement Threshold: 0.700000
#Particle mass: 3.01807e+11 Msun/h
#Box size: 100.000000 Mpc/h
#Force resolution assumed: 0.0976562 Mpc/h
#Units: Masses in Msun / h
#Units: Positions in Mpc / h (comoving)
#Units: Velocities in km / s (physical, peculiar)
#Units: Halo Distances, Lengths, and Radii in kpc / h (comoving)
#Units: Angular Momenta in (Msun/h) * (Mpc/h) * km/s (physical)
#Units: Spins are dimensionless
#Np is an internal debugging quantity.
#Rockstar Version: 0.99.9-RC3
0 13 3.7122e+13 792.87 783.78 839.561 311.477 185 6.33619 4.41721 92.56347 -238.43 142.34 358.93 1.725e+14 7.452e+13 1.744e+13 0.01326 128.39903 3.7122e+13 3.5613e+13 3.4104e+13 2.0221e+13 1.2676e+13 142.02875 21.30 0.01612 0.74654 0.41595 95.82278 -20.22183 -88.76957 0.92363 0.53240 74.28495 30.35755 52.44268 0.6363 3.050e+13 4.406e+13
1 11 5.4325e+12 392.83 355.28 442.427 103.503 83 8.69996 1.44751 89.44526 -187.20 589.82 315.10 5.676e+12 1.659e+13 7.966e+12 0.02358 103.50320 5.4325e+12 5.4325e+12 4.5271e+12 2.1127e+12 0.0000e+00 54.88793 33.04 0.04048 0.13202 0.05720 -65.67057 120.04942 169.69041 0.42212 0.16960 -31.30663 92.26900 72.10211 0.7256 7.093e+12 4.527e+12
2 23 4.7384e+13 855.54 908.66 910.717 190.050 228 4.32892 4.12615 95.44775 54.67 267.00 -149.57 -1.163e+14 1.976e+14 -1.807e+14 0.01293 143.63324 4.7384e+13 4.7082e+13 4.4969e+13 3.1388e+13 1.5392e+13 42.50011 57.55 0.01660 0.56754 0.47649 141.97292 46.12628 -24.72874 0.61100 0.59409 108.68511 34.05539 -31.52321 0.6941 3.955e+13 4.165e+13
3 1 6.0663e+13 868.67 900.03 988.893 436.571 313 23.22378 10.40117 2.57449 -82.34 147.37 141.46 7.033e+14 9.899e+14 4.215e+14 0.03892 255.69850 6.0663e+13 5.9456e+13 5.7042e+13 3.2293e+13 1.2978e+13 58.91825 19.37 0.04842 0.72250 0.38151 127.07984 72.13022 39.32921 0.79020 0.44850 93.30057 45.39719 20.88927 0.6405 5.028e+13 8.119e+13
4 7 2.2636e+13 735.84 694.66 711.930 69.385 125 71.57275 59.19812 49.30355 -59.43 164.62 -8.30 2.647e+13 3.175e+13 5.674e+13 0.01180 69.38492 2.2636e+13 2.2334e+13 2.0825e+13 1.8108e+13 7.2434e+12 27.41475 0.00 0.01367 0.95810 0.55805 13.94123 107.35710 21.77184 0.87395 0.31520 60.80844 33.09749 71.75208 0.6403 2.231e+13 1.237e+13
5 8 3.3199e+12 321.29 306.79 375.446 142.525 52 71.78401 61.39111 47.83576 -127.60 -111.54 160.22 -8.227e+11 -1.889e+12 2.679e+11 0.00387 142.52527 3.3199e+12 2.1127e+12 2.1127e+12 6.0361e+11 0.0000e+00 51.01293 22.88 0.00992 0.39679 0.15642 -19.04140 132.69293 4.55884 0.00000 0.00000 0.00000 0.00000 0.00000 0.8413 5.817e+12 5.433e+12
6 9 2.4145e+12 312.98 200.36 337.635 57.736 63 73.54569 61.71224 47.53078 -669.81 -24.75 367.99 2.239e+12 -1.966e+12 -9.614e+11 0.01706 57.73643 2.4145e+12 2.4145e+12 2.4145e+12 0.0000e+00 0.0000e+00 109.97766 0.00 0.02542 0.19717 0.00000 -73.37629 1.86603 205.10307 0.00000 0.00000 0.00000 0.00000 0.00000 0.4738 4.612e+12 6.036e+11
7 15 6.6398e+12 442.01 317.40 473.033 77.014 39 53.73330 41.26051 58.98971 -284.10 247.53 -185.16 -4.158e+12 -2.868e+13 -2.904e+11 0.04369 77.01398 6.6398e+12 6.3380e+12 6.0361e+12 4.5271e+12 1.5090e+12 37.01950 21.38 0.04360 0.58023 0.16980 56.49805 69.48102 -53.16757 0.54496 0.18463 -31.14105 50.03111 -42.72992 0.3793 5.712e+12 4.829e+12
8 16 4.4969e+13 842.26 882.63 894.978 164.670 202 53.05952 42.37263 59.41329 186.29 -330.29 -309.12 -2.694e+14 5.080e+13 3.870e+14 0.02501 139.67842 4.4969e+13 4.4064e+13 4.3762e+13 3.3802e+13 1.3280e+13 63.16540 61.49 0.02943 0.80952 0.35121 61.42972 -16.33457 118.94128 0.51155 0.24197 54.19814 -19.56509 107.59892 0.6540 4.160e+13 3.863e+13
9 14 4.1649e+13 789.25 793.37 872.389 215.436 196 59.02260 31.86653 31.61076 -143.71 -250.69 63.83 -4.368e+14 2.641e+14 -9.605e+13 0.02865 175.84285 4.1649e+13 4.0140e+13 3.9235e+13 2.7464e+13 6.3380e+12 102.35570 19.78 0.03662 0.42847 0.28189 132.38681 74.34663 -76.24953 0.31602 0.19443 112.12094 66.30167 -63.98035 0.6550 3.446e+13 4.074e+13
10 14 3.3199e+12 333.46 321.23 375.446 87.606 45 60.06513 33.67104 31.20483 -214.78 -703.87 -48.81 1.344e+12 5.757e+12 -8.814e+12 0.01450 87.60574 3.6217e+12 3.3199e+12 3.3199e+12 0.0000e+00 0.0000e+00 94.81681 81.90 0.05068 0.25311 0.00820 -22.91478 231.04562 -81.10667 0.00000 0.00000 0.00000 0.00000 0.00000 0.9197 6.320e+12 3.320e+12
11 18 3.1690e+13 682.37 664.73 796.429 519.793 159 71.24739 62.29431 55.51880 15.52 -7.34 -359.07 2.358e+14 -1.555e+14 -4.054e+14 0.03910 292.98508 3.1690e+13 3.0483e+13 2.8672e+13 1.3280e+13 0.0000e+00 105.55680 21.22 0.05493 0.30432 0.23359 61.00286 222.18140 -58.50111 0.54083 0.33294 51.70471 160.56984 -51.89727 0.6596 2.613e+13 4.980e+13
12 17 9.0542e+12 526.07 424.58 524.555 58.708 65 70.90431 60.06781 57.29724 19.37 263.62 -735.41 9.824e+12 3.578e+13 1.389e+13 0.03383 58.70824 9.3560e+12 9.0542e+12 8.1488e+12 6.0361e+12 3.3199e+12 52.34143 6.14 0.03554 0.44523 0.41346 -62.19904 29.34511 104.66435 0.64256 0.42624 -43.72041 -4.51038 87.65746 0.4943 8.626e+12 5.433e+12
13 19 5.1307e+12 375.60 326.84 434.077 133.928 49 51.85060 12.63757 40.40938 154.86 451.96 17.26 6.237e+12 2.249e+13 1.670e+12 0.02934 133.92758 5.1307e+12 5.1307e+12 3.9235e+12 6.0361e+11 0.0000e+00 64.33245 0.00 0.05408 0.13782 0.00000 132.86395 -113.08329 -122.23401 0.00000 0.00000 0.00000 0.00000 0.00000 0.7346 6.585e+12 6.640e+12
14 20 4.8289e+12 366.85 339.91 425.393 138.047 49 52.66333 13.96257 40.67607 -79.97 307.39 -129.39 2.191e+13 4.518e+11 2.440e+13 0.04102 138.04689 4.8289e+12 4.8289e+12 4.2253e+12 3.0181e+11 0.0000e+00 138.37802 0.00 0.08387 0.45772 0.00000 4.75970 119.05407 94.60805 0.00000 0.00000 0.00000 0.00000 0.00000 0.7796 7.220e+12 6.942e+12
15 21 1.3581e+13 619.11 537.18 600.465 59.164 80 53.50976 16.04213 41.03282 -275.92 -34.32 -9.06 -4.159e+13 -4.656e+13 -1.393e+13 0.02666 59.16401 1.3581e+13 1.3280e+13 1.2978e+13 8.7524e+12 6.0361e+12 28.01102 0.00 0.02919 0.75921 0.37758 73.92989 43.85183 -61.73091 0.87001 0.44741 -17.44866 69.57991 45.47573 0.5736 1.262e+13 7.243e+12
16 28 2.1730e+13 752.87 718.32 702.309 58.522 164 74.88932 4.54390 30.73234 -178.66 -126.17 -95.43 -1.153e+13 4.879e+13 -1.198e+13 0.00890 58.52195 2.1730e+13 2.0825e+13 2.0221e+13 1.7203e+13 7.5452e+12 80.25212 0.00 0.01075 0.71092 0.56796 51.81826 47.57434 72.08821 0.80896 0.46300 50.78543 41.31660 45.80775 0.6785 2.042e+13 8.149e+12
17 24 2.8370e+13 754.78 703.36 767.585 94.575 160 37.89576 15.89513 42.10395 171.17 148.39 60.19 -1.911e+14 7.854e+13 -4.479e+13 0.02431 94.57546 2.8370e+13 2.8068e+13 2.7163e+13 1.8712e+13 7.5452e+12 95.82097 5.62 0.02826 0.67148 0.44524 87.72637 75.83424 24.75647 0.81146 0.41831 48.19805 68.85288 22.44246 0.6111 2.455e+13 1.449e+13
18 25 1.2978e+13 600.65 544.55 591.434 62.409 123 94.02784 42.87617 60.98226 -193.33 -204.51 183.84 -6.339e+13 1.134e+12 -3.150e+13 0.02986 62.40909 1.2978e+13 1.2676e+13 1.2676e+13 9.0542e+12 4.5271e+12 55.18416 19.35 0.03485 0.61146 0.30399 104.11046 -46.26937 41.52320 0.78215 0.37622 69.92490 -15.99630 58.20996 0.6220 1.253e+13 6.942e+12
19 26 2.7163e+12 302.49 224.30 351.154 116.023 29 95.69447 42.30209 62.68828 -361.49 -468.13 -310.31 5.072e+11 7.864e+12 1.153e+11 0.03556 116.02325 2.7163e+12 2.1127e+12 2.1127e+12 1.2072e+12 0.0000e+00 61.88389 66.92 0.05259 0.48473 0.00404 64.98629 -47.99895 64.47338 0.32926 0.17827 59.95343 -50.67759 93.75195 0.5728 4.968e+12 3.923e+12
20 2 9.6578e+12 489.01 521.24 535.962 101.721 70 28.58013 12.05858 4.51064 -220.90 98.54 180.98 2.285e+13 9.523e+13 -5.998e+13 0.04492 101.72063 9.6578e+12 9.6578e+12 8.7524e+12 4.8289e+12 0.0000e+00 71.37532 0.00 0.09251 0.61305 0.35373 51.82933 57.72342 120.50245 0.87565 0.49865 17.34255 31.30033 96.59798 0.8425 9.322e+12 6.036e+12
21 3 6.3380e+12 502.34 467.65 465.754 37.842 82 31.29243 11.92833 4.62089 -279.28 209.21 192.69 -2.105e+13 -1.236e+13 -9.899e+12 0.02731 37.84187 6.3380e+12 6.3380e+12 5.7343e+12 4.5271e+12 0.0000e+00 55.55269 0.00 0.04282 0.77342 0.63817 109.27568 -26.91993 14.22444 0.82026 0.59020 -56.50692 25.25518 82.83017 0.7689 8.776e+12 2.113e+12
22 29 1.2374e+13 515.29 494.38 582.119 139.926 150 73.64436 69.54805 53.61623 -240.52 -154.29 -240.56 -3.800e+12 -6.508e+13 8.193e+13 0.03457 139.92603 1.2374e+13 1.2374e+13 1.1770e+13 4.2253e+12 0.0000e+00 79.13754 0.00 0.05580 0.18697 0.04621 126.97504 130.71518 111.09122 0.70702 0.13391 73.15595 -3.80933 -37.61713 0.7284 1.515e+13 1.207e+13
23 27 2.8672e+13 702.49 698.30 770.297 146.668 121 54.48230 28.41303 36.35609 -71.36 -97.99 -161.25 1.796e+13 1.265e+14 3.991e+13 0.01509 146.66820 2.8672e+13 2.8370e+13 2.6861e+13 1.5694e+13 7.5452e+12 106.24133 0.00 0.01758 0.75956 0.58027 -57.31133 17.97245 97.78342 0.80248 0.55320 -52.61763 54.66484 -38.40862 0.6072 2.574e+13 2.414e+13
24 40 2.2334e+13 706.98 691.97 708.752 81.399 109 65.10757 4.46699 72.06097 -32.74 49.36 -59.83 3.192e+13 -7.966e+13 -8.555e+13 0.02123 81.39912 2.2334e+13 2.2032e+13 2.2032e+13 1.6599e+13 6.6398e+12 45.35004 0.00 0.02414 0.55565 0.53568 76.93313 92.15153 -0.08959 0.50703 0.48672 70.89169 74.21726 3.25158 0.6301 2.140e+13 1.268e+13
25 31 4.2253e+12 348.90 425.72 406.874 146.770 108 71.53512 22.67603 99.19939 121.28 -368.14 464.80 -1.577e+13 2.163e+13 -3.160e+13 0.08081 146.76968 4.2253e+12 3.9235e+12 3.9235e+12 1.2072e+12 0.0000e+00 51.39436 22.14 0.13230 0.70864 0.04562 -32.34785 146.92902 82.52990 0.58164 0.24976 82.56660 97.53754 26.18990 1.3495 1.497e+13 6.338e+12
26 36 9.0542e+11 228.72 88.45 243.477 38.408 42 38.91937 2.09252 4.24425 -25.84 436.67 183.81 7.429e+11 1.885e+12 4.621e+11 0.03232 38.40801 9.0542e+11 9.0542e+11 9.0542e+11 6.0361e+11 0.0000e+00 54.99216 88.45 0.08653 0.00000 0.00000 0.00000 0.00000 0.00000 0.00000 0.00000 0.00000 0.00000 0.00000 0.6552 4.800e+12 6.036e+11
27 37 8.4506e+12 439.24 331.94 512.629 188.343 60 40.24871 3.83138 6.39986 -178.50 230.29 -51.22 4.784e+12 -1.919e+13 4.222e+13 0.04068 188.34258 8.4506e+12 8.1488e+12 6.3380e+12 3.6217e+12 0.0000e+00 27.94681 11.80 0.04691 0.72591 0.16806 35.10277 89.44563 138.18109 0.67610 0.27051 22.48915 73.57999 107.83563 0.4397 6.967e+12 9.356e+12
28 60 6.0361e+11 213.07 0.00 212.697 23.934 44 2.52060 12.77518 9.70141 63.18 -76.15 -176.35 0.000e+00 0.000e+00 0.000e+00 0.00000 23.93382 6.0361e+11 6.0361e+11 6.0361e+11 0.0000e+00 0.0000e+00 117.55910 0.00 0.00000 0.00000 0.00000 0.00000 0.00000 0.00000 0.00000 0.00000 0.00000 0.00000 0.00000 0.0000 3.901e+12 0.000e+00
29 72 6.3380e+12 401.18 295.78 465.754 154.097 54 5.64520 13.32142 11.85240 -172.67 -149.43 -277.92 1.212e+13 8.487e+12 1.052e+13 0.02416 154.09711 6.3380e+12 6.3380e+12 5.4325e+12 1.8108e+12 0.0000e+00 73.58548 80.50 0.02950 0.90923 0.62042 97.44560 -70.17555 -64.72168 0.65246 0.48605 -45.25397 -63.26688 105.93850 0.4636 5.877e+12 8.451e+12
30 42 3.3199e+12 321.45 247.71 375.446 140.630 98 26.76131 28.93765 63.67320 170.31 55.29 -73.73 -1.154e+13 -3.408e+11 1.166e+13 0.04079 140.62981 3.3199e+12 3.0181e+12 1.5090e+12 3.0181e+11 0.0000e+00 17.73482 66.10 0.07836 0.58533 0.00605 75.82278 60.12326 38.76662 0.00000 0.00000 0.00000 0.00000 0.00000 0.6919 5.213e+12 5.433e+12
31 49 1.0865e+13 512.62 451.07 557.423 100.325 98 45.97392 29.02244 45.54525 206.82 -203.96 -4.36 4.519e+13 2.490e+13 2.441e+13 0.03072 100.32482 1.0865e+13 1.0865e+13 9.9596e+12 7.5452e+12 1.2072e+12 30.16612 0.00 0.03779 0.73236 0.32897 -22.01114 65.42374 103.79832 0.32453 0.23894 8.53253 29.36993 100.04156 0.5874 1.129e+13 8.752e+12
32 35 6.6398e+12 412.51 379.93 473.033 132.247 93 82.20412 14.89864 2.05504 -87.53 90.68 4.47 -1.888e+13 1.662e+13 -9.473e+12 0.02573 132.24733 6.6398e+12 6.6398e+12 6.3380e+12 2.1127e+12 0.0000e+00 64.34325 0.00 0.04044 0.39016 0.14831 102.21068 -30.31416 -36.39201 0.82591 0.19158 16.17391 27.12313 61.72068 0.6875 6.594e+12 7.545e+12
33 -1 1.5090e+12 267.92 201.40 288.674 48.991 92 70.25971 3.13434 25.48881 96.74 -47.25 8.63 2.028e+12 -6.182e+11 1.930e+12 0.00724 48.99095 1.5090e+12 1.5090e+12 1.5090e+12 0.0000e+00 0.0000e+00 71.75612 0.00 0.05095 0.48348 0.15678 92.55675 139.81735 -44.97482 0.00000 0.00000 0.00000 0.00000 0.00000 0.9681 5.391e+12 6.036e+11
34 38 6.9416e+12 413.21 326.46 480.094 160.986 88 99.40797 22.20471 75.32401 0.19 24.99 62.84 3.790e+12 -1.612e+13 1.043e+13 0.01904 160.98648 6.9416e+12 6.6398e+12 6.0361e+12 1.2072e+12 0.0000e+00 68.30948 21.41 0.02733 0.46334 0.04761 89.49216 2.18031 107.44742 0.14411 0.00000 -40.61873 36.72655 68.81789 0.5791 8.176e+12 1.056e+13
35 48 8.4506e+12 533.95 415.19 512.629 48.287 88 66.66478 93.60251 67.60332 -26.98 425.59 -223.33 1.376e+13 1.735e+11 4.622e+12 0.01391 48.28717 8.4506e+12 8.4506e+12 8.1488e+12 6.6398e+12 9.0542e+11 28.82798 0.00 0.01461 0.62042 0.45936 -43.45593 89.75752 69.85379 0.71731 0.42162 -34.11451 58.23135 86.98560 0.5058 9.204e+12 3.923e+12
36 44 2.1428e+13 699.69 663.08 699.042 78.974 87 65.82613 64.05904 38.31713 -12.08 61.54 173.13 4.205e+13 -7.606e+13 1.068e+13 0.01720 78.97443 2.1428e+13 2.1127e+13 2.0523e+13 1.5392e+13 6.9416e+12 86.38362 0.00 0.01869 0.86026 0.79645 53.06060 81.10293 5.81914 0.87778 0.71298 -8.98647 69.56010 -43.49718 0.5965 2.021e+13 1.268e+13
37 50 1.2676e+13 518.67 440.56 586.814 142.974 85 71.48907 68.00925 55.78811 147.51 -105.85 -598.72 9.722e+12 -8.809e+11 -8.920e+12 0.00570 142.97369 1.2676e+13 1.2676e+13 1.1469e+13 6.0361e+12 1.8108e+12 67.34994 0.00 0.00677 0.92054 0.33233 -9.29207 -47.51270 112.36401 0.65983 0.21713 -31.37866 -23.88835 78.64857 0.5317 1.106e+13 1.237e+13
38 34 1.4185e+13 763.63 680.11 609.232 28.193 85 41.91319 42.62029 82.89898 102.11 -215.14 -231.69 -7.850e+12 2.044e+13 4.933e+13 0.02239 28.19278 1.4185e+13 1.3581e+13 1.3581e+13 1.1469e+13 8.4506e+12 13.92888 10.87 0.02291 0.77507 0.65161 6.50288 39.35039 73.81783 0.86660 0.74256 67.11930 20.71286 16.79746 0.6424 2.081e+13 5.433e+12
39 33 1.5090e+12 247.91 248.59 288.674 100.905 52 71.20922 23.30887 0.84075 199.38 -454.77 -71.37 -2.610e+12 1.067e+13 9.510e+12 0.11711 100.90475 1.5090e+12 1.2072e+12 1.2072e+12 0.0000e+00 0.0000e+00 54.36700 35.73 0.25820 0.55823 0.16618 139.50380 -72.95253 85.08409 0.00000 0.00000 0.00000 0.00000 0.00000 1.3356 3.441e+12 2.716e+12
40 47 6.3380e+12 411.60 339.18 465.754 113.653 79 73.89687 17.31560 0.86348 -22.25 182.07 101.96 -2.801e+13 -2.947e+13 -2.787e+13 0.06297 113.65318 6.3380e+12 6.3380e+12 5.1307e+12 3.0181e+12 0.0000e+00 76.99384 0.00 0.08012 0.63690 0.04036 9.83034 118.27706 -10.87871 0.33105 0.04557 -9.21698 76.72234 -74.41656 0.5457 8.250e+12 6.338e+12
41 51 7.8470e+12 442.76 379.04 500.121 120.076 73 89.89336 35.63533 67.18871 -24.00 -120.25 -137.35 -2.127e+13 1.493e+13 2.319e+13 0.03157 120.07555 7.8470e+12 7.8470e+12 7.5452e+12 3.6217e+12 0.0000e+00 56.48516 0.00 0.03965 0.31332 0.16421 80.20568 126.54597 -90.36336 0.08328 0.00000 -23.01440 -76.59252 92.65316 0.5592 8.348e+12 7.847e+12
42 55 6.0361e+11 198.81 0.00 212.697 34.559 70 70.00237 39.02798 55.81107 -71.44 -137.44 -58.09 -1.340e+12 1.026e+12 -1.262e+12 0.10015 34.55931 6.0361e+11 6.0361e+11 6.0361e+11 0.0000e+00 0.0000e+00 176.88806 137.90 0.17251 0.00000 0.00000 0.00000 0.00000 0.00000 0.00000 0.00000 0.00000 0.00000 0.00000 0.0000 6.862e+12 0.000e+00
43 57 2.4145e+12 289.32 130.91 337.635 123.850 68 42.69776 17.41783 47.43982 44.86 104.45 -462.57 1.636e+12 9.603e+11 -3.970e+12 0.02896 123.85042 2.4145e+12 1.8108e+12 1.8108e+12 3.0181e+11 0.0000e+00 46.80851 50.96 0.03572 0.62349 0.09429 112.23671 -26.39695 -55.85073 0.00000 0.00000 0.00000 0.00000 0.00000 0.2700 5.985e+12 4.527e+12
44 53 4.5271e+12 367.40 313.78 416.339 102.987 65 65.29680 91.27982 27.06098 157.09 163.45 59.29 2.315e+13 -4.091e+12 1.025e+13 0.04894 102.98736 4.5271e+12 4.5271e+12 4.2253e+12 2.4145e+12 0.0000e+00 96.87726 0.00 0.07303 0.08709 0.02542 84.22906 113.06994 -94.06898 0.08815 0.02607 86.90604 112.88275 -94.79208 0.6252 6.624e+12 4.527e+12
45 56 8.1488e+12 506.00 428.18 506.452 57.714 61 34.61508 4.49494 40.99051 31.39 427.53 31.87 -3.383e+12 3.983e+12 -5.623e+12 0.00782 57.71444 8.1488e+12 8.1488e+12 8.1488e+12 6.9416e+12 3.0181e+12 86.02104 0.00 0.00821 0.75212 0.16049 -62.69915 98.33196 -29.09924 0.42453 0.17242 -47.61046 98.87424 2.08608 0.5297 8.532e+12 4.527e+12
46 52 3.6217e+12 367.46 257.66 386.495 56.899 34 96.07323 92.96899 90.51821 -52.15 498.56 279.28 -1.085e+13 -3.308e+12 -9.576e+11 0.03960 56.89931 3.6217e+12 3.6217e+12 3.3199e+12 2.4145e+12 0.0000e+00 24.68064 0.00 0.04701 0.36462 0.05286 -21.48976 145.30412 97.80601 0.39629 0.00000 49.84784 82.57112 84.09659 0.4447 3.798e+12 2.414e+12
47 52 1.2072e+12 279.62 153.00 267.981 25.049 25 96.69785 95.31232 91.80270 111.75 388.19 151.87 -2.493e+12 6.782e+11 -1.923e+12 0.04886 25.04877 1.2072e+12 1.2072e+12 1.2072e+12 1.2072e+12 0.0000e+00 83.95715 0.00 0.08301 0.60308 0.28230 -31.38770 94.78300 30.95133 0.00000 0.00000 -72.42584 82.00073 16.08276 0.4879 2.673e+12 0.000e+00
48 54 1.2072e+13 573.46 487.54 577.347 67.685 59 67.57261 81.03574 48.19010 2.72 46.40 -86.00 3.129e+13 -2.091e+13 3.173e+13 0.02642 67.68465 1.2072e+13 1.2072e+13 1.2072e+13 9.3560e+12 3.3199e+12 53.02433 19.08 0.02734 0.77295 0.55532 39.31588 76.10661 77.65973 0.72948 0.55684 -8.87954 96.07388 4.51900 0.5110 1.149e+13 6.640e+12
49 59 4.5271e+12 375.24 285.53 416.339 86.312 57 31.38181 13.71823 43.58798 483.86 -38.20 -58.32 5.764e+12 2.333e+13 8.302e+12 0.06003 86.31213 4.5271e+12 4.5271e+12 3.6217e+12 2.7163e+12 0.0000e+00 51.28535 0.00 0.07240 0.58456 0.36908 113.22285 39.58096 29.32251 0.53729 0.36086 110.15691 27.18962 29.45727 0.4901 4.031e+12 3.622e+12
50 43 5.4325e+12 381.77 316.42 442.427 142.193 55 59.66639 29.00099 86.02688 256.72 -203.08 156.90 -2.082e+13 1.098e+13 -3.585e+13 0.06037 142.19295 5.4325e+12 5.4325e+12 4.2253e+12 1.2072e+12 0.0000e+00 25.72147 0.00 0.09012 0.79494 0.18659 121.89790 -41.81263 6.17926 0.80490 0.00000 3.77883 43.05263 113.48296 0.5984 6.258e+12 7.243e+12
51 61 9.0542e+12 568.87 453.92 524.555 41.672 54 37.90549 82.99798 95.99493 171.80 141.56 52.99 1.412e+11 9.599e+11 -2.624e+12 0.00252 41.67200 9.0542e+12 9.0542e+12 9.0542e+12 7.8470e+12 3.0181e+12 32.35635 0.00 0.00251 0.66708 0.56954 12.43018 82.02817 55.58721 0.83989 0.71505 -5.31633 59.79321 61.37558 0.5057 1.101e+13 3.018e+12
52 64 8.4506e+12 479.74 456.33 512.629 82.701 53 41.76409 85.36294 45.81335 188.48 9.08 -60.38 1.456e+11 2.077e+13 -2.381e+13 0.02332 82.70066 8.4506e+12 7.8470e+12 7.8470e+12 6.0361e+12 0.0000e+00 40.89781 0.00 0.03180 0.31568 0.18072 145.01196 -41.69955 11.85191 0.09709 0.00000 121.90997 -63.24171 6.11180 0.6777 7.473e+12 6.036e+12
53 62 3.0181e+12 322.79 205.61 363.706 85.417 53 4.73445 3.13769 76.62242 -18.60 275.92 209.34 3.391e+12 7.653e+12 -6.092e+11 0.03683 85.41697 3.0181e+12 2.7163e+12 2.7163e+12 0.0000e+00 0.0000e+00 66.24944 26.88 0.04698 0.30054 0.03482 141.49727 -99.03372 18.07736 0.00000 0.00000 0.00000 0.00000 0.00000 0.4040 5.024e+12 2.716e+12
54 63 4.2253e+12 396.48 268.23 406.874 52.485 53 38.60883 21.03407 61.25360 146.03 389.16 -258.14 -2.620e+12 -1.272e+13 2.896e+12 0.03714 52.48516 4.2253e+12 4.2253e+12 3.9235e+12 3.6217e+12 0.0000e+00 17.31991 0.00 0.04250 0.46528 0.00715 -23.20550 31.64098 123.72305 0.70098 0.31375 -53.12875 -51.91421 146.57132 0.4454 5.778e+12 1.509e+12
55 73 6.9416e+12 431.72 332.50 480.094 101.265 49 51.50747 53.15189 39.96058 153.85 -172.65 -78.88 1.110e+13 1.401e+13 9.908e+12 0.02427 101.26546 6.9416e+12 6.9416e+12 6.9416e+12 3.6217e+12 0.0000e+00 103.86971 0.00 0.02854 0.21920 0.01952 11.69379 127.13185 -58.92806 0.59184 0.31740 43.93301 149.51570 -70.07545 0.4776 6.498e+12 6.338e+12
56 58 5.1307e+12 396.89 384.78 434.077 81.203 48 87.02756 14.13988 99.75805 -193.18 14.37 144.62 -2.471e+12 2.232e+13 -8.620e+12 0.03277 81.20258 5.1307e+12 5.1307e+12 5.1307e+12 3.6217e+12 0.0000e+00 15.96089 38.10 0.05561 0.35551 0.25574 125.58225 -72.28564 -82.74300 0.50601 0.29752 109.12672 -27.29060 -55.03687 0.7534 6.446e+12 3.923e+12
57 67 3.6217e+12 334.45 212.55 386.495 119.137 48 38.14956 8.69822 9.15726 -10.97 289.51 -32.06 -2.444e+12 5.529e+12 6.370e+11 0.02047 119.13738 3.6217e+12 3.6217e+12 3.3199e+12 9.0542e+11 0.0000e+00 51.60889 0.00 0.02511 0.59273 0.25733 -69.84859 97.19882 -56.49323 0.58202 0.23120 80.91696 25.57096 -33.63055 0.3787 5.492e+12 4.527e+12
58 68 3.9235e+12 341.70 238.16 396.946 132.715 47 96.77103 23.12597 1.62117 -282.50 -302.84 -89.57 -1.219e+13 -1.945e+11 -1.184e+13 0.04245 132.71494 3.9235e+12 3.9235e+12 1.8108e+12 9.0542e+11 0.0000e+00 116.57990 39.29 0.06142 0.84809 0.04383 70.21265 23.79122 -29.22535 0.24550 0.00000 9.06912 -46.62881 50.31209 0.5304 4.653e+12 4.527e+12
59 65 1.8108e+12 284.14 214.84 306.762 52.721 44 21.47732 13.55111 30.26039 155.49 39.65 -139.86 2.579e+12 4.153e+12 8.572e+12 0.05628 52.72102 1.8108e+12 1.8108e+12 1.8108e+12 0.0000e+00 0.0000e+00 38.68875 0.00 0.12942 0.53317 0.05449 39.82860 183.12566 63.97923 0.00000 0.00000 0.00000 0.00000 0.00000 0.7500 3.993e+12 9.054e+11
60 45 1.2072e+12 259.28 167.37 267.981 35.877 43 80.50765 83.70823 2.98195 -200.78 203.29 258.96 -2.547e+12 -1.708e+12 9.245e+11 0.03938 35.87735 1.2072e+12 1.2072e+12 1.2072e+12 6.0361e+11 0.0000e+00 82.30044 0.00 0.08255 0.81745 0.29677 -53.38319 14.46236 79.98827 0.00000 0.00000 0.00000 0.00000 0.00000 0.6558 3.805e+12 6.036e+11
61 75 1.2072e+12 250.89 78.73 267.981 43.126 41 52.78170 46.35241 44.27456 47.33 -310.89 -103.47 9.018e+11 -1.458e+12 -2.114e+12 0.04420 43.12599 1.2072e+12 1.2072e+12 1.2072e+12 0.0000e+00 0.0000e+00 42.34241 0.00 0.07016 0.45426 0.13884 148.05582 107.23853 0.35397 0.00000 0.00000 0.00000 0.00000 0.00000 0.1773 4.570e+12 0.000e+00
62 46 5.1307e+12 391.39 307.68 434.077 89.697 40 79.19338 85.08823 4.58669 -7.46 64.68 117.86 -1.903e+13 -3.988e+12 3.701e+12 0.03833 89.69746 5.1307e+12 5.1307e+12 4.8289e+12 3.3199e+12 0.0000e+00 75.61164 0.00 0.04576 0.60795 0.52699 90.68781 -69.11834 -83.41882 0.81672 0.56286 -68.12511 24.25607 107.17953 0.4955 5.989e+12 4.527e+12
63 70 1.2072e+12 233.93 85.42 267.981 74.049 38 78.96483 3.89616 33.10073 -418.64 73.75 -62.26 -1.535e+12 -1.212e+12 8.797e+11 0.03134 74.04889 1.2072e+12 1.2072e+12 6.0361e+11 0.0000e+00 0.0000e+00 79.96120 107.73 0.05527 0.40518 0.17441 5.12677 194.50165 75.24660 0.00000 0.00000 0.00000 0.00000 0.00000 0.2943 4.772e+12 1.207e+12
64 71 6.0361e+11 193.48 0.00 212.697 41.231 33 77.56629 56.89025 50.69678 -467.14 34.45 -34.60 3.291e+10 5.284e+10 2.164e+11 0.00136 41.23116 6.0361e+11 6.0361e+11 6.0361e+11 3.0181e+11 0.0000e+00 38.79005 51.98 0.01843 0.00000 0.00000 0.00000 0.00000 0.00000 0.00000 0.00000 0.00000 0.00000 0.00000 0.0000 3.380e+12 3.018e+11
65 81 5.1307e+12 424.68 318.75 434.077 54.866 32 71.44658 65.55025 55.79887 88.21 -109.90 -597.25 1.965e+13 -3.227e+13 -2.848e+12 0.08165 54.86649 5.1307e+12 5.1307e+12 5.1307e+12 3.9235e+12 0.0000e+00 54.30147 0.00 0.08760 0.85003 0.06266 131.94838 10.88521 23.26129 0.48428 0.02014 77.64516 20.75879 132.97021 0.4502 5.019e+12 3.018e+12
66 77 4.5271e+12 356.28 228.61 416.339 158.152 32 37.40591 52.54355 42.88990 240.11 -130.81 -55.21 -8.418e+12 -1.391e+13 1.368e+13 0.04917 158.15205 4.5271e+12 4.2253e+12 3.6217e+12 1.5090e+12 0.0000e+00 41.97783 31.27 0.06052 0.45562 0.03162 -69.24033 114.74605 -95.47714 0.64583 0.36232 -84.42693 96.05996 -10.38856 0.4090 3.815e+12 5.734e+12
67 74 9.0542e+11 229.73 63.05 243.477 37.430 30 2.36225 17.36179 53.71086 -34.00 259.61 -36.42 -9.043e+11 -7.917e+11 1.040e+12 0.03601 37.42994 9.0542e+11 9.0542e+11 9.0542e+11 6.0361e+11 0.0000e+00 27.34509 63.05 0.06619 0.00000 0.00000 0.00000 0.00000 0.00000 0.00000 0.00000 0.00000 0.00000 0.00000 0.2748 3.835e+12 6.036e+11
68 84 1.8108e+12 267.27 144.45 306.762 86.670 27 96.28206 28.27342 63.56168 -51.87 108.30 72.33 -3.375e+12 -4.551e+12 1.626e+12 0.04863 86.66973 1.8108e+12 1.8108e+12 1.2072e+12 3.0181e+11 0.0000e+00 55.66403 44.74 0.07731 0.70787 0.09793 21.10357 -54.27457 81.10497 0.00000 0.00000 0.00000 0.00000 0.00000 0.4447 2.858e+12 1.811e+12
69 69 9.0542e+11 228.00 144.55 243.477 39.128 27 66.80036 25.94409 15.78944 32.54 -138.42 4.09 4.212e+10 2.061e+11 4.169e+11 0.00418 39.12844 9.0542e+11 9.0542e+11 9.0542e+11 0.0000e+00 0.0000e+00 193.22855 0.00 0.01944 0.00000 0.00000 0.00000 0.00000 0.00000 0.00000 0.00000 0.00000 0.00000 0.00000 1.1671 2.033e+12 0.000e+00
70 66 6.0361e+11 194.48 0.00 212.697 39.779 27 70.55208 27.74487 4.23477 92.78 -417.81 53.97 -3.364e+11 3.264e+10 -6.631e+10 0.00809 39.77942 6.0361e+11 6.0361e+11 6.0361e+11 3.0181e+11 0.0000e+00 115.70022 63.68 0.02819 0.00000 0.00000 0.00000 0.00000 0.00000 0.00000 0.00000 0.00000 0.00000 0.00000 0.0000 3.163e+12 3.018e+11
71 82 1.5090e+12 267.71 196.04 288.674 49.231 26 85.72175 14.36666 0.31337 45.29 43.33 -66.16 2.855e+12 1.042e+12 1.051e+13 0.07439 49.23130 1.5090e+12 1.5090e+12 1.5090e+12 0.0000e+00 0.0000e+00 132.91243 0.00 0.19440 0.85143 0.17478 152.89575 -3.28082 3.34728 0.00000 0.00000 0.00000 0.00000 0.00000 0.7777 2.534e+12 6.036e+11
72 85 1.5090e+12 274.11 90.06 288.674 42.798 25 61.70855 42.61191 69.65292 -12.83 -163.15 -268.15 -2.896e+12 5.178e+11 -1.171e+12 0.04575 42.79804 1.5090e+12 1.5090e+12 1.5090e+12 9.0542e+11 0.0000e+00 94.62738 0.00 0.05628 0.74479 0.00000 -30.87053 -19.83881 85.98131 0.63073 0.00000 -58.41749 64.08598 65.90749 0.1441 2.682e+12 9.054e+11
