#ID DescID Mvir Vmax Vrms Rvir Rs Np X Y Z VX VY VZ JX JY JZ Spin rs_klypin Mvir_all M200b M200c M500c M2500c Xoff Voff spin_bullock b_to_a c_to_a A[x] A[y] A[z] b_to_a(500c) c_to_a(500c) A[x](500c) A[y](500c) A[z](500c) T/|U| M_pe_Behroozi M_pe_Diemer
#a = 0.327423
#Om = 0.285000; Ol = 0.715000; h = 0.695000
#FOF linking length: 0.280000
#Unbound Threshold: 0.500000; FOF Refinement Threshold: 0.700000
#Particle mass: 3.01807e+11 Msun/h
#Box size: 100.000000 Mpc/h
#Force resolution assumed: 0.0976562 Mpc/h
#Units: Masses in Msun / h
#Units: Positions in Mpc / h (comoving)
#Units: Velocities in km / s (physical, peculiar)
#Units: Halo Distances, Lengths, and Radii in kpc / h (comoving)
#Units: Angular Momenta in (Msun/h) * (Mpc/h) * km/s (physical)
#Units: Spins are dimensionless
#Np is an internal debugging quantity.
#Rockstar Version: 0.99.9-RC3
0 2 4.3158e+13 815.31 803.69 888.380 398.529 210 23.20658 9.96652 2.19283 22.62 183.87 217.44 1.879e+14 2.987e+14 7.582e+14 0.04602 254.31610 4.3158e+13 4.1951e+13 4.0140e+13 2.0221e+13 5.7343e+12 115.23862 36.61 0.05897 0.60786 0.33297 136.16817 59.69075 50.42476 0.41577 0.28899 103.41979 34.10534 32.09958 0.6266 3.528e+13 5.644e+13
1 9 3.0181e+12 330.33 373.92 366.005 138.416 60 26.73195 11.67765 3.77326 -293.68 112.26 179.41 3.216e+12 1.643e+13 -4.447e+12 0.09607 138.41623 3.0181e+12 3.0181e+11 0.0000e+00 0.0000e+00 0.0000e+00 97.83034 153.30 0.10291 0.34218 0.27000 167.42555 79.52086 -135.14023 0.00000 0.00000 0.00000 0.00000 0.00000 2.0801 6.746e+12 6.036e+12
2 9 6.6398e+12 495.03 445.61 476.023 57.811 39 28.83544 11.86702 4.19952 -206.87 159.41 225.39 8.701e+12 6.089e+13 -5.692e+12 0.08250 57.81075 6.6398e+12 6.3380e+12 6.3380e+12 5.1307e+12 9.0542e+11 56.49977 23.24 0.09861 0.48985 0.14678 79.01007 52.15992 -65.87093 0.36481 0.09396 -65.96407 -51.82866 68.39356 0.6014 8.307e+12 3.923e+12
3 8 5.1307e+12 434.56 351.88 436.821 67.215 27 30.42411 11.76333 4.35147 -232.65 124.17 146.13 -1.060e+12 3.385e+13 9.384e+12 0.06814 67.21452 5.1307e+12 5.1307e+12 5.1307e+12 3.6217e+12 0.0000e+00 86.65478 0.00 0.08620 0.09182 0.01750 211.20595 -86.98152 7.67880 0.22478 0.08342 172.46387 -45.39433 8.17717 0.5590 4.777e+12 3.320e+12
4 0 2.6257e+13 820.53 848.71 752.766 73.339 133 6.62421 4.21079 92.31809 -216.30 179.56 311.22 1.477e+14 1.756e+13 7.258e+13 0.02186 73.33884 2.6257e+13 2.5955e+13 2.4748e+13 2.1730e+13 1.0261e+13 12.20013 0.00 0.02672 0.67014 0.39961 -59.03490 18.49182 105.06220 0.84943 0.40218 -50.59824 18.20128 89.33876 0.7032 2.774e+13 1.388e+13
5 1 3.1992e+13 804.51 819.13 803.999 178.574 157 4.55943 3.69570 95.60300 -72.65 207.13 -157.01 -7.524e+13 1.151e+14 -1.128e+14 0.01672 119.66528 3.1992e+13 3.1690e+13 3.1086e+13 2.5352e+13 6.6398e+12 104.17695 23.06 0.02065 0.81883 0.50744 89.74332 77.34547 -78.96415 0.59943 0.43794 19.06777 -21.57834 106.42778 0.6615 2.969e+13 3.078e+13
6 7 2.7163e+12 344.24 281.85 353.374 61.775 25 71.15533 60.88611 57.33735 -73.96 153.81 -443.75 1.297e+13 6.889e+11 9.386e+12 0.06459 61.77540 2.7163e+12 2.7163e+12 2.7163e+12 1.5090e+12 0.0000e+00 18.45428 0.00 0.11348 0.48529 0.00000 -28.52151 115.78468 24.46101 0.95722 0.14734 20.48925 74.15691 92.64468 0.6793 2.645e+12 1.509e+12
7 6 7.8470e+12 455.78 359.56 503.282 175.866 49 70.90257 59.87461 58.20444 12.54 133.87 -648.89 -3.926e+13 9.438e+12 -3.325e+13 0.04961 175.86617 7.8470e+12 6.3380e+12 6.3380e+12 2.7163e+12 0.0000e+00 63.47799 22.24 0.06320 0.61603 0.03493 -21.38099 119.80475 42.26859 0.32625 0.07373 -45.18880 80.37873 60.26776 0.5096 6.978e+12 1.056e+13
8 7 1.9014e+13 668.06 631.78 675.980 108.122 98 71.19244 62.09581 56.00504 5.76 21.04 -317.20 1.479e+14 -2.415e+13 -1.022e+14 0.04116 108.12152 1.9014e+13 1.8712e+13 1.8108e+13 1.3581e+13 3.0181e+12 30.66111 0.00 0.05014 0.51915 0.46218 -10.52008 -51.47620 134.91464 0.51308 0.32946 14.58017 -42.23192 106.07285 0.6194 1.666e+13 1.358e+13
9 11 3.6217e+12 353.65 337.54 388.938 126.517 31 58.34046 31.24721 31.99968 235.72 -38.20 -88.80 -5.968e+12 8.558e+12 -8.354e+12 0.02442 126.51714 3.6217e+12 3.0181e+12 2.7163e+12 3.0181e+11 0.0000e+00 45.33781 2.66 0.05859 0.50919 0.27212 235.48595 -91.52467 -71.91978 0.00000 0.00000 0.00000 0.00000 0.00000 0.8251 3.005e+12 3.923e+12
10 11 2.2032e+13 668.85 671.75 710.005 157.782 113 59.15652 32.18001 31.56529 -107.98 -216.57 47.14 -3.940e+13 4.633e+13 1.162e+14 0.02235 157.78215 2.2032e+13 2.2032e+13 2.1730e+13 1.2072e+13 5.1307e+12 93.15706 0.00 0.02836 0.50125 0.31491 89.39252 110.14596 -12.95389 0.36735 0.18793 78.36262 94.06531 -7.20324 0.6458 1.907e+13 2.022e+13
11 12 3.9235e+12 369.94 281.35 399.455 103.533 34 60.29720 34.43930 31.34563 -101.25 -653.79 -4.33 7.682e+11 4.193e+11 -3.938e+11 0.00270 103.53282 3.9235e+12 3.9235e+12 3.6217e+12 1.2072e+12 0.0000e+00 35.93402 0.00 0.00368 0.17524 0.10322 -20.95585 177.25024 -61.50748 0.43031 0.15129 -3.59530 137.16118 13.95028 0.5170 4.414e+12 3.923e+12
12 5 1.2978e+13 641.62 548.55 595.173 60.936 65 52.70793 42.92728 59.35053 243.03 -437.38 -24.84 1.307e+14 -9.169e+12 2.963e+13 0.06201 60.93630 1.2978e+13 1.2676e+13 1.2374e+13 8.4506e+12 4.2253e+12 61.65518 19.97 0.07018 0.66471 0.47849 -4.02965 97.82003 20.75054 0.59948 0.42187 -9.89293 84.14729 24.15799 0.5763 1.081e+13 5.433e+12
13 4 1.5090e+13 637.00 588.96 625.860 84.873 75 53.09695 42.81639 60.19578 17.09 -195.97 -441.87 8.560e+13 7.113e+13 7.921e+13 0.04898 84.87335 1.5090e+13 1.3883e+13 1.3883e+13 1.1167e+13 4.2253e+12 47.81074 0.00 0.05550 0.64963 0.53059 16.27536 128.94287 -17.34111 0.77771 0.33670 -4.33962 110.56150 -2.66090 0.5840 1.732e+13 1.026e+13
14 16 1.7807e+13 726.61 657.47 661.360 62.228 124 54.66916 28.41596 36.26823 -87.40 -50.00 -63.39 4.263e+13 -3.090e+12 1.849e+13 0.01314 62.22829 1.7807e+13 1.6901e+13 1.6298e+13 1.3280e+13 6.9416e+12 94.38336 0.00 0.01436 0.76536 0.66935 -57.91452 5.23762 90.26528 0.78276 0.67914 10.27691 7.41820 90.30475 0.5972 1.640e+13 8.451e+12
15 15 1.6599e+13 856.17 776.73 646.062 29.629 119 37.70961 15.80367 41.98361 169.68 163.45 68.26 -4.458e+13 8.451e+13 -7.534e+12 0.03248 29.62877 1.6599e+13 1.6599e+13 1.6599e+13 1.4185e+13 9.9596e+12 56.85898 0.00 0.03322 0.70184 0.56460 27.05610 69.22297 44.69631 0.62672 0.42074 22.37601 60.92561 45.83366 0.6516 2.219e+13 6.942e+12
16 -1 1.1770e+13 529.34 432.36 576.114 162.670 107 71.66444 59.28182 49.18713 -52.04 33.09 23.95 -1.117e+14 4.188e+13 3.657e+13 0.05488 162.66962 1.1770e+13 1.1770e+13 1.1167e+13 0.0000e+00 0.0000e+00 138.66222 0.00 0.07668 0.44542 0.29580 20.32593 272.33090 -54.29043 0.00000 0.00000 0.00000 0.00000 0.00000 0.5890 1.007e+13 1.268e+13
17 14 6.6398e+12 430.99 318.72 476.023 167.142 51 53.76212 16.08649 41.06768 -141.38 -42.11 -1.33 -1.734e+12 2.232e+12 9.812e+12 0.01376 167.14221 6.6398e+12 6.3380e+12 5.4325e+12 2.7163e+12 0.0000e+00 49.46183 28.98 0.01630 0.79274 0.10216 126.17027 49.27513 -16.51428 0.67996 0.21618 88.92286 13.14404 -7.83380 0.4531 5.655e+12 7.847e+12
18 17 9.6578e+12 537.70 463.46 539.349 81.978 88 75.19801 4.68740 30.92240 -206.60 -85.93 -71.76 8.302e+12 -4.075e+13 -1.700e+13 0.03165 81.97786 9.6578e+12 8.1488e+12 8.1488e+12 6.9416e+12 0.0000e+00 34.96912 31.98 0.03841 0.51819 0.15591 101.52414 -26.71179 148.84634 0.84396 0.17251 95.38416 3.38039 85.99056 0.5827 1.027e+13 6.640e+12
19 19 1.3581e+13 573.72 541.09 604.261 126.237 82 65.29414 4.45819 72.06143 -79.50 55.28 -2.11 3.664e+13 1.888e+12 -8.492e+12 0.01585 126.23668 1.3581e+13 1.2676e+13 1.2676e+13 9.0542e+12 2.7163e+12 68.00307 0.00 0.01824 0.87235 0.40117 -82.89187 -34.91479 76.87799 0.64507 0.33652 -70.79511 -18.00501 75.57090 0.5672 1.167e+13 1.237e+13
20 21 1.2374e+13 533.19 413.43 585.798 187.513 73 65.95580 64.09882 38.22356 -72.75 5.99 153.44 -8.384e+12 4.125e+13 -4.941e+13 0.03150 187.51294 1.2374e+13 1.1770e+13 1.1469e+13 5.1307e+12 0.0000e+00 68.10654 0.00 0.03671 0.60332 0.39307 11.71699 155.14558 -36.14653 0.18913 0.09102 -64.85059 102.32080 -71.87208 0.4665 1.126e+13 1.539e+13
21 20 2.7163e+12 322.41 237.54 353.374 109.169 72 40.40911 3.50822 6.46920 -66.10 226.48 -94.45 4.839e+12 -2.360e+12 8.550e+12 0.04392 109.16948 2.7163e+12 2.7163e+12 1.8108e+12 9.0542e+11 0.0000e+00 43.23175 32.72 0.07154 0.35747 0.12932 -23.84010 67.39333 79.05226 0.72836 0.44021 -45.37654 19.94647 74.31486 0.5890 4.144e+12 3.320e+12
22 18 1.2072e+12 253.58 170.70 269.675 60.839 67 73.91782 69.57378 53.80790 -217.45 -83.50 -193.10 4.830e+12 -1.971e+12 8.341e+12 0.17341 60.83941 1.2072e+12 1.2072e+12 1.2072e+12 0.0000e+00 0.0000e+00 129.63884 178.56 0.26912 0.87816 0.17840 152.73895 0.68670 37.94361 0.00000 0.00000 0.00000 0.00000 0.00000 1.9443 6.065e+12 9.054e+11
23 24 2.4145e+12 329.85 220.50 339.769 60.728 57 41.77888 42.81454 82.80276 51.25 -229.62 -7.08 9.975e+11 -7.648e+12 -6.346e+11 0.05257 60.72771 2.4145e+12 2.4145e+12 2.4145e+12 1.2072e+12 0.0000e+00 60.24496 0.00 0.06668 0.52720 0.09877 -38.50660 91.73407 49.77762 0.22095 0.00000 -36.65268 82.79269 54.85370 0.4329 5.992e+12 1.811e+12
24 23 1.2072e+12 244.01 164.67 269.675 95.938 57 65.36089 85.40279 46.63630 58.19 -96.06 -52.86 -1.521e+12 -6.811e+11 -1.263e+12 0.01085 95.93838 1.2072e+12 9.0542e+11 9.0542e+11 3.0181e+11 0.0000e+00 113.07595 93.97 0.05721 0.41262 0.12476 22.16249 146.38687 84.24969 0.00000 0.00000 0.00000 0.00000 0.00000 1.0757 3.416e+12 1.509e+12
25 40 6.9416e+12 455.75 326.91 483.129 106.180 55 67.62124 80.93636 48.29649 13.84 67.59 -68.22 -1.019e+13 -1.311e+13 2.767e+13 0.03931 106.18010 6.9416e+12 6.9416e+12 6.9416e+12 0.0000e+00 0.0000e+00 67.26176 0.00 0.04784 0.07713 0.00582 144.09735 -128.91957 32.04903 0.00000 0.00000 0.00000 0.00000 0.00000 0.4618 7.370e+12 6.640e+12
26 27 5.1307e+12 413.67 340.83 436.821 93.090 50 71.48644 22.38145 99.76359 152.04 -57.33 152.67 -1.348e+12 1.319e+12 -4.003e+12 0.00793 93.09019 5.1307e+12 4.5271e+12 4.5271e+12 3.3199e+12 0.0000e+00 43.34419 38.28 0.01086 0.72362 0.03758 -46.87262 130.11073 -76.56978 0.20793 0.00000 -51.72052 22.45952 105.24071 0.5964 4.782e+12 3.923e+12
27 25 1.8108e+12 277.85 209.36 308.701 129.144 49 45.81978 29.22388 45.38530 257.85 -209.13 119.97 2.842e+10 1.910e+12 1.359e+12 0.01473 129.14366 1.8108e+12 1.5090e+12 1.5090e+12 3.0181e+11 0.0000e+00 34.32112 19.66 0.03262 0.75844 0.32488 11.76926 155.64883 65.49593 0.00000 0.00000 0.00000 0.00000 0.00000 0.7231 5.057e+12 4.225e+12
28 26 5.1307e+12 411.79 324.56 436.821 96.528 48 71.42731 67.54922 56.40397 168.35 73.02 -447.99 -1.893e+13 2.021e+13 1.310e+13 0.06530 96.52774 5.1307e+12 4.5271e+12 4.5271e+12 2.7163e+12 0.0000e+00 41.30543 40.19 0.07515 0.52644 0.15641 142.60477 -28.67536 37.26467 0.82915 0.47162 60.33101 57.13001 36.17454 0.4645 5.015e+12 4.527e+12
29 28 1.5090e+12 271.71 155.68 290.498 68.595 43 73.74266 16.40498 1.04851 86.40 278.69 10.68 -3.274e+12 -2.810e+12 -6.296e+11 0.04216 68.59525 1.5090e+12 1.5090e+12 1.5090e+12 0.0000e+00 0.0000e+00 84.33260 0.00 0.08223 0.66164 0.13302 150.24249 -117.45614 38.29390 0.00000 0.00000 0.00000 0.00000 0.00000 0.5539 3.940e+12 1.509e+12
30 -1 9.0542e+11 226.57 74.92 245.016 64.474 41 71.84019 62.11594 47.12796 25.26 -104.14 202.03 2.128e+12 -3.457e+12 1.623e+12 0.03754 64.47431 9.0542e+11 9.0542e+11 9.0542e+11 0.0000e+00 0.0000e+00 127.88054 151.44 0.19318 0.00000 0.00000 0.00000 0.00000 0.00000 0.00000 0.00000 0.00000 0.00000 0.00000 0.8757 5.196e+12 9.054e+11
31 37 6.0361e+11 193.85 0.00 214.041 74.682 40 5.47506 13.39399 11.95983 -59.24 -134.24 -224.02 -6.369e+11 6.006e+11 -1.613e+11 0.03528 74.68249 6.0361e+11 0.0000e+00 0.0000e+00 0.0000e+00 0.0000e+00 204.57936 143.03 0.07731 0.00000 0.00000 0.00000 0.00000 0.00000 0.00000 0.00000 0.00000 0.00000 0.00000 0.0000 4.464e+12 1.509e+12
32 36 9.0542e+11 256.40 134.81 245.016 28.853 39 82.32131 14.83977 2.12115 -32.88 70.58 64.11 -8.314e+11 2.095e+12 -1.576e+12 0.03791 28.85309 9.0542e+11 9.0542e+11 9.0542e+11 3.0181e+11 0.0000e+00 71.68265 0.00 0.12153 0.00000 0.00000 0.00000 0.00000 0.00000 0.00000 0.00000 0.00000 0.00000 0.00000 0.7236 2.961e+12 3.018e+11
33 35 1.2072e+12 265.31 181.84 269.675 44.326 38 89.92989 35.78779 67.37318 -36.31 -111.10 -110.96 -2.496e+12 -1.058e+12 -3.953e+11 0.01768 44.32617 1.2072e+12 1.2072e+12 1.2072e+12 3.0181e+11 0.0000e+00 86.97207 0.00 0.07495 0.75570 0.00000 12.23950 36.11247 80.97870 0.00000 0.00000 0.00000 0.00000 0.00000 0.8955 4.181e+12 6.036e+11
34 38 9.0542e+11 238.82 77.47 245.016 42.676 38 27.18167 28.65668 64.15455 134.69 189.09 -83.14 -1.091e+12 -1.324e+11 1.595e+12 0.04160 42.67584 9.0542e+11 9.0542e+11 9.0542e+11 0.0000e+00 0.0000e+00 63.06562 0.00 0.08556 0.00000 0.00000 0.00000 0.00000 0.00000 0.00000 0.00000 0.00000 0.00000 0.00000 0.2875 2.422e+12 6.036e+11
35 29 1.8108e+12 302.98 202.10 308.701 51.485 37 66.45169 93.44173 67.98767 101.40 280.92 -194.08 -2.297e+12 -3.854e+12 1.560e+12 0.04317 51.48471 1.8108e+12 1.8108e+12 1.8108e+12 9.0542e+11 0.0000e+00 44.05306 0.00 0.06610 0.11144 0.00000 -41.84243 104.24375 78.48471 0.00000 0.00000 -30.99823 71.60950 70.03021 0.5272 3.506e+12 1.207e+12
36 3 4.8289e+12 390.17 286.93 428.082 134.231 37 53.98668 41.06024 59.22108 -198.65 86.63 -166.05 2.920e+12 -6.649e+12 9.161e+11 0.01403 134.23128 4.8289e+12 4.8289e+12 3.0181e+12 1.2072e+12 0.0000e+00 53.10313 38.11 0.01986 0.39579 0.27475 -64.01417 157.17921 75.75198 0.39693 0.30114 -91.75865 112.05674 17.13867 0.5366 4.467e+12 6.036e+12
37 42 2.4145e+12 331.14 232.36 339.769 59.217 37 51.36088 53.25873 40.04255 124.32 -85.81 -69.85 9.671e+12 8.140e+12 4.298e+12 0.07425 59.21710 2.4145e+12 2.4145e+12 2.4145e+12 9.0542e+11 0.0000e+00 39.25710 0.00 0.11504 0.45479 0.05201 -53.64707 -29.77379 149.75735 0.73571 0.41317 0.71176 65.47875 80.34665 0.5635 4.153e+12 1.207e+12
38 31 6.0361e+11 195.00 0.00 214.041 67.559 35 8.72714 0.93348 89.50120 -164.97 512.08 244.52 -1.590e+11 -8.066e+11 -1.596e+11 0.01707 67.55909 6.0361e+11 6.0361e+11 0.0000e+00 0.0000e+00 0.0000e+00 189.44739 52.34 0.07273 0.00000 0.00000 0.00000 0.00000 0.00000 0.00000 0.00000 0.00000 0.00000 0.00000 0.0000 2.295e+12 9.054e+11
39 39 1.2072e+12 263.08 156.53 269.675 46.707 35 59.68412 29.04243 86.10655 246.38 -111.23 43.85 -1.279e+12 3.322e+12 -3.066e+11 0.04765 46.70673 1.2072e+12 1.2072e+12 1.2072e+12 6.0361e+11 0.0000e+00 81.75629 0.00 0.09774 0.78997 0.59533 -38.41924 54.40998 63.76597 0.00000 0.00000 0.00000 0.00000 0.00000 0.5664 3.577e+12 6.036e+11
40 32 6.0361e+11 258.45 0.00 214.041 13.734 35 74.56052 61.59294 47.13895 -616.01 -9.63 398.86 0.000e+00 0.000e+00 0.000e+00 0.00000 13.73432 6.0361e+11 6.0361e+11 6.0361e+11 6.0361e+11 0.0000e+00 89.90189 0.00 0.00000 0.00000 0.00000 0.00000 0.00000 0.00000 0.00000 0.00000 0.00000 0.00000 0.00000 0.0000 2.108e+12 0.000e+00
41 41 2.1127e+12 337.94 177.30 324.977 39.475 34 37.70493 82.88956 95.96777 128.39 145.16 55.65 1.700e+12 -1.143e+12 -6.786e+11 0.02046 39.47538 2.1127e+12 2.1127e+12 2.1127e+12 1.8108e+12 0.0000e+00 45.80902 0.00 0.02323 0.20656 0.02233 89.06287 103.59441 89.58678 0.40174 0.31479 77.58249 105.54737 72.80975 0.3134 4.044e+12 6.036e+11
42 22 1.8108e+12 292.54 226.73 308.701 65.438 33 94.27312 43.17876 60.73536 -188.15 -182.41 167.17 -8.178e+11 6.265e+12 -2.135e+12 0.04466 65.43760 1.8108e+12 1.8108e+12 1.8108e+12 9.0542e+11 0.0000e+00 57.66562 0.00 0.09281 0.60818 0.08854 27.31089 99.15630 1.83851 0.10406 0.00000 37.64690 115.49128 -9.24054 0.7313 5.118e+12 1.207e+12
43 30 9.0542e+11 231.38 193.09 245.016 53.386 31 65.08364 90.81204 27.12163 116.94 198.93 9.62 1.568e+12 4.644e+12 -1.058e+12 0.14153 53.38630 9.0542e+11 9.0542e+11 9.0542e+11 0.0000e+00 0.0000e+00 111.01476 80.52 0.22155 0.00000 0.00000 0.00000 0.00000 0.00000 0.00000 0.00000 0.00000 0.00000 0.00000 2.4980 2.484e+12 6.036e+11
44 -1 9.0542e+11 222.62 50.46 245.016 80.644 28 42.63781 17.22410 47.98207 65.30 157.06 -412.11 -4.619e+11 -3.222e+11 -1.047e+12 0.01374 80.64361 9.0542e+11 6.0361e+11 6.0361e+11 0.0000e+00 0.0000e+00 118.93768 100.48 0.05254 0.00000 0.00000 0.00000 0.00000 0.00000 0.00000 0.00000 0.00000 0.00000 0.00000 0.7580 3.000e+12 1.207e+12
45 50 9.0542e+11 233.33 127.13 245.016 50.044 25 87.21918 14.11090 99.62835 -127.75 26.26 107.80 1.156e+12 8.444e+11 1.353e+12 0.00255 50.04449 9.0542e+11 9.0542e+11 9.0542e+11 3.0181e+11 0.0000e+00 104.70567 37.80 0.08703 0.00000 0.00000 0.00000 0.00000 0.00000 0.00000 0.00000 0.00000 0.00000 0.00000 1.0031 3.178e+12 6.036e+11
