#ID DescID Mvir Vmax Vrms Rvir Rs Np X Y Z VX VY VZ JX JY JZ Spin rs_klypin Mvir_all M200b M200c M500c M2500c Xoff Voff spin_bullock b_to_a c_to_a A[x] A[y] A[z] b_to_a(500c) c_to_a(500c) A[x](500c) A[y](500c) A[z](500c) T/|U| M_pe_Behroozi M_pe_Diemer
#a = 0.281463
#Om = 0.285000; Ol = 0.715000; h = 0.695000
#FOF linking length: 0.280000
#Unbound Threshold: 0.500000; FOF Refinement Threshold: 0.700000
#Particle mass: 3.01807e+11 Msun/h
#Box size: 100.000000 Mpc/h
#Force resolution assumed: 0.0976562 Mpc/h
#Units: Masses in Msun / h
#Units: Positions in Mpc / h (comoving)
#Units: Velocities in km / s (physical, peculiar)
#Units: Halo Distances, Lengths, and Radii in kpc / h (comoving)
#Units: Angular Momenta in (Msun/h) * (Mpc/h) * km/s (physical)
#Units: Spins are dimensionless
#Np is an internal debugging quantity.
#Rockstar Version: 0.99.9-RC3
0 0 4.5271e+12 407.35 404.82 421.182 153.647 38 24.64760 10.54673 2.80972 -314.34 50.62 1.96 1.691e+13 1.100e+13 -2.482e+12 0.02225 153.64703 4.5271e+12 3.6217e+12 3.6217e+12 0.0000e+00 0.0000e+00 18.42660 50.91 0.06608 0.17503 0.00000 198.23743 31.44196 94.67936 0.00000 0.00000 0.00000 0.00000 0.00000 0.8877 4.693e+12 6.640e+12
1 1 2.3843e+13 778.64 749.58 732.793 113.980 132 23.35279 9.78644 2.02765 -37.54 199.04 168.14 5.236e+13 2.021e+14 1.335e+14 0.04272 113.97989 2.3843e+13 2.3541e+13 2.3239e+13 1.8108e+13 3.0181e+12 77.22324 10.45 0.05052 0.77544 0.41364 128.34401 13.33969 77.94405 0.47948 0.21523 106.94301 27.54112 72.87837 0.6156 2.182e+13 1.750e+13
2 2 1.2072e+12 290.25 296.19 271.098 40.369 25 26.25270 11.43190 3.37979 -196.46 -122.50 224.92 9.192e+12 6.767e+10 -2.794e+12 0.18512 40.36921 1.2072e+12 1.2072e+12 1.2072e+12 3.0181e+11 0.0000e+00 23.41347 0.00 0.28272 0.40112 0.05468 61.03276 79.32397 121.42554 0.00000 0.00000 0.00000 0.00000 0.00000 1.8079 2.906e+12 6.036e+11
3 3 7.2434e+12 496.24 429.56 492.617 110.090 81 6.94332 4.12758 92.13403 -216.61 96.08 207.98 7.555e+12 1.555e+13 1.486e+13 0.02724 110.08979 7.2434e+12 7.2434e+12 6.3380e+12 3.9235e+12 1.2072e+12 67.03141 0.00 0.03386 0.29900 0.21403 123.29615 -3.75584 -79.47458 0.40165 0.30686 90.77615 18.56767 -62.26910 0.5695 7.657e+12 6.036e+12
4 4 1.5090e+13 760.01 742.91 629.162 52.731 86 4.71528 3.52752 95.67386 -55.45 136.39 -96.61 1.910e+13 7.537e+13 3.367e+13 0.03059 52.73133 1.5090e+13 1.4487e+13 1.4487e+13 1.2374e+13 7.2434e+12 44.07229 16.98 0.03703 0.55857 0.32406 72.89796 49.77748 -60.74313 0.81370 0.44374 -47.82618 -26.52141 59.31699 0.6915 1.545e+13 7.243e+12
5 8 7.5452e+12 497.29 460.20 499.366 123.435 99 59.08913 32.54041 31.53103 -0.54 -267.27 77.39 -3.670e+13 2.029e+13 -1.310e+13 0.04279 123.43462 7.5452e+12 7.5452e+12 7.5452e+12 3.9235e+12 0.0000e+00 106.88934 0.00 0.06097 0.15869 0.03226 150.40628 51.36866 28.75535 0.28559 0.07339 94.35050 9.28235 7.66095 0.6522 7.655e+12 7.545e+12
6 7 4.2253e+12 423.25 310.05 411.606 78.794 82 52.37479 43.68509 59.43118 182.12 -474.58 -99.17 6.164e+12 -7.072e+12 2.644e+13 0.08517 78.79371 4.2253e+12 4.2253e+12 4.2253e+12 3.0181e+12 0.0000e+00 15.94981 36.41 0.10233 0.87273 0.51590 20.13321 -36.63455 122.77050 0.79093 0.19295 107.00131 12.97101 26.90064 0.4689 6.228e+12 3.018e+12
7 14 4.8289e+12 431.80 240.55 430.341 99.422 57 66.04008 64.09755 37.95862 -45.45 -91.63 150.13 3.658e+12 -3.524e+12 4.311e+12 0.01642 99.42166 4.8289e+12 4.8289e+12 4.8289e+12 6.0361e+11 0.0000e+00 37.18471 0.00 0.01945 0.15184 0.01294 -112.31622 201.47595 -38.16441 0.00000 0.00000 0.00000 0.00000 0.00000 0.3168 5.764e+12 4.829e+12
8 13 7.5452e+12 609.49 484.91 499.366 40.104 53 65.42506 4.50738 72.08846 -49.93 17.10 3.94 -8.896e+12 -5.520e+12 -2.037e+12 0.01502 40.10355 7.5452e+12 7.5452e+12 7.5452e+12 6.0361e+12 3.3199e+12 74.74487 0.00 0.01480 0.85946 0.69925 -0.13489 84.59129 1.10871 0.74537 0.55360 58.79404 -52.51006 4.41067 0.4995 8.577e+12 3.320e+12
9 9 6.3380e+12 462.64 335.14 471.171 135.154 46 37.55798 15.58619 41.92301 65.25 160.15 37.17 8.319e+12 -1.041e+13 1.718e+12 0.02066 135.15446 6.3380e+12 6.3380e+12 6.0361e+12 1.8108e+12 0.0000e+00 34.96326 0.00 0.02492 0.43460 0.36839 143.66037 166.31146 155.46358 0.60862 0.23619 31.98571 84.61823 46.78624 0.4498 5.327e+12 6.942e+12
10 11 3.6217e+12 485.94 319.61 390.990 29.181 44 70.93796 59.71202 59.11016 -54.50 93.40 -553.96 1.382e+13 -7.879e+12 -1.696e+13 0.09624 29.18121 3.6217e+12 3.0181e+12 3.0181e+12 2.1127e+12 1.5090e+12 17.38438 21.62 0.10966 0.26798 0.10302 81.47715 9.76097 56.94800 0.15783 0.00000 64.64891 9.62259 32.18460 0.4675 3.841e+12 1.509e+12
11 12 6.9416e+12 601.00 476.34 485.678 36.886 41 71.21716 62.10178 56.40874 17.99 -15.61 -286.93 -1.982e+13 -6.833e+12 -2.968e+13 0.05983 36.88593 7.2434e+12 6.9416e+12 6.9416e+12 6.0361e+12 3.0181e+12 15.63776 26.77 0.05793 0.78370 0.28131 89.81233 13.32735 16.16977 0.71469 0.23928 87.79157 2.76449 30.25066 0.4924 8.379e+12 2.716e+12
12 -1 3.0181e+12 366.19 213.97 367.936 91.447 40 71.65383 58.59375 49.20169 4.34 166.94 35.30 -5.689e+12 2.132e+12 -1.083e+13 0.06133 91.44664 3.0181e+12 3.0181e+12 3.0181e+12 6.0361e+11 0.0000e+00 72.39934 0.00 0.07938 0.21597 0.12406 86.92726 147.64996 -60.48887 0.00000 0.00000 0.00000 0.00000 0.00000 0.3803 4.056e+12 3.018e+12
13 10 3.9235e+12 406.91 296.63 401.563 85.618 38 54.91131 28.51403 36.26189 -151.69 -41.28 -8.40 -1.031e+13 -9.758e+12 -1.732e+12 0.04149 85.61763 3.9235e+12 3.9235e+12 3.9235e+12 1.5090e+12 0.0000e+00 51.72490 0.00 0.05900 0.67430 0.36206 83.82914 54.84110 89.60376 0.64272 0.26681 116.69007 35.32023 -5.50075 0.5491 6.491e+12 2.414e+12
14 16 3.0181e+12 379.18 208.00 367.936 69.369 33 67.48917 81.08408 48.42500 14.38 15.30 -74.95 -1.029e+13 -2.631e+12 -4.616e+12 0.06454 69.36871 3.0181e+12 2.4145e+12 2.4145e+12 2.1127e+12 0.0000e+00 73.70251 62.73 0.07398 0.92278 0.16734 -67.63525 108.50518 -13.98735 0.72485 0.14162 -79.39941 130.74088 -22.83049 0.3209 3.300e+12 2.113e+12
15 15 6.0361e+11 220.34 0.00 215.170 42.418 30 75.32790 4.65995 30.81448 -151.99 -32.49 -34.55 -4.937e+11 -5.687e+11 -4.701e+11 0.02551 42.41828 6.0361e+11 6.0361e+11 6.0361e+11 3.0181e+11 0.0000e+00 116.70203 92.11 0.08294 0.00000 0.00000 0.00000 0.00000 0.00000 0.00000 0.00000 0.00000 0.00000 0.00000 0.0000 3.975e+12 3.018e+11
