#ID DescID Mvir Vmax Vrms Rvir Rs Np X Y Z VX VY VZ JX JY JZ Spin rs_klypin Mvir_all M200b M200c M500c M2500c Xoff Voff spin_bullock b_to_a c_to_a A[x] A[y] A[z] b_to_a(500c) c_to_a(500c) A[x](500c) A[y](500c) A[z](500c) T/|U| M_pe_Behroozi M_pe_Diemer
#a = 0.585911
#Om = 0.285000; Ol = 0.715000; h = 0.695000
#FOF linking length: 0.280000
#Unbound Threshold: 0.500000; FOF Refinement Threshold: 0.700000
#Particle mass: 3.01807e+11 Msun/h
#Box size: 100.000000 Mpc/h
#Force resolution assumed: 0.0976562 Mpc/h
#Units: Masses in Msun / h
#Units: Positions in Mpc / h (comoving)
#Units: Velocities in km / s (physical, peculiar)
#Units: Halo Distances, Lengths, and Radii in kpc / h (comoving)
#Units: Angular Momenta in (Msun/h) * (Mpc/h) * km/s (physical)
#Units: Spins are dimensionless
#Np is an internal debugging quantity.
#Rockstar Version: 0.99.9-RC3
0 0 4.3158e+13 614.25 660.95 840.595 826.770 262 6.78735 4.85622 91.64985 -500.37 508.99 582.13 -3.074e+14 8.395e+13 -1.952e+14 0.01115 360.16470 4.3460e+13 4.8893e+13 2.9577e+13 1.1167e+13 5.1307e+12 195.82057 29.96 0.02025 0.30660 0.22431 -30.65330 122.89492 -77.39319 0.40778 0.19713 -38.99277 83.18907 -28.88670 0.7921 4.317e+13 8.149e+13
1 1 2.3752e+14 1121.84 1203.18 1484.111 425.962 800 4.91648 5.36266 94.49137 -32.77 119.92 202.70 -8.343e+15 -1.408e+15 -9.376e+15 0.02873 366.60883 2.3752e+14 2.4205e+14 2.1851e+14 1.2374e+14 2.7163e+13 287.16266 69.75 0.03989 0.20142 0.16897 -183.28659 7.63319 217.15759 0.31345 0.24077 -106.79147 -1.91290 137.89833 0.7043 2.112e+14 2.505e+14
2 2 2.3541e+13 606.54 522.67 686.815 67.652 92 4.34113 5.35390 95.20247 -219.86 155.48 61.07 1.332e+14 8.379e+13 -1.265e+14 0.03113 67.65240 2.3541e+13 2.4145e+13 2.3541e+13 1.5996e+13 9.0542e+12 36.94529 0.00 0.03004 0.43269 0.37129 -66.58447 -5.45410 122.04913 0.64978 0.52503 -33.87214 -22.23685 83.81378 0.4983 2.293e+13 1.087e+13
3 13 9.0542e+11 218.86 71.20 231.836 17.252 30 15.83020 9.49428 1.04479 223.56 41.86 339.85 9.088e+11 -8.007e+11 -1.852e+12 0.03231 17.25224 1.5090e+12 1.2072e+12 9.0542e+11 9.0542e+11 0.0000e+00 79.99203 60.33 0.07515 0.00000 0.00000 0.00000 0.00000 0.00000 0.70765 0.31073 42.19814 90.83136 5.48687 0.5251 2.512e+12 0.000e+00
4 15 7.2434e+12 371.26 366.75 463.673 75.270 48 20.71996 9.71604 2.28797 545.70 -18.90 195.56 -8.635e+12 6.558e+13 -7.412e+13 0.07824 75.26997 7.8470e+12 7.2434e+12 6.6398e+12 4.8289e+12 1.8108e+12 29.64170 28.28 0.10541 0.87683 0.75057 5.21493 60.29275 66.53133 0.76515 0.39527 59.78076 -48.34831 -17.99692 0.6748 6.785e+12 4.829e+12
5 16 3.0181e+12 259.77 319.67 346.318 92.368 37 20.90106 10.58915 2.90824 120.47 620.22 581.95 2.573e+13 1.527e+13 7.981e+12 0.09495 92.36805 3.0181e+12 3.0181e+12 2.4145e+12 6.0361e+11 0.0000e+00 119.31833 0.00 0.14137 0.16904 0.04107 38.21251 103.52752 32.79566 0.00000 0.00000 0.00000 0.00000 0.00000 1.4427 3.613e+12 3.018e+12
6 18 9.6578e+12 438.51 368.27 510.338 57.020 54 24.24016 11.45004 4.21972 -585.47 -197.35 -162.02 -1.689e+13 7.624e+12 5.361e+13 0.03516 57.01998 9.6578e+12 9.6578e+12 9.6578e+12 7.2434e+12 0.0000e+00 13.74929 0.00 0.03726 0.64508 0.49412 87.67721 -84.61846 -5.34794 0.74557 0.47102 -65.81734 69.00038 -7.14575 0.5177 1.041e+13 5.734e+12
7 17 1.2766e+14 896.34 915.35 1206.669 506.854 601 23.07747 10.97133 3.46739 69.23 131.58 253.36 2.521e+15 1.272e+15 5.771e+14 0.02167 360.68042 1.2766e+14 1.3430e+14 1.1227e+14 6.8208e+13 2.3541e+13 44.01183 101.91 0.02562 0.77372 0.39846 152.53615 80.31451 50.38355 0.70085 0.41710 92.68664 76.20555 55.63644 0.6033 1.152e+14 1.808e+14
8 64 8.7524e+12 362.39 341.02 493.864 181.872 67 27.23019 12.14870 5.15473 -184.07 -7.83 170.84 5.265e+13 3.359e+13 -4.859e+13 0.04338 181.87164 9.0542e+12 9.0542e+12 6.9416e+12 2.1127e+12 0.0000e+00 39.02237 69.44 0.06125 0.75899 0.43410 121.48740 -81.43444 -26.37301 0.74463 0.07171 91.70653 47.22310 25.91944 0.6351 1.040e+13 1.177e+13
9 64 2.1127e+12 229.10 355.36 307.497 88.533 30 27.73636 11.50258 4.40670 -212.22 -168.68 137.61 -4.656e+12 3.261e+13 -1.662e+12 0.32807 88.53286 2.1127e+12 2.4145e+12 1.8108e+12 3.0181e+11 0.0000e+00 109.77927 75.65 0.27285 0.73177 0.00093 77.26348 114.30571 69.25530 0.00000 0.00000 0.00000 0.00000 0.00000 2.8515 4.418e+12 2.414e+12
10 65 1.7807e+13 508.99 505.08 625.785 92.718 161 29.58524 12.79319 5.75790 -315.98 48.21 225.48 -1.801e+14 -7.407e+12 9.705e+13 0.03713 92.71838 1.7807e+13 1.8108e+13 1.5996e+13 1.2374e+13 1.2072e+12 88.47243 14.79 0.04851 0.40064 0.15140 149.00247 33.09658 19.88045 0.78457 0.62102 141.76840 84.59705 13.23635 0.6797 1.862e+13 1.237e+13
11 23 5.4325e+12 310.62 280.00 421.275 140.667 68 72.19955 16.49390 2.11449 493.14 644.50 8.88 -6.367e+12 4.242e+12 -4.048e+13 0.03032 140.66689 5.7343e+12 5.7343e+12 0.0000e+00 0.0000e+00 0.0000e+00 50.70668 44.29 0.07061 0.28420 0.01489 228.28168 94.55730 -68.93151 0.00000 0.00000 0.00000 0.00000 0.00000 0.8178 9.227e+12 8.149e+12
12 23 9.0542e+11 189.96 64.40 231.836 32.975 27 75.59709 17.72196 1.78260 -227.48 807.85 265.74 -1.555e+11 -6.650e+11 -1.984e+11 0.01178 32.97460 9.0542e+11 9.0542e+11 9.0542e+11 0.0000e+00 0.0000e+00 131.78934 0.00 0.02415 0.00000 0.00000 0.00000 0.00000 0.00000 0.00000 0.00000 0.00000 0.00000 0.00000 0.2505 9.774e+11 0.000e+00
13 25 1.8108e+12 215.73 116.09 292.096 94.839 29 73.41988 20.06177 0.63299 -295.70 83.22 926.04 4.344e+11 -1.214e+12 2.683e+11 0.00975 94.83869 1.8108e+12 1.8108e+12 1.2072e+12 9.0542e+11 0.0000e+00 29.43385 43.45 0.01409 0.11145 0.00000 126.64054 104.04852 -17.73122 0.84649 0.31652 -22.60518 36.69240 86.91554 0.4111 3.215e+12 2.716e+12
14 23 7.3037e+13 736.35 751.17 1001.720 533.465 301 74.03727 18.63427 1.43414 -14.11 343.60 114.23 1.354e+14 1.329e+14 3.488e+14 0.00697 354.40680 7.3037e+13 7.5150e+13 6.1267e+13 3.4406e+13 8.1488e+12 71.80762 53.16 0.00895 0.63535 0.55405 127.72592 -106.93159 41.15024 0.57364 0.41997 96.54588 -73.78996 20.98199 0.6354 6.337e+13 9.597e+13
15 24 1.1046e+14 871.93 905.37 1149.834 259.870 423 72.53075 21.34613 0.77331 146.33 -261.15 178.20 -9.506e+14 2.803e+15 1.885e+15 0.03288 275.82639 1.1046e+14 1.1137e+14 1.0261e+14 6.5190e+13 1.7807e+13 126.79109 82.24 0.03971 0.90635 0.64660 123.06268 -86.26293 76.00985 0.87173 0.67045 123.22231 -13.73651 15.20893 0.6302 9.860e+13 1.047e+14
16 100 1.0865e+13 405.90 405.52 530.773 118.435 121 71.20304 24.33244 4.11540 151.08 -504.30 102.41 1.816e+13 -4.813e+13 5.992e+13 0.02778 118.43494 1.0865e+13 1.1167e+13 9.3560e+12 5.7343e+12 0.0000e+00 120.10067 18.82 0.04263 0.58221 0.09164 127.86050 -70.54013 -102.66992 0.02162 0.00000 72.22662 145.73529 24.02886 0.7253 1.623e+13 9.658e+12
17 10 1.0563e+13 390.36 339.75 525.812 158.363 47 72.07529 1.45767 24.23669 -337.55 362.21 326.77 -4.211e+13 -5.997e+13 -2.956e+13 0.03101 158.36253 1.0563e+13 1.1770e+13 7.8470e+12 0.0000e+00 0.0000e+00 25.13359 11.81 0.04471 0.79664 0.69400 184.88243 -114.35916 -118.29845 0.00000 0.00000 0.00000 0.00000 0.00000 0.6193 9.874e+12 1.207e+13
18 6 5.0100e+13 684.81 693.95 883.441 274.510 100 70.91730 2.57615 25.80285 143.13 14.78 230.36 6.770e+14 3.367e+14 5.356e+12 0.02335 177.55334 5.0100e+13 5.1307e+13 4.6780e+13 3.1690e+13 3.6217e+12 88.31494 25.01 0.03195 0.57827 0.29525 0.66797 131.60454 169.07857 0.29547 0.08384 -28.45819 70.04440 151.00375 0.6931 4.628e+13 5.734e+13
19 7 2.4748e+13 521.78 676.89 698.360 194.484 148 70.99039 2.41148 25.42926 124.52 396.72 428.22 3.404e+14 2.154e+13 5.240e+12 0.01732 194.48351 2.4748e+13 2.5050e+13 2.1127e+13 9.3560e+12 5.1307e+12 66.08656 18.30 0.04670 0.92268 0.40243 56.83726 -63.48834 -73.22268 0.86329 0.54397 57.94341 45.07349 10.47376 1.0831 2.503e+13 2.656e+13
20 -1 1.5090e+12 215.83 197.49 274.873 50.494 25 70.09889 4.90255 28.26340 138.81 -435.16 -140.93 6.910e+11 -2.491e+12 7.567e+12 0.03682 50.49357 1.5090e+12 1.8108e+12 1.5090e+12 6.0361e+11 0.0000e+00 50.62791 0.00 0.11589 0.76864 0.00000 1.75245 72.49553 -35.40516 0.00000 0.00000 0.00000 0.00000 0.00000 1.1489 6.472e+12 9.054e+11
21 9 1.0865e+13 409.14 365.45 530.773 111.205 83 71.17299 3.86238 27.67409 -70.25 -312.00 -52.57 1.068e+14 6.596e+13 8.219e+13 0.06427 111.20526 1.0865e+13 1.2374e+13 9.6578e+12 4.8289e+12 0.0000e+00 85.88171 17.46 0.08099 0.72847 0.48762 102.20088 92.63241 34.90577 0.28373 0.00809 34.63857 88.29467 -2.07411 0.5826 1.307e+13 9.054e+12
22 11 5.3722e+13 675.94 675.37 904.235 292.823 293 73.73077 3.96848 30.05930 -266.80 -95.23 -143.36 6.666e+14 3.497e+14 -8.462e+14 0.03645 250.36674 5.3722e+13 5.7042e+13 4.7384e+13 2.9275e+13 9.3560e+12 73.35648 35.24 0.04261 0.88744 0.37910 -109.11524 107.39817 -11.61018 0.87265 0.39774 88.61351 -68.88162 7.13682 0.5889 5.073e+13 6.881e+13
23 12 2.0221e+13 499.16 508.87 652.879 145.959 124 76.87222 4.09072 32.32038 -546.49 69.71 -234.97 1.401e+14 -1.606e+14 1.251e+14 0.03706 145.95854 2.0221e+13 2.1428e+13 1.8108e+13 1.0865e+13 3.9235e+12 59.32742 0.00 0.04738 0.77500 0.38726 71.91872 32.68486 90.16916 0.46874 0.26309 74.09750 5.48216 69.23969 0.6482 1.938e+13 1.932e+13
24 3 2.5050e+13 552.04 690.29 701.187 126.570 119 71.23862 60.44678 49.83764 132.98 -746.26 231.89 -9.139e+13 1.680e+14 1.842e+14 0.00446 126.57042 2.7163e+13 2.5352e+13 2.2636e+13 1.2978e+13 3.9235e+12 223.56844 36.10 0.03562 0.45955 0.14522 127.89634 -27.76503 70.57025 0.29686 0.18080 -4.25165 -21.90303 79.94562 1.0087 2.324e+13 2.022e+13
25 4 1.4547e+14 1013.20 1078.72 1260.348 167.163 380 71.07977 60.82039 49.61032 -323.23 212.95 379.08 6.408e+15 2.630e+15 6.249e+15 0.05182 199.75974 1.4547e+14 1.4789e+14 1.3793e+14 1.0292e+14 2.3843e+13 132.61391 187.12 0.06671 0.71358 0.55190 20.99124 168.61832 -63.49287 0.49639 0.44743 23.69505 135.93468 -50.34101 0.6975 1.391e+14 9.296e+13
26 5 1.0382e+14 844.70 880.25 1126.318 373.562 373 71.08791 61.69651 52.95913 -0.37 74.98 -787.03 2.629e+15 -2.511e+15 -1.193e+15 0.03859 300.94974 1.0382e+14 1.0624e+14 9.2655e+13 5.3118e+13 2.0523e+13 159.92871 94.66 0.04800 0.42101 0.29147 115.02449 150.76965 -98.38618 0.65859 0.44392 83.50452 75.15375 -63.22823 0.6411 9.090e+13 1.159e+14
27 19 1.0473e+14 847.10 897.49 1129.582 284.698 436 39.52142 17.19613 42.50854 206.33 158.18 59.87 -1.741e+15 2.282e+15 -1.071e+15 0.03022 301.97293 1.0473e+14 1.0714e+14 9.3862e+13 5.5834e+13 2.0221e+13 111.74857 46.63 0.03788 0.54235 0.34716 117.85548 102.89303 -1.49053 0.47379 0.26547 89.56520 75.70634 8.03043 0.6539 9.174e+13 1.053e+14
28 20 9.9596e+12 395.74 388.07 515.600 111.704 72 39.62222 18.72937 42.97451 388.27 -712.32 -103.81 9.782e+13 -5.404e+13 -6.291e+13 0.05767 111.70402 9.9596e+12 1.0563e+13 7.8470e+12 5.4325e+12 2.7163e+12 67.58295 41.87 0.08004 0.72682 0.38915 69.80431 72.33483 17.73394 0.57585 0.33367 -34.19481 28.09783 65.35265 0.6715 1.199e+13 7.847e+12
29 21 3.6821e+13 615.26 626.94 797.250 226.596 157 43.30359 18.44546 44.47518 59.45 222.67 -664.31 -2.031e+14 -2.247e+12 -6.219e+14 0.03816 165.60254 3.6821e+13 3.7122e+13 3.1690e+13 1.9617e+13 9.0542e+12 124.94270 17.79 0.04619 0.66349 0.40648 -7.73699 66.97900 101.98936 0.70137 0.43236 9.00620 53.19999 74.69596 0.6315 3.197e+13 3.893e+13
30 22 1.4185e+13 499.56 460.73 580.106 64.141 73 44.39920 18.45920 43.61654 -277.55 169.97 47.78 -2.317e+13 -1.199e+14 -9.490e+13 0.04603 64.14130 1.4185e+13 1.4789e+13 1.3280e+13 8.7524e+12 4.2253e+12 31.70413 16.32 0.05353 0.64631 0.37783 55.53439 -61.99984 71.19003 0.68989 0.35983 36.47692 -54.52436 58.04456 0.6180 1.439e+13 7.243e+12
31 33 1.1167e+13 466.68 368.93 535.643 56.095 41 52.02794 15.44294 40.29780 -7.09 146.43 -57.75 -4.219e+13 -1.984e+13 1.858e+13 0.02712 56.09516 1.1469e+13 1.1167e+13 9.9596e+12 8.7524e+12 3.0181e+12 31.25699 23.51 0.02589 0.49042 0.27875 -47.96087 96.75453 22.50273 0.42381 0.23888 -48.53320 80.90147 21.81547 0.4375 1.242e+13 5.734e+12
32 33 1.2072e+14 939.78 989.22 1184.390 262.716 441 51.86181 15.94411 40.59618 -300.71 352.05 38.12 1.213e+15 -4.055e+15 6.624e+15 0.05629 203.29369 1.2072e+14 1.2163e+14 1.1620e+14 7.2132e+13 1.6599e+13 160.73128 143.35 0.07670 0.46538 0.30198 -35.66403 196.31961 111.21246 0.42291 0.26149 -18.77909 130.76544 99.57135 0.7099 1.152e+14 1.162e+14
33 34 4.5271e+12 316.06 245.30 396.435 66.058 67 51.09594 17.39450 41.68909 -204.58 -112.06 -628.99 -9.482e+12 6.863e+12 4.027e+12 0.02362 66.05756 4.5271e+12 4.5271e+12 3.3199e+12 3.0181e+12 0.0000e+00 38.56857 0.00 0.02875 0.18602 0.06463 144.91675 43.09788 99.41820 0.28644 0.00804 85.10680 46.60682 -84.83834 0.5083 6.844e+12 3.018e+12
34 32 3.3199e+12 266.75 215.07 357.497 101.076 54 48.77775 18.73750 43.62471 -76.28 124.09 -519.18 4.071e+12 -3.490e+12 -1.900e+12 0.01310 101.07626 3.3199e+12 3.3199e+12 2.7163e+12 3.0181e+11 0.0000e+00 77.30600 0.00 0.02216 0.24234 0.00440 166.59470 -148.81810 -91.78023 0.00000 0.00000 0.00000 0.00000 0.00000 0.6509 4.982e+12 3.622e+12
35 26 1.2374e+13 472.56 430.84 554.289 64.304 63 93.17181 40.97244 61.07969 -798.56 452.82 -1.97 6.481e+13 1.399e+14 -2.123e+13 0.05770 64.30402 1.2978e+13 1.2374e+13 1.1770e+13 1.0261e+13 2.4145e+12 58.93506 18.05 0.06765 0.62692 0.38153 -52.44756 98.05558 24.55114 0.45076 0.31848 -35.60362 75.75275 37.38510 0.6039 1.357e+13 5.734e+12
36 26 1.0231e+14 844.60 853.79 1120.834 303.097 385 93.26130 41.21988 61.36726 -284.89 -249.81 -63.41 2.111e+15 5.678e+14 -4.230e+15 0.04962 285.28275 1.0231e+14 1.0322e+14 8.9335e+13 5.8852e+13 1.0563e+13 106.41969 82.30 0.06121 0.74937 0.62502 109.33550 -96.43401 83.70721 0.83172 0.33837 23.83300 76.72128 90.94608 0.6287 8.877e+13 1.056e+14
37 -1 2.1127e+12 244.65 191.03 307.497 51.895 85 91.58801 46.85838 57.39357 -154.05 -379.52 276.18 -1.249e+13 1.039e+13 -3.927e+12 0.08916 51.89520 2.1127e+12 2.1127e+12 1.8108e+12 9.0542e+11 0.0000e+00 33.96924 39.14 0.13826 0.76244 0.04106 65.09725 -26.57624 -53.15041 0.14529 0.00000 68.82181 -35.65387 -13.77311 0.6073 5.261e+12 1.509e+12
38 31 1.5603e+14 975.49 1072.39 1290.144 399.124 507 72.28959 68.12382 52.54875 -58.89 -359.15 -391.77 6.281e+15 1.724e+15 9.166e+15 0.05188 317.84854 1.5634e+14 1.5905e+14 1.4306e+14 8.3601e+13 3.0483e+13 208.81221 199.32 0.07154 0.40880 0.32615 66.82228 173.81586 -77.39903 0.60353 0.44577 43.42475 121.82362 -17.24428 0.7105 1.367e+14 1.678e+14
39 30 1.8410e+13 656.84 590.85 632.778 32.955 75 72.56863 68.87705 52.18318 -215.29 295.44 46.49 -3.973e+13 -9.973e+13 -1.471e+14 0.03766 32.95501 1.9919e+13 1.8712e+13 1.6901e+13 1.2978e+13 9.3560e+12 82.20647 26.29 0.04083 0.72556 0.51225 20.24158 85.33532 -26.06802 0.69345 0.57209 3.99696 77.72772 -11.41390 0.6520 2.400e+13 7.243e+12
40 36 1.0593e+14 906.09 936.09 1133.906 177.491 453 53.58551 40.88701 57.75114 104.77 -239.50 -406.31 8.070e+13 4.187e+14 5.804e+14 0.00720 186.31204 1.0593e+14 1.0925e+14 9.4164e+13 7.2434e+13 2.2032e+13 19.79182 112.36 0.00874 0.64773 0.34111 -11.49974 107.44421 130.83682 0.39393 0.22023 -7.06140 94.06509 113.48302 0.6546 9.462e+13 7.545e+13
41 37 1.0593e+14 878.08 899.12 1133.906 192.801 447 57.98122 30.57785 31.67543 -266.70 -214.76 32.45 -1.481e+15 7.590e+14 -1.157e+15 0.02106 229.56302 1.0593e+14 1.1288e+14 8.9335e+13 6.2172e+13 2.5955e+13 43.44784 95.23 0.02458 0.87894 0.63515 -78.89003 42.47283 119.75804 0.92029 0.61645 -33.86595 60.25889 89.72215 0.6192 9.467e+13 7.575e+13
42 35 1.1107e+14 893.00 929.05 1151.924 249.665 397 54.37936 27.80961 35.65475 -16.66 -88.61 -54.10 1.512e+15 -8.928e+14 1.602e+15 0.02109 231.35704 1.1107e+14 1.1288e+14 9.4466e+13 6.9718e+13 2.3843e+13 80.52841 73.35 0.02665 0.69915 0.44606 -28.41594 28.52341 172.52354 0.70656 0.47670 -3.80456 38.79639 127.56525 0.6648 9.562e+13 9.597e+13
43 43 1.2676e+13 483.78 445.31 558.759 60.240 65 47.57391 28.53166 45.59550 -693.42 -253.62 -582.82 -1.154e+14 1.529e+14 1.455e+14 0.08648 60.24002 1.2676e+13 1.2978e+13 1.0865e+13 7.8470e+12 3.9235e+12 51.67600 12.64 0.10044 0.93008 0.42793 10.84236 59.72688 59.51524 0.71034 0.34491 -25.34654 56.27050 43.28272 0.6059 1.193e+13 6.338e+12
44 44 8.2695e+13 807.96 854.47 1044.059 208.457 276 47.22564 28.18892 45.44213 247.99 -127.07 -67.99 -1.886e+15 1.744e+13 1.917e+15 0.03702 212.41638 8.2695e+13 8.4506e+13 7.7263e+13 4.9798e+13 1.5392e+13 17.38724 145.62 0.04930 0.61844 0.54253 122.03809 91.67360 49.33801 0.53926 0.46988 96.33790 75.77194 2.71333 0.6962 7.523e+13 7.183e+13
45 45 4.2253e+12 288.15 274.07 387.422 113.944 70 70.82689 27.17752 5.76635 282.01 -429.49 -10.75 -2.077e+13 9.696e+12 -1.973e+13 0.02401 113.94384 4.2253e+12 4.5271e+12 0.0000e+00 0.0000e+00 0.0000e+00 55.83856 0.00 0.07881 0.39677 0.21121 52.73510 97.12457 226.66057 0.00000 0.00000 0.00000 0.00000 0.00000 0.9025 1.037e+13 5.131e+12
46 46 7.8470e+12 349.20 355.03 476.211 178.459 55 71.97760 29.45649 5.75095 -46.98 -373.92 245.39 -6.339e+13 -6.110e+13 3.407e+13 0.05159 178.45937 8.1488e+12 7.8470e+12 6.0361e+12 3.3199e+12 0.0000e+00 62.38474 0.00 0.08767 0.71083 0.25438 116.75993 -35.99187 -64.61365 0.89586 0.02083 72.99758 1.37077 26.68998 0.7454 7.362e+12 1.026e+13
47 47 1.8410e+13 584.61 524.50 632.778 51.384 74 71.70858 30.88539 6.02257 73.49 -801.15 240.77 -5.493e+13 -4.623e+13 -6.628e+13 0.01945 51.38363 1.8410e+13 1.9316e+13 1.8108e+13 1.0865e+13 6.9416e+12 65.05297 0.00 0.02190 0.80050 0.69390 -50.03328 81.06329 -18.28965 0.72007 0.61980 -46.96631 56.95522 -4.36849 0.6227 2.379e+13 7.545e+12
48 48 1.1167e+13 495.46 409.96 535.643 43.284 77 72.69299 30.40770 6.48592 -338.38 -580.14 -124.05 2.076e+13 2.500e+13 -2.094e+13 0.01843 43.28389 1.1167e+13 1.1167e+13 1.0261e+13 6.0361e+12 4.8289e+12 24.81720 0.00 0.01994 0.76583 0.68109 91.87504 -16.92030 -3.47465 0.75904 0.35175 62.43787 -12.55690 39.03790 0.5638 1.148e+13 5.433e+12
49 53 2.2937e+13 516.81 499.77 680.894 161.978 144 81.25298 15.52104 2.05902 -189.00 178.34 -21.65 -1.893e+14 -1.278e+14 9.927e+13 0.02890 161.97760 2.2937e+13 2.2937e+13 2.0825e+13 9.3560e+12 1.8108e+12 103.07892 9.97 0.03870 0.55280 0.45428 9.67657 130.13686 -96.97232 0.72061 0.56081 32.23674 104.00890 -21.63185 0.6436 2.136e+13 2.294e+13
50 55 1.7807e+13 467.30 470.63 625.785 175.371 101 4.46448 6.62123 75.82291 -150.92 35.87 421.47 -3.129e+14 9.896e+13 1.616e+14 0.04782 175.37062 1.7807e+13 1.7807e+13 1.5694e+13 9.0542e+11 0.0000e+00 112.77505 0.00 0.08668 0.16269 0.06693 14.93067 -125.40974 127.55890 0.56032 0.21794 35.15574 50.58319 -35.94983 0.7788 1.665e+13 1.932e+13
51 54 2.8068e+13 589.75 580.51 728.287 110.645 159 4.75319 4.98889 77.80394 -42.68 434.44 174.37 -5.509e+13 -1.729e+14 -4.952e+13 0.01775 110.64484 2.8068e+13 2.8672e+13 2.7163e+13 1.8712e+13 4.5271e+12 63.98331 0.00 0.02088 0.70991 0.34083 30.39495 36.88614 125.79078 0.49126 0.16137 35.23967 29.06204 89.64594 0.6208 2.644e+13 1.901e+13
52 49 3.8330e+13 636.86 607.50 807.996 238.421 162 96.60055 23.69631 50.73133 -48.53 -197.73 397.33 -4.259e+14 1.795e+14 2.601e+14 0.03041 144.75496 3.8330e+13 3.9537e+13 3.6217e+13 1.7505e+13 7.2434e+12 65.97091 33.97 0.03502 0.84579 0.60484 -73.45891 71.89319 87.00963 0.94793 0.77262 73.83590 -25.63609 -37.74914 0.5851 3.724e+13 4.074e+13
53 50 1.8410e+13 546.27 518.95 632.778 69.156 98 97.19109 23.51244 52.81980 -84.01 -31.63 -82.96 3.237e+13 6.959e+13 2.015e+14 0.04555 69.15609 1.8410e+13 1.9014e+13 1.7505e+13 1.5090e+13 5.7343e+12 56.48444 0.00 0.04834 0.73571 0.67226 -17.96696 49.79762 84.55253 0.63300 0.43668 -19.61107 26.67702 83.38744 0.5810 2.022e+13 9.356e+12
54 59 5.0704e+13 694.27 718.90 886.974 177.914 266 34.77818 6.94850 40.93081 109.15 440.21 -5.25 -2.166e+14 1.648e+14 8.972e+13 0.00943 166.43616 5.0704e+13 5.4627e+13 4.3762e+13 3.1690e+13 9.0542e+12 34.46255 14.18 0.01187 0.60568 0.48645 71.18956 -87.91982 82.16336 0.53968 0.31947 60.44296 -74.25710 58.76580 0.6633 4.621e+13 4.135e+13
55 57 4.6177e+13 658.89 646.79 859.749 222.946 243 99.29280 22.45334 75.77810 -28.10 126.89 75.16 1.585e+14 2.175e+14 -3.434e+13 0.01154 188.52072 4.6177e+13 4.7686e+13 3.9537e+13 2.5050e+13 9.6578e+12 72.17111 37.57 0.01314 0.89515 0.46444 47.00140 9.75183 121.76955 0.80618 0.48870 33.96178 -34.06282 84.90618 0.5806 4.064e+13 4.769e+13
56 66 9.0542e+11 179.17 89.52 231.836 47.642 48 26.04825 29.43376 63.21143 391.62 -167.07 -44.05 2.451e+12 1.018e+12 1.302e+12 0.21212 47.64247 9.0542e+11 9.0542e+11 9.0542e+11 0.0000e+00 0.0000e+00 170.58575 49.09 0.10037 0.00000 0.00000 0.00000 0.00000 0.00000 0.00000 0.00000 0.00000 0.00000 0.00000 17.0785 4.765e+12 6.036e+11
57 67 1.8108e+13 463.92 446.83 629.301 210.800 124 27.53756 29.08901 63.55061 105.58 -8.66 -43.23 -1.093e+13 8.574e+13 1.834e+13 0.01624 210.79996 1.8108e+13 1.9316e+13 1.5694e+13 6.9416e+12 2.1127e+12 46.30216 0.00 0.02036 0.48633 0.37565 -53.00500 58.63829 109.00168 0.48224 0.21955 67.77847 -64.94585 -14.76326 0.5930 2.746e+13 2.203e+13
58 68 1.1469e+13 409.83 383.79 540.426 129.595 67 28.70177 28.62932 63.98775 -42.99 77.72 -339.72 -1.927e+13 1.352e+14 -1.624e+13 0.05371 129.59525 1.1469e+13 1.2978e+13 9.3560e+12 6.6398e+12 0.0000e+00 89.32262 0.00 0.06785 0.73468 0.35554 113.18617 -50.30406 -55.17687 0.30154 0.02360 -51.66612 99.35336 -12.85898 0.5925 1.133e+13 1.117e+13
59 58 5.5834e+13 706.21 707.40 915.936 309.668 246 39.19887 22.94537 60.35061 207.91 253.90 -233.01 4.363e+14 -1.445e+14 5.487e+13 0.01374 191.56734 5.5834e+13 5.6136e+13 4.8591e+13 2.8370e+13 1.4487e+13 29.02833 23.49 0.01633 0.62392 0.46666 3.22278 -8.12981 133.19121 0.56476 0.49850 13.77718 -53.75819 74.42010 0.6149 4.791e+13 6.459e+13
60 62 8.4506e+12 360.27 323.71 488.121 160.204 51 43.01128 83.27336 45.36766 110.48 370.40 113.08 -2.555e+13 -1.485e+14 8.089e+12 0.07492 160.20384 8.4506e+12 9.0542e+12 6.6398e+12 3.0181e+11 0.0000e+00 82.61960 19.22 0.12383 0.33335 0.16124 -3.88092 224.81569 115.62202 0.00000 0.00000 0.00000 0.00000 0.00000 0.6910 8.932e+12 1.207e+13
61 63 3.5915e+13 616.48 657.79 790.661 176.145 182 42.81112 85.53488 45.66177 224.35 39.46 -34.87 -3.510e+12 -2.989e+14 -1.527e+14 0.01871 152.40649 3.5915e+13 3.7122e+13 3.2897e+13 2.0825e+13 8.4506e+12 15.61770 19.68 0.02470 0.79774 0.50626 -85.35043 96.59331 -18.75172 0.70623 0.48891 -30.85222 91.13778 -22.08924 0.6957 3.210e+13 3.320e+13
62 70 5.7343e+13 681.21 698.57 924.115 366.410 244 42.64113 41.38043 81.49081 162.00 -256.25 -227.76 -5.965e+13 3.030e+14 -1.804e+14 0.00996 309.93643 5.7343e+13 5.8249e+13 4.4969e+13 2.7464e+13 1.2978e+13 14.30226 15.70 0.01207 0.52143 0.43073 -23.37057 105.84040 99.03543 0.78597 0.60579 -6.77074 74.81812 59.43430 0.6150 4.936e+13 7.062e+13
63 61 1.2072e+12 197.49 119.15 255.169 51.865 41 90.40179 25.44246 1.15792 -210.89 -855.01 -80.12 9.758e+11 7.667e+12 -4.321e+12 0.07832 51.86533 1.2072e+12 1.2072e+12 1.2072e+12 0.0000e+00 0.0000e+00 76.05131 0.00 0.18613 0.49868 0.08607 -99.45150 111.44976 65.28402 0.00000 0.00000 0.00000 0.00000 0.00000 0.6338 2.690e+12 6.036e+11
64 61 1.3280e+13 420.10 393.42 567.491 177.882 113 91.33369 23.80303 1.07935 -142.68 -625.70 -160.15 -8.386e+13 -1.098e+12 6.539e+13 0.02447 177.88181 1.3280e+13 1.3883e+13 6.6398e+12 3.0181e+12 0.0000e+00 67.39761 0.00 0.04109 0.44032 0.07663 -96.60784 112.28807 -85.27128 0.10844 0.02475 -65.98113 130.45395 -40.86258 0.7201 2.219e+13 1.660e+13
65 60 3.9235e+12 333.99 350.47 377.969 37.131 75 92.17826 22.75203 0.92895 -327.89 -160.60 -129.59 -2.722e+11 -3.375e+12 -1.011e+13 0.01527 37.13118 3.9235e+12 5.1307e+12 3.9235e+12 3.0181e+12 1.2072e+12 44.20543 0.00 0.03143 0.54295 0.42321 -10.89369 -10.98978 89.81902 0.59254 0.07226 30.26522 -2.23300 74.13288 0.8639 1.315e+13 2.113e+12
66 74 2.6861e+13 534.71 528.56 717.692 206.602 179 33.99134 14.21148 43.02628 392.69 156.08 -109.88 -1.264e+14 4.966e+13 -1.048e+14 0.01576 206.60194 2.6861e+13 2.8068e+13 2.1127e+13 1.2978e+13 3.9235e+12 95.74892 0.00 0.02049 0.67318 0.26882 -35.32028 123.75688 51.46071 0.79662 0.27399 34.13367 83.38270 33.75405 0.6335 2.576e+13 3.018e+13
67 75 3.3199e+12 261.60 139.19 357.497 142.893 46 35.58644 15.70701 43.69951 344.34 48.60 -653.41 -4.134e+12 6.049e+12 -3.566e+12 0.02738 142.89348 3.3199e+12 3.3199e+12 2.4145e+12 0.0000e+00 0.0000e+00 42.70078 19.89 0.03173 0.63105 0.21159 126.96084 109.28892 -17.17686 0.00000 0.00000 0.00000 0.00000 0.00000 0.2776 6.814e+12 5.734e+12
68 69 4.5573e+13 645.88 660.67 855.987 253.976 236 64.86293 4.89657 71.49129 4.27 111.04 -151.97 1.117e+14 -2.573e+14 1.670e+13 0.01163 215.06580 4.5573e+13 4.9195e+13 3.9537e+13 2.4748e+13 1.0865e+13 69.02615 29.91 0.01390 0.64777 0.48763 39.12170 132.74399 -29.41306 0.52222 0.39294 14.58470 99.73811 -47.72431 0.6157 4.212e+13 5.433e+13
69 78 3.3802e+13 602.75 631.17 774.844 187.705 182 66.58484 95.52850 66.42155 -91.75 369.14 -195.60 5.054e+13 -2.474e+14 -3.864e+13 0.01621 151.81154 3.3802e+13 3.5915e+13 3.0181e+13 2.0825e+13 6.0361e+12 60.15413 19.78 0.02080 0.85898 0.47631 -15.04596 107.17697 58.11134 0.80075 0.29494 34.65115 47.43950 65.88424 0.6755 3.490e+13 3.350e+13
70 96 2.3843e+13 589.46 615.16 689.737 79.087 218 90.39558 12.31413 99.37775 -140.89 340.45 151.78 -1.725e+14 9.414e+13 2.169e+14 0.03159 79.08706 2.3843e+13 2.5352e+13 2.2334e+13 1.6599e+13 6.9416e+12 57.30005 0.00 0.04264 0.80266 0.68639 51.77937 52.05814 78.32144 0.74179 0.60054 49.38565 57.43571 56.65588 0.7326 2.228e+13 1.388e+13
71 85 6.9416e+12 376.36 277.08 457.141 63.361 48 68.58562 22.36548 87.27053 73.88 274.24 228.15 -1.559e+13 -2.698e+13 -1.710e+13 0.03958 63.36137 6.9416e+12 6.9416e+12 6.9416e+12 5.1307e+12 0.0000e+00 15.02788 0.00 0.04049 0.63843 0.41662 -69.72855 83.86240 47.69211 0.50946 0.11024 -83.79221 92.79088 -41.31996 0.4271 6.902e+12 4.527e+12
72 83 6.0361e+12 329.25 252.74 436.333 109.575 50 66.58462 24.28595 89.45155 -97.20 -77.27 240.61 1.208e+13 2.174e+13 -2.121e+13 0.03972 109.57459 6.0361e+12 7.2434e+12 3.9235e+12 3.3199e+12 0.0000e+00 51.32673 64.28 0.04699 0.64436 0.40341 79.75722 -74.37852 44.85916 0.58228 0.09322 56.94578 63.81552 29.00931 0.4749 7.102e+12 6.036e+12
73 84 2.1428e+13 525.89 494.56 665.622 117.411 129 66.21693 24.98046 89.36331 310.98 -231.60 86.95 -4.157e+13 1.359e+14 -1.565e+14 0.03097 117.41079 2.1428e+13 2.2636e+13 1.7203e+13 1.1167e+13 4.5271e+12 128.36630 0.00 0.03679 0.83381 0.42921 125.53786 0.34554 -10.74902 0.81992 0.73298 -19.69991 59.83173 -54.98015 0.6013 2.161e+13 1.509e+13
74 40 2.6559e+13 522.82 509.69 714.994 294.977 105 53.72309 55.73215 36.96811 -36.50 -141.05 57.08 4.803e+14 -1.665e+12 3.651e+14 0.03763 294.97681 2.6559e+13 2.8370e+13 1.5392e+13 0.0000e+00 0.0000e+00 167.41031 9.94 0.07343 0.29457 0.24083 -217.13643 -203.57782 224.57751 0.00000 0.00000 0.00000 0.00000 0.00000 0.7913 2.518e+13 3.863e+13
75 42 7.8470e+12 374.64 318.73 476.211 86.377 102 52.41054 56.64706 37.02458 477.46 -405.27 104.59 1.898e+13 1.289e+13 -3.141e+13 0.02985 86.37672 7.8470e+12 8.1488e+12 7.5452e+12 3.3199e+12 1.2072e+12 19.47681 0.00 0.03612 0.59418 0.23663 40.05837 74.62399 106.66825 0.70716 0.37490 65.17515 54.93193 8.34483 0.5618 1.076e+13 6.338e+12
76 79 4.9496e+13 658.23 638.56 879.878 287.500 213 65.62117 64.30913 39.16251 -57.66 0.85 254.72 -1.405e+14 -9.844e+14 1.797e+14 0.03843 241.55966 4.9496e+13 5.0402e+13 4.4366e+13 2.4748e+13 9.9596e+12 108.75796 23.33 0.04357 0.76259 0.38053 -76.33916 -14.73743 113.28239 0.76695 0.33806 80.99155 12.92067 -57.19717 0.5602 4.380e+13 5.765e+13
77 80 3.4104e+13 609.15 612.70 777.143 153.482 200 52.67844 44.40525 44.48260 24.44 -238.77 39.64 -9.854e+14 2.386e+14 -4.520e+14 0.07268 144.44771 3.4104e+13 3.5613e+13 3.0784e+13 2.0825e+13 5.4325e+12 21.12744 18.73 0.08905 0.37424 0.21797 -33.18392 8.47827 181.32205 0.32458 0.14546 -15.50124 5.33384 157.40407 0.6405 3.011e+13 2.807e+13
78 81 6.0361e+11 168.79 0.00 202.528 26.318 29 87.71692 32.37276 67.19907 231.03 -38.81 -161.78 0.000e+00 0.000e+00 0.000e+00 0.00000 26.31769 6.0361e+11 6.0361e+11 6.0361e+11 3.0181e+11 0.0000e+00 80.10813 0.00 0.00000 0.00000 0.00000 0.00000 0.00000 0.00000 0.00000 0.00000 0.00000 0.00000 0.00000 0.0000 3.054e+12 3.018e+11
79 82 3.9537e+13 649.15 613.81 816.391 213.023 174 89.78259 34.89710 66.15515 -27.73 -172.98 -260.48 -5.454e+14 -5.072e+13 9.886e+13 0.02993 138.29446 3.9537e+13 4.0442e+13 3.7726e+13 1.9014e+13 8.1488e+12 77.54185 33.14 0.03490 0.69493 0.35533 61.98252 109.77098 -43.16232 0.77508 0.44346 -45.29156 -27.28395 67.42910 0.5929 3.609e+13 4.044e+13
80 72 5.1307e+12 320.04 252.08 413.324 83.736 57 31.57472 12.86154 5.99910 -392.46 131.07 212.25 3.454e+13 8.368e+12 3.584e+12 0.05892 83.73624 5.1307e+12 5.7343e+12 4.5271e+12 3.0181e+12 0.0000e+00 72.44132 0.00 0.06734 0.51438 0.15376 -68.84335 -56.84374 108.33627 0.87899 0.17563 54.44226 -22.04813 64.12308 0.4665 4.835e+12 4.527e+12
81 71 3.3199e+12 299.58 357.47 357.497 45.169 44 33.01535 13.08820 6.10318 -320.89 198.92 -142.76 -6.642e+12 2.599e+13 4.745e+12 0.06415 45.16855 3.3199e+12 3.3199e+12 3.0181e+12 2.1127e+12 0.0000e+00 74.24540 44.70 0.10608 0.60296 0.02665 82.49902 61.02500 -65.45995 0.54919 0.00000 69.62948 73.27669 -42.80555 1.2660 3.554e+12 2.113e+12
82 71 5.1307e+12 302.36 272.72 413.324 167.224 93 33.65535 13.39366 6.09471 -387.35 -265.70 398.59 8.192e+12 2.620e+12 2.951e+13 0.02893 167.22409 5.1307e+12 5.4325e+12 3.9235e+12 6.0361e+11 0.0000e+00 69.41907 38.60 0.05795 0.42936 0.18453 80.86852 -48.10699 34.20157 0.00000 0.00000 0.00000 0.00000 0.00000 0.7573 1.645e+13 1.268e+13
83 86 9.3560e+12 405.17 376.84 504.966 80.952 89 66.49381 25.80796 15.75047 75.80 -37.94 -114.17 1.917e+13 -7.178e+13 -7.709e+13 0.05567 80.95248 9.3560e+12 1.1469e+13 8.4506e+12 5.1307e+12 0.0000e+00 74.11084 0.00 0.07416 0.87349 0.60823 79.29465 3.83945 110.23589 0.75304 0.37526 26.01236 100.51631 50.83993 0.6458 1.160e+13 6.036e+12
84 87 2.7464e+13 559.01 565.11 723.028 148.114 120 39.52780 4.31537 5.27697 100.45 450.77 195.47 -2.910e+13 -2.446e+14 2.472e+14 0.03273 148.11389 2.7464e+13 2.7766e+13 2.3239e+13 1.5996e+13 6.0361e+12 52.38164 0.00 0.04017 0.72800 0.48847 -57.38051 77.90634 71.72009 0.69285 0.45455 -32.73922 56.10025 65.64329 0.6340 3.074e+13 2.233e+13
85 88 1.8108e+13 474.19 442.68 629.301 160.230 87 39.39161 4.96204 5.81939 -196.26 117.85 -183.16 1.300e+14 -9.110e+13 2.350e+14 0.05574 160.23047 1.8108e+13 1.9617e+13 1.5694e+13 9.3560e+12 2.7163e+12 74.06036 11.82 0.06534 0.48028 0.32653 58.68134 -19.97210 104.35569 0.34729 0.20158 37.96025 -37.14793 83.97997 0.5638 1.641e+13 1.871e+13
86 97 3.2897e+13 651.57 664.17 767.863 162.382 202 86.48440 14.30170 0.17399 -76.59 38.20 100.93 1.086e+14 8.529e+13 -1.194e+14 0.01188 91.14274 3.3199e+13 3.4406e+13 3.0483e+13 1.9617e+13 1.0563e+13 128.89728 18.50 0.01555 0.77862 0.46721 100.31205 -20.62087 -38.33894 0.76732 0.42415 76.94543 -4.18096 -28.70021 0.7064 3.174e+13 2.867e+13
87 89 9.3560e+12 454.95 333.00 504.966 45.572 55 42.52869 29.91322 75.13290 332.61 72.33 -180.88 -6.932e+12 1.592e+13 -8.402e+12 0.01376 45.57178 9.3560e+12 9.6578e+12 8.1488e+12 6.6398e+12 1.8108e+12 29.31894 0.00 0.01336 0.47950 0.28633 11.70332 15.01741 100.63013 0.34326 0.11272 15.89640 25.17806 113.03875 0.4373 1.124e+13 4.225e+12
88 91 7.8470e+12 358.93 260.89 476.211 120.922 39 43.47203 30.38225 75.26479 64.29 -88.66 -390.26 2.030e+13 -1.569e+13 4.157e+13 0.04030 120.92204 7.8470e+12 7.8470e+12 6.3380e+12 3.0181e+12 0.0000e+00 10.97753 0.00 0.04536 0.69721 0.20284 -18.29827 95.78386 -51.17442 0.10905 0.00000 91.64874 -53.47905 -35.13071 0.4231 7.168e+12 7.847e+12
89 90 3.9235e+12 300.97 237.41 377.969 63.454 40 44.67743 30.51454 74.09255 102.40 -98.18 -66.84 -1.368e+13 1.115e+13 1.787e+13 0.04951 63.45444 3.9235e+12 3.9235e+12 3.9235e+12 6.0361e+11 0.0000e+00 80.92713 0.00 0.07405 0.85482 0.14850 49.74400 120.53458 40.87181 0.00000 0.00000 0.00000 0.00000 0.00000 0.6206 5.898e+12 2.414e+12
90 92 9.6578e+12 412.98 347.41 510.338 77.834 59 46.37770 30.39802 73.42433 -144.35 -63.30 -89.67 -2.131e+13 -1.684e+13 1.833e+13 0.01953 77.83438 9.6578e+12 9.6578e+12 8.1488e+12 5.7343e+12 3.0181e+12 21.21408 0.00 0.02153 0.73872 0.50284 -6.36039 83.55643 51.53239 0.64384 0.42670 -27.52646 24.83627 71.04978 0.5261 8.677e+12 6.338e+12
91 226 6.3380e+12 359.00 295.51 443.487 67.512 41 69.98400 36.27672 55.53183 -49.47 164.50 -86.18 2.329e+13 4.449e+12 3.658e+13 0.04892 67.51215 6.6398e+12 6.3380e+12 6.3380e+12 4.2253e+12 0.0000e+00 35.70524 0.00 0.05778 0.72065 0.10499 85.65419 78.86189 -16.37756 0.83457 0.26392 62.02361 76.04617 -3.45500 0.5330 6.223e+12 4.225e+12
92 112 3.7424e+13 639.84 642.49 801.583 106.747 149 69.48645 37.95103 55.51901 -64.82 -163.97 -1.91 -4.809e+14 4.579e+14 9.057e+13 0.03714 132.59001 3.7424e+13 3.7424e+13 3.4406e+13 2.1730e+13 8.4506e+12 122.22629 27.65 0.04605 0.50149 0.31516 48.17870 134.69762 -20.31806 0.47984 0.38230 39.61906 93.47459 -17.28381 0.6495 3.661e+13 1.992e+13
93 95 4.3460e+13 645.33 663.58 842.550 292.518 134 79.30957 85.51794 5.08760 -29.50 163.72 139.81 2.174e+14 -4.507e+14 2.295e+14 0.02365 185.62451 4.3460e+13 4.4064e+13 3.9839e+13 2.5352e+13 8.7524e+12 126.37619 39.28 0.02949 0.53228 0.34867 103.99417 -42.77237 -89.57786 0.46414 0.35512 72.97330 -29.61017 -70.68221 0.6508 3.931e+13 5.070e+13
94 95 6.6398e+12 425.97 388.33 450.418 33.277 55 79.63002 85.38588 4.88057 -498.92 544.41 641.81 1.090e+13 -2.200e+13 -1.743e+11 0.02501 33.27662 7.5452e+12 6.6398e+12 6.3380e+12 5.4325e+12 3.0181e+12 34.42270 30.24 0.03012 0.75944 0.71309 -44.71582 1.19062 70.83098 0.87896 0.48873 -19.06797 -1.27401 72.14273 0.6703 7.947e+12 3.018e+12
95 98 2.2032e+13 559.49 492.31 671.814 87.633 146 66.12332 92.62960 27.19490 206.06 334.94 34.39 3.006e+14 1.743e+13 -6.214e+12 0.04412 87.63302 2.2032e+13 2.3541e+13 1.7807e+13 1.0261e+13 7.8470e+12 67.65018 10.10 0.05005 0.52357 0.26834 9.26044 46.82074 106.80935 0.77788 0.43975 -16.14213 -11.02625 74.55059 0.5625 1.998e+13 1.026e+13
96 99 2.5654e+13 600.48 582.53 706.775 83.386 181 39.01154 83.66380 96.24644 203.02 201.09 59.43 7.036e+13 2.250e+13 -5.812e+12 0.00801 83.38576 2.5654e+13 2.6861e+13 2.2937e+13 1.6901e+13 6.3380e+12 67.04436 0.00 0.00955 0.88212 0.59030 88.89334 40.97692 53.90604 0.70829 0.52908 69.06021 -24.61689 61.64780 0.6455 2.571e+13 1.539e+13
97 73 2.4145e+12 247.54 220.30 321.493 67.952 55 77.29459 73.14922 55.32018 -185.72 -195.81 -403.30 -1.153e+13 -1.663e+13 -1.115e+12 0.03379 67.95224 2.4145e+12 2.4145e+12 2.4145e+12 3.0181e+11 0.0000e+00 65.67938 0.00 0.13423 0.51781 0.01236 75.92789 87.74089 -38.78111 0.00000 0.00000 0.00000 0.00000 0.00000 0.9249 4.223e+12 1.811e+12
98 73 1.6901e+13 601.49 577.70 614.994 39.873 122 79.05077 74.44751 56.14304 -523.42 -177.70 -254.68 4.256e+13 -3.745e+13 7.468e+13 0.02082 39.87282 1.6901e+13 1.7505e+13 1.6298e+13 1.3581e+13 7.2434e+12 57.74418 0.00 0.02424 0.73939 0.58525 63.66558 -47.73588 -44.42404 0.86393 0.69535 -36.17699 36.16268 58.04639 0.6940 2.062e+13 6.338e+12
99 39 9.0542e+11 183.90 256.99 231.836 39.872 26 51.04287 52.86559 38.98933 675.20 -138.09 -116.84 -2.081e+12 -2.653e+12 -4.674e+12 0.21998 39.87236 9.0542e+11 9.0542e+11 9.0542e+11 3.0181e+11 0.0000e+00 103.97585 0.00 0.19568 0.00000 0.00000 0.00000 0.00000 0.00000 0.00000 0.00000 0.00000 0.00000 0.00000 5.2153 4.165e+12 3.018e+11
100 38 2.7163e+13 550.89 545.94 720.370 160.733 141 52.41354 52.52801 39.34729 183.70 -133.25 -156.76 -6.558e+13 -2.924e+14 -9.526e+13 0.03045 160.73305 2.7163e+13 2.9275e+13 2.4748e+13 1.5694e+13 2.7163e+12 72.20409 0.00 0.03686 0.75227 0.41890 -50.05246 113.89126 -75.04890 0.97023 0.46910 -23.12731 -54.68439 87.86276 0.6122 2.473e+13 2.505e+13
101 106 2.3239e+13 568.40 539.15 683.867 90.130 162 90.30364 91.01737 23.06264 -61.67 391.29 -37.00 -1.071e+14 1.766e+13 1.588e+14 0.02641 90.13020 2.3239e+13 2.4145e+13 2.2032e+13 1.5392e+13 6.0361e+12 90.18458 7.10 0.02925 0.88696 0.67442 -67.56120 1.86788 78.44456 0.84032 0.77622 55.09901 20.01912 -54.25071 0.5922 2.150e+13 1.388e+13
102 109 2.3843e+13 597.90 563.40 689.737 73.945 142 67.53519 81.73491 47.44340 -2.48 62.44 -182.99 9.298e+12 -1.580e+14 1.556e+14 0.02803 73.94464 2.4145e+13 2.4446e+13 2.2636e+13 1.5694e+13 8.4506e+12 37.57005 9.37 0.03233 0.85593 0.35068 -22.35612 112.05052 -23.92870 0.68286 0.30293 -16.23126 93.49585 -25.87765 0.6282 2.193e+13 1.177e+13
103 101 1.9617e+13 552.15 515.43 646.317 74.236 76 2.95233 1.10147 1.07236 -164.12 525.84 -66.44 -1.538e+14 -1.914e+13 -1.152e+14 0.03298 74.23557 1.9617e+13 2.0523e+13 1.8410e+13 1.3883e+13 6.0361e+12 58.60062 0.00 0.03894 0.70132 0.48572 9.41557 -32.98672 102.89203 0.44894 0.36627 -11.33249 -55.49862 61.10489 0.6254 1.797e+13 9.960e+12
104 102 1.2072e+13 501.21 421.84 549.745 47.174 65 2.01840 0.90464 4.37665 11.34 358.93 -185.09 4.649e+13 -6.406e+13 1.378e+13 0.03297 47.17382 1.2072e+13 1.2072e+13 1.1167e+13 6.3380e+12 5.1307e+12 63.18245 0.00 0.03639 0.63233 0.43687 18.89869 79.52295 31.62083 0.67307 0.46864 49.59322 12.22237 -43.32617 0.5718 1.189e+13 5.131e+12
105 110 2.2636e+13 566.94 522.80 677.894 86.528 143 81.77296 29.85790 66.97023 -26.36 -82.02 1.32 3.259e+14 -2.188e+14 5.248e+13 0.05810 86.52836 2.2636e+13 2.3843e+13 2.1730e+13 1.7807e+13 3.6217e+12 32.55098 0.00 0.06291 0.81489 0.66426 58.80363 21.16660 109.54483 0.66579 0.58452 21.80317 16.53631 113.18113 0.5680 2.337e+13 1.449e+13
106 103 2.7464e+13 577.48 548.88 723.028 119.161 116 1.80594 18.98170 53.15070 -160.88 327.57 -139.43 4.187e+13 -1.199e+14 1.972e+13 0.01256 119.16054 2.7464e+13 2.8068e+13 2.5050e+13 1.7203e+13 3.6217e+12 87.31274 0.00 0.01479 0.45237 0.33042 -24.59666 112.56252 53.46091 0.29958 0.09678 -22.44267 83.99576 58.37309 0.6023 2.447e+13 1.962e+13
107 104 4.8289e+12 305.77 322.52 405.056 101.352 29 0.98256 20.29195 53.84059 -85.47 -14.86 -135.56 3.612e+13 -1.963e+13 -2.004e+13 0.01586 101.35217 5.4325e+12 5.1307e+12 3.0181e+12 6.0361e+11 0.0000e+00 109.62279 0.00 0.09538 0.10379 0.04690 81.77456 -69.53411 15.57958 0.00000 0.00000 0.00000 0.00000 0.00000 1.0255 4.999e+12 4.829e+12
108 111 3.0784e+13 626.83 629.97 751.060 126.745 153 78.69291 25.34785 79.32303 -131.48 -209.25 -48.94 -5.042e+14 -7.377e+14 1.424e+14 0.06942 96.88912 3.0784e+13 3.1388e+13 2.7464e+13 1.9617e+13 1.0865e+13 29.15787 5.40 0.08610 0.65014 0.45400 100.42849 -64.21420 -38.00496 0.63461 0.28903 94.00587 -42.84935 9.15273 0.6727 2.737e+13 2.324e+13
109 105 4.2253e+13 679.77 694.38 834.675 164.008 133 37.79424 10.49869 9.33534 -179.68 229.43 -59.24 9.288e+14 -5.934e+14 1.013e+15 0.06816 122.77390 4.2253e+13 4.2857e+13 4.1348e+13 2.9879e+13 8.4506e+12 137.81992 53.78 0.08403 0.61933 0.36818 -78.94470 65.32073 124.31243 0.50900 0.17470 -59.98845 44.79124 114.07994 0.6615 4.247e+13 3.923e+13
110 114 1.5090e+12 201.29 115.46 274.873 107.050 36 60.12440 79.48325 32.49474 343.78 185.81 -131.70 -3.163e+12 6.723e+11 -3.398e+12 0.03802 107.04972 1.5090e+12 1.5090e+12 9.0542e+11 0.0000e+00 0.0000e+00 151.30554 42.83 0.06798 0.59464 0.00000 114.45576 -45.82267 -54.00170 0.00000 0.00000 0.00000 0.00000 0.00000 0.5153 3.530e+12 3.622e+12
111 116 8.7524e+12 374.78 327.36 493.864 117.685 83 60.19513 82.96260 33.68283 285.71 58.90 16.32 4.749e+13 -5.881e+13 -1.832e+12 0.04394 117.68465 8.7524e+12 8.7524e+12 8.1488e+12 3.3199e+12 0.0000e+00 74.11884 0.00 0.05853 0.92605 0.49504 -62.84482 -7.54524 127.72067 0.36314 0.26442 5.28683 108.07134 -64.08764 0.5949 1.137e+13 8.451e+12
112 -1 9.0542e+11 182.99 285.20 231.836 41.161 56 61.21036 9.22335 87.06011 1.72 217.35 166.30 3.194e+12 4.166e+12 4.443e+12 0.28883 41.16094 9.0542e+11 9.0542e+11 9.0542e+11 0.0000e+00 0.0000e+00 147.46507 0.00 0.23352 0.00000 0.00000 0.00000 0.00000 0.00000 0.00000 0.00000 0.00000 0.00000 0.00000 6.2852 7.164e+12 0.000e+00
113 117 1.7203e+13 476.85 437.09 618.633 129.661 86 62.40778 9.60127 89.07701 78.45 158.09 -33.19 1.243e+13 -1.171e+14 5.872e+13 0.02738 129.66112 1.7203e+13 1.7505e+13 1.5996e+13 6.9416e+12 2.7163e+12 46.98957 11.27 0.03303 0.83558 0.36184 102.25231 9.30856 84.00333 0.42468 0.29139 87.99960 18.17680 8.07859 0.5716 1.572e+13 1.539e+13
114 121 1.0261e+13 395.90 337.35 520.756 122.125 75 76.03601 30.86510 8.32102 -390.43 -375.55 22.59 1.020e+14 1.662e+14 -5.593e+13 0.09396 122.12454 1.0261e+13 1.0563e+13 9.6578e+12 3.3199e+12 0.0000e+00 20.38648 15.72 0.12047 0.41499 0.26807 14.86923 -2.53824 172.87698 0.69004 0.04659 68.59338 19.76982 45.29272 0.5725 1.408e+13 9.960e+12
115 122 1.0563e+13 395.70 306.49 525.812 135.612 65 76.21387 31.14294 9.26828 -332.38 -484.82 -308.48 6.389e+13 -7.731e+12 4.304e+13 0.03812 135.61171 1.0563e+13 1.0563e+13 9.3560e+12 4.2253e+12 0.0000e+00 32.60814 0.00 0.04380 0.19929 0.03499 62.16056 50.18310 119.35323 0.15729 0.01750 63.94099 51.64213 121.96903 0.4683 9.237e+12 1.056e+13
116 77 2.5050e+13 565.70 574.82 701.187 108.842 138 87.15385 51.44819 70.29594 -205.55 -410.27 -255.23 1.256e+14 9.082e+13 1.870e+14 0.02694 108.84151 2.5050e+13 2.5050e+13 2.3239e+13 1.4789e+13 6.3380e+12 45.21831 0.00 0.03259 0.59094 0.38427 17.66551 86.38437 -83.11137 0.58872 0.50647 24.28813 65.35831 -61.71738 0.6503 2.497e+13 1.871e+13
117 131 9.0542e+11 177.42 68.93 231.836 51.425 135 70.06176 73.03868 47.93751 -93.86 -86.31 178.06 -3.568e+12 -1.040e+12 1.137e+11 0.03783 51.42495 9.0542e+11 9.0542e+11 6.0361e+11 3.0181e+11 0.0000e+00 104.79036 83.14 0.12625 0.00000 0.00000 0.00000 0.00000 0.00000 0.00000 0.00000 0.00000 0.00000 0.00000 0.6897 1.000e+13 6.036e+11
118 156 1.5090e+13 535.24 493.45 592.195 52.719 88 29.47181 24.78375 15.47772 319.28 -440.33 14.25 -3.917e+12 -1.417e+13 8.961e+13 0.02637 52.71923 1.5090e+13 1.5090e+13 1.4185e+13 1.2374e+13 5.4325e+12 59.17704 0.00 0.02835 0.79065 0.34760 -35.50005 41.60043 82.25071 0.65338 0.22491 -35.07308 35.01516 74.70476 0.6038 1.643e+13 6.942e+12
119 184 3.3199e+12 267.37 220.64 357.497 98.427 47 32.29636 24.39096 16.68200 141.18 -360.09 -96.14 1.622e+12 2.862e+13 -9.233e+12 0.07276 98.42684 3.3199e+12 4.8289e+12 2.7163e+12 9.0542e+11 0.0000e+00 79.26276 0.00 0.11729 0.32892 0.02719 131.94743 22.67768 45.17632 0.38665 0.12392 67.35122 17.28461 59.81195 0.6451 4.768e+12 3.923e+12
120 -1 1.8108e+12 214.26 188.61 292.096 108.443 75 97.35274 37.49321 63.14683 -533.90 -287.76 -82.91 -2.077e+12 -1.005e+13 -5.640e+12 0.02755 108.44274 1.8108e+12 1.8108e+12 9.0542e+11 3.0181e+11 0.0000e+00 129.06078 33.54 0.12528 0.53959 0.33134 -23.27845 -109.19807 149.99593 0.00000 0.00000 0.00000 0.00000 0.00000 0.9287 7.700e+12 3.018e+12
121 123 1.1770e+13 475.98 389.09 545.125 56.520 81 96.01084 95.75482 92.31567 71.80 505.80 367.50 -2.651e+13 -3.176e+13 -3.133e+13 0.02342 56.51979 1.1770e+13 1.1770e+13 9.3560e+12 6.9416e+12 3.9235e+12 59.39136 24.22 0.02452 0.52998 0.39889 59.85140 65.24651 -2.99137 0.44819 0.31787 66.68958 58.64582 1.30541 0.5093 1.249e+13 5.734e+12
122 124 3.6217e+12 286.20 169.33 368.017 72.243 49 97.16849 97.59180 93.35268 88.17 371.69 306.36 -7.400e+12 -1.213e+12 4.405e+12 0.02575 72.24291 3.6217e+12 3.6217e+12 3.3199e+12 1.2072e+12 0.0000e+00 40.84549 14.29 0.02930 0.12262 0.02431 92.52738 117.97540 89.48396 0.31368 0.09171 35.52657 34.78659 38.67624 0.3556 6.718e+12 2.113e+12
123 127 6.6398e+12 329.69 272.35 450.418 178.291 71 75.80575 31.98754 61.81832 90.54 -151.09 -33.82 -2.025e+13 3.914e+12 -3.081e+13 0.02922 178.29089 6.6398e+12 6.6398e+12 3.0181e+12 3.0181e+11 0.0000e+00 79.56107 14.05 0.04548 0.89712 0.60204 98.40020 13.04429 104.84379 0.00000 0.00000 0.00000 0.00000 0.00000 0.6254 7.235e+12 1.026e+13
124 128 6.0361e+11 158.52 0.00 202.528 38.022 58 78.57265 30.42818 64.11462 4.54 -11.69 4.78 2.337e+11 -1.660e+12 -4.707e+11 0.02970 38.02247 6.0361e+11 6.0361e+11 6.0361e+11 0.0000e+00 0.0000e+00 173.89906 56.66 0.11624 0.00000 0.00000 0.00000 0.00000 0.00000 0.00000 0.00000 0.00000 0.00000 0.00000 0.0000 4.952e+12 0.000e+00
125 132 1.1770e+13 406.69 359.69 545.125 154.401 129 57.54128 29.84385 28.44506 -18.26 -167.64 393.60 -2.956e+13 2.627e+13 -4.823e+13 0.02291 154.40054 1.1770e+13 1.6298e+13 8.7524e+12 5.4325e+12 0.0000e+00 69.50746 0.00 0.02947 0.80690 0.17258 140.65381 20.19393 -57.19703 0.16017 0.00000 -53.70504 -59.62717 96.48637 0.5788 1.461e+13 1.630e+13
126 120 1.2072e+13 520.98 497.51 549.745 40.284 92 99.77379 24.95436 71.02533 -442.91 134.93 97.46 -2.731e+13 -1.141e+13 -4.364e+13 0.02146 40.28398 1.2676e+13 1.2072e+13 1.2072e+13 1.0865e+13 3.9235e+12 32.79042 19.96 0.02388 0.85582 0.55498 77.50885 47.95922 25.70611 0.80207 0.36363 65.71800 36.58456 46.84623 0.6490 1.500e+13 4.829e+12
127 129 1.8108e+13 529.22 496.10 629.301 78.104 97 96.11836 28.80528 64.06413 -79.02 114.29 132.02 4.359e+13 -1.276e+14 -6.898e+13 0.03205 78.10395 1.8108e+13 1.8712e+13 1.7203e+13 1.1469e+13 6.6398e+12 49.49615 0.00 0.03490 0.57590 0.35840 84.27152 52.23481 57.14842 0.77082 0.53494 42.51222 19.13817 69.00703 0.5746 1.784e+13 9.658e+12
128 118 2.8974e+13 606.13 654.37 736.035 101.866 121 51.88654 40.71943 48.61165 123.18 -258.77 -127.30 -5.502e+14 1.791e+14 -1.994e+14 0.04970 101.86606 2.8974e+13 2.9577e+13 2.7163e+13 1.8108e+13 9.6578e+12 145.25575 0.00 0.06443 0.53537 0.33578 -13.96455 82.95174 89.77870 0.72745 0.46981 12.42434 78.61395 29.34055 0.7144 2.815e+13 1.781e+13
129 76 1.2072e+13 474.44 379.41 549.745 60.168 104 86.90685 48.39665 71.11382 3.87 -203.78 -167.84 1.082e+14 1.230e+13 -1.733e+12 0.04553 60.16751 1.2072e+13 1.2676e+13 9.9596e+12 7.5452e+12 1.8108e+12 71.21486 0.00 0.04931 0.71796 0.39273 15.03755 114.91604 -10.24208 0.24821 0.05304 10.81859 109.90869 -14.04676 0.5195 1.176e+13 5.734e+12
130 126 2.1428e+13 516.18 503.53 665.622 133.360 112 38.53573 52.02258 42.65194 336.01 -119.49 -51.51 3.165e+13 4.111e+13 -8.014e+13 0.01414 133.35963 2.1428e+13 2.3843e+13 1.8410e+13 1.3280e+13 4.8289e+12 74.15419 0.00 0.01662 0.80550 0.59441 43.98734 -79.97674 89.11629 0.54539 0.27360 25.45037 -25.25935 106.48565 0.5902 2.025e+13 1.750e+13
131 125 2.7163e+13 531.44 521.16 720.370 238.355 111 61.14033 27.71742 86.84274 272.61 -260.82 136.22 -3.428e+13 -1.779e+14 -4.161e+13 0.01796 238.35501 2.7464e+13 2.8068e+13 2.0825e+13 1.1469e+13 4.5271e+12 50.16033 9.38 0.02179 0.57308 0.48194 -25.67111 -14.63647 118.43442 0.62276 0.40860 -31.01326 -34.13522 73.35924 0.5954 2.376e+13 3.169e+13
132 138 9.0542e+11 173.48 40.31 231.836 63.480 105 86.31171 48.58328 79.14567 -35.19 -277.56 -320.36 -1.028e+12 -4.216e+11 -2.658e+12 0.04170 63.48047 9.0542e+11 9.0542e+11 0.0000e+00 0.0000e+00 0.0000e+00 90.58366 41.82 0.09783 0.00000 0.00000 0.00000 0.00000 0.00000 0.00000 0.00000 0.00000 0.00000 0.00000 0.3150 6.949e+12 9.054e+11
133 136 1.8108e+12 221.21 156.21 292.096 70.916 105 86.56932 22.09695 97.44613 -340.36 -282.32 312.13 5.566e+12 1.158e+12 1.309e+12 0.03513 70.91562 1.8108e+12 1.8108e+12 1.5090e+12 0.0000e+00 0.0000e+00 136.44084 0.00 0.06240 0.34626 0.08520 71.34159 144.52492 -17.03369 0.00000 0.00000 0.00000 0.00000 0.00000 0.5856 9.209e+12 1.811e+12
134 134 7.8470e+12 384.72 318.43 476.211 73.337 47 41.64894 1.37697 23.67792 415.46 325.30 18.31 -2.706e+13 -3.119e+13 2.034e+13 0.03411 73.33733 7.8470e+12 7.8470e+12 7.2434e+12 3.6217e+12 0.0000e+00 30.89585 0.00 0.04275 0.10877 0.04914 133.62183 -9.70318 -112.89735 0.53914 0.01209 -56.62091 -7.67848 83.30267 0.5674 8.018e+12 4.527e+12
135 135 1.4185e+13 484.19 422.53 580.106 74.805 55 42.79027 1.39121 23.28989 24.27 363.99 105.67 -3.059e+13 4.328e+13 -3.030e+12 0.01798 74.80534 1.4185e+13 1.4487e+13 1.3581e+13 1.0261e+13 3.3199e+12 55.67997 0.00 0.01838 0.58346 0.38498 119.97990 -0.69968 -36.30406 0.71085 0.46854 97.58846 -4.60510 0.27595 0.5113 1.472e+13 9.054e+12
136 152 2.1428e+13 641.42 612.53 665.622 45.686 101 25.44218 58.09628 25.42071 254.30 -94.99 173.66 -1.063e+13 -3.582e+13 5.574e+13 0.01069 45.68630 2.1428e+13 2.2032e+13 2.1127e+13 1.6901e+13 9.3560e+12 35.01025 0.00 0.01168 0.61377 0.47759 -65.02694 -0.29521 96.50235 0.75530 0.46497 -59.23067 8.59571 71.08677 0.6565 2.788e+13 8.752e+12
137 140 9.3560e+12 369.83 302.59 504.966 196.016 101 41.86588 22.16953 13.98082 -57.04 -297.17 183.95 2.777e+13 -1.059e+13 -6.248e+13 0.03392 196.01564 9.3560e+12 9.6578e+12 6.9416e+12 0.0000e+00 0.0000e+00 136.64577 15.26 0.04792 0.09379 0.00000 184.71465 196.32347 51.63633 0.00000 0.00000 0.00000 0.00000 0.00000 0.5778 1.043e+13 1.237e+13
138 93 1.0865e+13 550.57 485.55 530.773 27.712 100 66.42286 84.50267 46.54202 176.42 -61.54 -70.58 4.553e+13 9.418e+13 -4.789e+13 0.05313 27.71244 1.0865e+13 1.0865e+13 9.6578e+12 8.4506e+12 6.3380e+12 51.59291 19.49 0.06211 0.93116 0.65169 -31.42498 48.56288 60.90769 0.79536 0.67037 71.52815 -20.98681 3.48315 0.6805 1.571e+13 3.018e+12
139 147 2.3239e+13 500.42 452.58 683.867 273.428 99 94.79643 21.67212 1.28960 -489.80 -327.14 -45.45 4.034e+13 -4.215e+13 6.394e+12 0.00763 273.42798 2.3239e+13 2.4145e+13 1.7505e+13 9.3560e+12 2.7163e+12 76.96432 12.07 0.00892 0.91816 0.44667 116.93109 -50.05567 13.70131 0.57882 0.43730 -8.39718 -35.68328 64.18581 0.5262 2.014e+13 2.746e+13
140 141 3.9235e+12 280.00 234.63 377.969 117.268 98 69.89815 24.54832 8.28450 -40.07 -142.14 -268.44 7.770e+11 2.062e+13 -9.029e+12 0.03172 117.26830 3.9235e+12 4.2253e+12 6.0361e+11 6.0361e+11 0.0000e+00 33.70303 0.00 0.06640 0.41879 0.09009 -3.91748 76.86378 32.59930 0.00000 0.00000 0.00000 0.00000 0.00000 0.7529 8.982e+12 5.433e+12
141 137 2.6559e+13 534.07 526.68 714.994 199.689 98 4.94017 12.48172 10.52826 -156.41 -159.19 -307.63 1.211e+14 1.737e+14 -4.049e+13 0.02223 199.68869 2.6559e+13 2.7163e+13 2.3541e+13 1.2072e+13 5.4325e+12 121.15049 5.14 0.02624 0.65214 0.40640 6.17750 17.49696 130.25188 0.77006 0.64114 -15.38855 12.93663 83.32546 0.5856 2.310e+13 2.807e+13
142 142 1.9316e+13 534.02 469.52 642.986 85.074 96 37.68012 27.17440 50.14986 515.57 -162.42 -149.08 -6.594e+13 6.243e+13 -7.868e+12 0.01881 85.07366 1.9316e+13 1.9316e+13 1.8108e+13 1.4185e+13 5.7343e+12 47.35659 0.00 0.01886 0.71296 0.57599 107.95307 17.07097 12.99507 0.45664 0.35899 93.37673 33.29350 7.99468 0.4967 1.863e+13 1.237e+13
143 143 2.1127e+12 227.14 267.62 307.497 99.606 70 69.77241 85.23660 41.34927 -289.97 58.11 166.28 -1.180e+13 -9.949e+12 -1.724e+13 0.13233 99.60553 2.1127e+12 2.4145e+12 1.8108e+12 0.0000e+00 0.0000e+00 112.63004 68.69 0.19137 0.56120 0.18189 -25.79362 167.66966 -56.60370 0.00000 0.00000 0.00000 0.00000 0.00000 1.5773 4.648e+12 2.414e+12
144 145 2.0825e+13 514.05 489.86 659.312 127.109 94 22.41101 13.79554 29.46115 217.04 -6.39 65.42 -2.157e+14 3.523e+14 -7.600e+12 0.06409 127.10902 2.0825e+13 2.0825e+13 1.9919e+13 9.0542e+12 5.4325e+12 146.84520 0.00 0.07542 0.36175 0.24614 20.43476 -21.10479 132.37599 0.62824 0.47375 11.25886 -17.95080 87.01839 0.5863 1.964e+13 1.720e+13
145 148 2.4145e+12 247.67 182.20 321.493 67.683 91 95.33553 28.21680 70.59007 -56.56 -67.52 -183.73 -5.955e+12 -1.455e+13 1.284e+13 0.07726 67.68262 2.4145e+12 2.4145e+12 2.4145e+12 0.0000e+00 0.0000e+00 49.45954 0.00 0.13439 0.26292 0.03193 -32.99458 -87.59541 144.60519 0.00000 0.00000 0.00000 0.00000 0.00000 0.6136 8.484e+12 1.509e+12
146 153 4.8289e+12 308.88 220.44 405.056 92.549 91 52.29113 25.42993 33.76599 342.26 -0.68 444.46 -2.244e+12 8.243e+12 -2.282e+12 0.01618 92.54897 4.8289e+12 4.8289e+12 4.5271e+12 2.7163e+12 0.0000e+00 3.72834 0.00 0.01844 0.74219 0.61026 174.93164 8.65289 26.33216 0.47561 0.11433 129.07236 69.34338 40.27583 0.4141 7.384e+12 4.527e+12
147 144 3.9235e+12 297.72 255.63 377.969 67.995 90 19.57907 31.75093 65.02168 70.75 -199.71 -134.00 8.799e+12 -4.787e+12 2.200e+13 0.05258 67.99494 3.9235e+12 4.5271e+12 3.6217e+12 2.4145e+12 0.0000e+00 48.74654 0.00 0.07128 0.81265 0.42461 86.68561 -45.09488 33.74437 0.76793 0.32772 -15.62986 72.40840 -41.61408 0.5962 5.761e+12 2.716e+12
148 108 1.9919e+13 506.20 481.75 649.615 125.753 89 57.72346 0.40767 67.17645 282.48 39.55 -24.49 1.330e+14 3.100e+13 1.920e+14 0.03950 125.75281 1.9919e+13 2.0221e+13 1.9014e+13 1.2072e+13 3.6217e+12 20.99001 0.00 0.04631 0.74190 0.54450 66.98234 76.37495 -74.88633 0.32520 0.28466 52.09706 75.39866 0.83907 0.5889 1.904e+13 1.720e+13
149 150 9.0542e+12 371.61 281.38 499.477 146.295 89 45.08984 85.67935 74.40118 217.94 264.11 68.03 3.049e+13 -6.912e+12 -4.337e+13 0.03195 146.29485 9.0542e+12 9.6578e+12 7.8470e+12 1.5090e+12 0.0000e+00 32.25481 0.00 0.03911 0.10577 0.00019 178.76840 12.12125 -167.95181 0.03951 0.00000 -112.76727 117.05351 15.54787 0.4850 1.079e+13 1.056e+13
150 149 1.7505e+13 497.25 493.21 622.230 102.196 89 78.85558 10.18941 62.33204 -123.44 153.22 -17.77 -4.462e+13 3.126e+13 -2.202e+13 0.01204 102.19563 1.7505e+13 1.7807e+13 1.7505e+13 1.0865e+13 4.8289e+12 35.60950 0.00 0.01433 0.62992 0.38281 70.70580 -70.17501 48.24805 0.38864 0.35425 -10.52203 80.63108 -28.60732 0.6250 1.722e+13 1.237e+13
151 158 7.8470e+12 451.87 346.69 476.211 34.720 88 2.81186 12.23810 9.03835 -30.11 -147.27 -106.65 4.253e+13 5.451e+12 -2.061e+13 0.04456 34.71999 7.8470e+12 7.8470e+12 6.6398e+12 5.7343e+12 3.6217e+12 32.67780 39.17 0.04417 0.69957 0.44026 58.07418 6.31830 60.71010 0.55904 0.30702 63.40054 11.06958 51.95319 0.4979 1.074e+13 3.320e+12
152 151 2.1730e+13 607.14 592.18 668.732 58.408 87 46.58875 93.71564 76.09917 247.54 74.32 53.74 4.449e+13 3.849e+13 -9.844e+13 0.01754 58.40821 2.1730e+13 2.2032e+13 2.0523e+13 1.8712e+13 7.5452e+12 38.20649 6.73 0.01950 0.69629 0.43533 92.00400 -21.25138 -77.92804 0.66939 0.41165 81.13385 -34.15257 -66.87218 0.6447 2.588e+13 1.087e+13
153 166 1.5694e+13 528.08 464.56 599.988 60.000 87 54.07947 38.26900 52.70772 -239.68 28.89 -88.54 5.765e+13 2.360e+13 5.421e+13 0.02392 59.99994 1.5694e+13 1.5694e+13 1.4789e+13 1.1469e+13 6.3380e+12 25.35276 0.00 0.02415 0.60275 0.56924 67.29395 30.27000 64.80020 0.37155 0.33264 46.12550 25.62551 69.65527 0.5314 1.556e+13 7.243e+12
154 94 1.5996e+13 478.46 450.01 603.810 104.520 85 65.55779 86.02416 45.18664 230.14 -67.16 67.29 1.382e+14 -3.758e+12 1.635e+13 0.03381 104.52021 1.5996e+13 1.6298e+13 1.5392e+13 9.0542e+12 3.6217e+12 128.48129 0.00 0.03946 0.37088 0.25590 78.55098 -10.14416 106.36992 0.52616 0.21271 53.02356 42.20652 55.93605 0.5833 1.573e+13 1.237e+13
155 206 2.4145e+12 235.33 165.75 321.493 126.989 46 32.55255 16.45038 11.63939 28.78 -61.93 -118.46 1.783e+12 -8.380e+12 7.308e+12 0.03980 126.98919 2.4145e+12 2.7163e+12 6.0361e+11 6.0361e+11 0.0000e+00 105.91756 35.15 0.07456 0.44453 0.00000 -44.96016 60.73137 -8.36506 0.00000 0.00000 0.00000 0.00000 0.00000 0.6248 5.033e+12 5.433e+12
156 155 9.9596e+12 400.53 311.74 515.600 102.018 84 62.31543 75.87749 31.78637 -8.14 75.49 24.87 -3.147e+13 7.220e+12 3.537e+13 0.02629 102.01763 9.9596e+12 9.9596e+12 9.6578e+12 2.7163e+12 0.0000e+00 33.41095 0.00 0.02989 0.54623 0.23272 -16.56967 114.80656 1.45519 0.38757 0.07992 -13.51148 81.60511 -0.44140 0.4782 1.003e+13 8.451e+12
157 154 1.6901e+13 492.63 463.43 614.994 99.575 84 70.31114 25.81454 18.74010 -337.05 -27.46 -140.81 -1.079e+14 -3.175e+13 7.106e+12 0.02548 99.57468 1.6901e+13 1.6901e+13 1.4487e+13 1.1469e+13 3.0181e+12 26.73731 0.00 0.02913 0.64303 0.45234 128.99461 -30.32476 -9.82655 0.92580 0.44078 45.28033 25.34441 73.92274 0.5835 1.558e+13 1.268e+13
158 133 1.0261e+13 402.71 352.74 520.756 106.512 83 41.35342 29.52646 51.11142 270.41 -263.98 -239.86 -3.104e+13 -1.839e+13 3.909e+13 0.02579 106.51221 1.0261e+13 1.0563e+13 9.6578e+12 3.6217e+12 1.5090e+12 79.83794 0.00 0.03158 0.67715 0.25217 -18.70453 147.40234 -5.47745 0.76890 0.11351 -14.92554 81.74017 -40.96027 0.5739 9.847e+12 8.752e+12
159 159 1.8108e+12 230.11 129.98 292.096 52.508 45 66.37033 86.42710 50.83863 -127.15 -35.28 -360.36 2.826e+12 2.750e+12 3.601e+12 0.03678 52.50804 1.8108e+12 1.8108e+12 1.8108e+12 0.0000e+00 0.0000e+00 28.38440 0.00 0.05712 0.55826 0.02279 113.16297 -72.02892 -17.16244 0.00000 0.00000 0.00000 0.00000 0.00000 0.4603 3.297e+12 9.054e+11
160 -1 2.1127e+12 226.47 213.20 307.497 104.773 81 5.50179 14.32914 93.29726 -254.97 -200.19 25.94 6.450e+12 -8.179e+12 -1.525e+12 0.01629 104.77295 2.1127e+12 2.1127e+12 1.5090e+12 0.0000e+00 0.0000e+00 69.99517 70.76 0.08709 0.39903 0.06163 46.98338 -75.39069 183.42847 0.00000 0.00000 0.00000 0.00000 0.00000 1.0441 7.413e+12 3.622e+12
161 173 1.2072e+12 202.88 230.34 255.169 43.239 79 69.07679 77.03199 48.01233 -80.39 -12.77 -185.52 3.199e+12 -4.484e+12 8.856e+11 0.08960 43.23893 1.2072e+12 1.2072e+12 1.2072e+12 0.0000e+00 0.0000e+00 58.82680 0.00 0.11728 0.72840 0.17612 105.87859 -11.58232 18.37641 0.00000 0.00000 0.00000 0.00000 0.00000 1.9869 5.753e+12 6.036e+11
162 160 1.0563e+13 515.31 446.00 525.812 33.829 79 74.92946 57.65545 50.54575 -661.82 198.32 53.29 1.005e+14 -8.630e+13 -4.293e+13 0.08018 33.82890 1.0865e+13 1.0563e+13 9.6578e+12 8.7524e+12 5.4325e+12 35.64280 18.64 0.07878 0.53664 0.27934 -36.53430 82.04615 -46.31141 0.43435 0.25243 -19.30828 78.94875 -54.92960 0.5575 1.348e+13 4.527e+12
163 167 9.9596e+12 453.38 353.04 515.600 51.778 76 50.58411 63.66890 14.90615 179.52 -15.77 239.29 1.879e+12 -4.773e+13 7.603e+12 0.03078 51.77797 9.9596e+12 1.0261e+13 8.1488e+12 7.2434e+12 3.3199e+12 42.82091 11.08 0.03019 0.63822 0.32950 20.50950 69.63264 -35.37401 0.38712 0.25881 23.62336 62.06306 -25.94770 0.4615 1.024e+13 4.829e+12
164 170 1.4487e+13 429.01 382.70 584.191 211.115 75 61.56511 41.49513 68.11678 -69.41 -250.45 -323.71 -1.424e+14 1.001e+14 -2.319e+13 0.04990 211.11513 1.4487e+13 1.5090e+13 1.1770e+13 4.2253e+12 2.4145e+12 89.93410 0.00 0.05869 0.61605 0.34079 93.94044 60.76168 -41.19876 0.60839 0.45791 -1.98374 18.08777 52.76567 0.5221 1.284e+13 1.690e+13
165 171 9.0542e+11 175.43 247.77 231.836 56.715 75 44.31001 20.59464 41.95248 51.32 -150.67 295.06 -3.079e+12 -4.937e+11 3.446e+12 0.22406 56.71517 9.0542e+11 9.0542e+11 0.0000e+00 0.0000e+00 0.0000e+00 53.11401 206.98 0.15780 0.00000 0.00000 0.00000 0.00000 0.00000 0.00000 0.00000 0.00000 0.00000 0.00000 8.7752 6.488e+12 9.054e+11
166 168 4.2253e+12 292.03 228.69 387.422 98.314 30 90.79904 12.26368 8.62932 37.19 70.30 -213.67 7.996e+12 -2.929e+13 -6.450e+12 0.05247 98.31351 4.2253e+12 4.2253e+12 1.5090e+12 0.0000e+00 0.0000e+00 98.08560 0.00 0.08087 0.50820 0.22123 70.91708 188.96263 51.87477 0.00000 0.00000 0.00000 0.00000 0.00000 0.5812 4.117e+12 4.225e+12
167 163 3.6217e+12 280.04 235.50 368.017 85.624 74 22.12491 12.56858 44.08220 163.31 12.05 -139.79 3.467e+13 -1.978e+13 -7.661e+12 0.08121 85.62392 3.6217e+12 3.9235e+12 3.0181e+12 6.0361e+11 0.0000e+00 72.79599 0.00 0.13693 0.82125 0.07455 36.97901 150.60185 -20.57685 0.00000 0.00000 0.00000 0.00000 0.00000 0.6723 5.195e+12 3.622e+12
168 161 9.3560e+12 416.04 364.33 504.966 69.704 73 49.10180 54.08217 37.90059 573.54 -92.68 202.68 1.374e+13 -1.688e+13 1.918e+13 0.01809 69.70388 9.3560e+12 9.6578e+12 8.4506e+12 6.6398e+12 3.0181e+12 29.35429 16.58 0.02010 0.90678 0.65240 -35.55443 80.67740 -30.36681 0.89173 0.52341 -45.32951 -3.28340 61.88882 0.5578 9.371e+12 6.036e+12
169 165 1.2676e+13 432.30 384.72 558.759 113.881 73 20.52188 12.64695 44.64808 371.66 55.98 -91.09 -7.119e+13 8.114e+13 -9.438e+13 0.04869 113.88058 1.2676e+13 1.3883e+13 9.6578e+12 7.8470e+12 0.0000e+00 41.37426 0.00 0.05987 0.92223 0.29514 125.98341 -2.95911 -54.81152 0.23330 0.06546 102.99462 60.37961 -26.48015 0.5814 1.233e+13 9.658e+12
170 146 7.2434e+12 353.11 288.00 463.673 107.131 71 56.50681 55.57016 25.28813 -94.56 -124.40 198.10 -1.881e+11 2.563e+10 8.350e+12 0.00735 107.13093 7.2434e+12 7.2434e+12 6.0361e+12 3.6217e+12 0.0000e+00 61.32097 4.47 0.00886 0.46865 0.14601 41.92873 101.37001 57.04777 0.57388 0.38364 40.55566 143.57933 16.78004 0.5185 9.100e+12 6.640e+12
171 172 6.3380e+12 332.81 177.28 443.487 117.713 70 92.90180 97.84293 13.41796 130.27 329.87 60.06 -4.521e+11 4.355e+12 4.141e+13 0.05102 117.71342 6.3380e+12 7.2434e+12 3.6217e+12 9.0542e+11 0.0000e+00 33.44531 24.06 0.05520 0.51173 0.03952 68.64754 80.85334 5.88282 0.60075 0.34310 -36.75087 13.19457 52.31794 0.2641 7.730e+12 6.942e+12
172 162 1.6298e+13 522.28 476.99 607.583 67.759 70 85.59227 71.26919 10.03600 -289.62 213.73 111.20 4.794e+13 1.105e+14 5.988e+13 0.03469 67.75896 1.6298e+13 1.6901e+13 1.5694e+13 1.0865e+13 5.1307e+12 60.24527 0.00 0.03694 0.73063 0.48049 23.92111 85.06072 -59.33900 0.44146 0.38616 13.35479 60.85727 -57.49145 0.5616 1.653e+13 8.149e+12
173 164 6.0361e+12 333.35 185.52 436.333 98.156 69 71.93509 64.59406 52.21147 4.41 -179.64 -629.64 1.037e+13 -2.516e+13 1.056e+13 0.04212 98.15619 6.9416e+12 6.0361e+12 4.5271e+12 2.1127e+12 0.0000e+00 15.26091 97.56 0.04197 0.66982 0.10963 88.91084 -71.49033 -49.96598 0.64360 0.00000 -15.62029 18.84898 73.71894 0.2899 6.091e+12 5.734e+12
174 157 7.8470e+12 352.34 281.85 476.211 150.475 68 25.77176 38.46240 29.20004 221.84 -190.78 105.31 -4.005e+12 -4.135e+13 -1.210e+12 0.02842 150.47543 7.8470e+12 8.1488e+12 4.8289e+12 1.2072e+12 0.0000e+00 27.83005 0.00 0.03859 0.25887 0.05706 -101.56607 169.64867 -21.67900 0.79736 0.31268 -44.72012 63.65653 72.40637 0.5536 9.026e+12 1.056e+13
175 174 1.0261e+13 476.31 382.35 520.756 44.084 67 70.04901 82.88807 12.58889 -73.52 112.80 236.46 -1.343e+13 -5.635e+13 1.311e+13 0.03595 44.08426 1.0261e+13 1.0261e+13 8.7524e+12 8.1488e+12 3.9235e+12 27.02997 19.10 0.03527 0.27526 0.24935 -17.20530 90.35448 25.75335 0.28590 0.24556 -17.95718 90.03989 25.27846 0.4934 1.111e+13 4.527e+12
176 180 3.6217e+12 283.30 183.18 368.017 77.903 66 0.28693 22.27198 80.16460 9.77 -585.75 -358.77 -6.586e+12 -7.530e+12 5.602e+12 0.03410 77.90330 3.6217e+12 3.9235e+12 3.0181e+12 1.8108e+12 0.0000e+00 89.03183 29.55 0.03863 0.37556 0.14931 30.99321 110.43862 -86.11965 0.00000 0.00000 27.29469 52.51884 11.62720 0.3880 3.571e+12 3.018e+12
177 44 3.3199e+12 261.75 236.94 357.497 140.075 66 46.27687 31.53568 47.01296 293.10 -604.40 -41.06 -3.206e+12 -2.662e+11 2.624e+13 0.04449 140.07457 3.3199e+12 3.3199e+12 2.1127e+12 6.0361e+11 0.0000e+00 71.75954 53.21 0.10297 0.71461 0.51848 139.17143 132.40611 -28.50109 0.00000 0.00000 0.00000 0.00000 0.00000 0.8112 5.170e+12 4.225e+12
178 107 6.6398e+12 510.69 348.98 450.418 17.321 65 59.23928 0.67178 63.15475 199.21 12.97 154.80 4.203e+13 2.243e+13 -1.314e+13 0.06361 17.32064 6.6398e+12 6.6398e+12 6.6398e+12 4.8289e+12 3.6217e+12 34.46856 0.00 0.06062 0.56410 0.44540 65.31065 27.92165 17.92140 0.65998 0.49550 57.74018 17.37741 3.88786 0.5017 1.121e+13 2.414e+12
179 177 1.2072e+12 188.69 72.08 255.169 81.290 65 66.06713 49.92768 47.72591 0.81 -55.01 0.90 2.939e+12 -1.258e+12 -2.991e+12 0.05475 81.28988 1.2072e+12 3.0181e+12 9.0542e+11 0.0000e+00 0.0000e+00 78.01943 27.07 0.09204 0.26803 0.00000 81.75512 108.15591 109.97280 0.00000 0.00000 0.00000 0.00000 0.00000 0.2868 4.630e+12 1.509e+12
180 182 9.3560e+12 491.02 361.73 504.966 33.473 64 53.36251 20.69007 33.27515 -79.03 258.72 280.50 -1.664e+13 -3.078e+13 2.782e+13 0.02981 33.47307 9.3560e+12 9.9596e+12 7.5452e+12 5.7343e+12 3.9235e+12 61.17342 0.00 0.03096 0.43069 0.36538 -28.66602 62.50832 -25.54471 0.38089 0.29998 -17.38599 60.31721 -20.53912 0.5195 1.088e+13 3.320e+12
181 181 6.6398e+12 334.99 250.17 450.418 132.527 64 46.83868 28.10000 68.34982 -2.90 34.53 -93.37 5.584e+12 4.553e+12 -3.324e+12 0.00787 132.52748 6.6398e+12 6.6398e+12 5.1307e+12 1.8108e+12 0.0000e+00 107.85754 0.00 0.00973 0.47507 0.05389 -49.89169 151.13737 114.06187 0.58327 0.19117 -35.46584 -10.75702 101.10399 0.4813 5.905e+12 7.243e+12
182 176 1.2374e+13 508.23 451.10 554.289 46.445 64 23.55241 31.91714 54.51754 166.82 -82.60 9.56 5.417e+13 -3.930e+13 9.275e+11 0.02796 46.44534 1.2374e+13 1.3581e+13 1.2374e+13 1.0865e+13 2.4145e+12 31.02905 0.00 0.02909 0.63274 0.31164 55.81775 -7.88869 93.40485 0.47701 0.14497 66.31812 16.89621 97.66216 0.5749 1.556e+13 5.433e+12
183 185 3.0181e+12 254.07 200.57 346.318 128.222 62 87.49388 48.82233 54.56445 -104.01 -248.51 287.42 -4.111e+12 9.977e+10 -2.140e+13 0.06172 128.22154 3.0181e+12 3.0181e+12 2.1127e+12 0.0000e+00 0.0000e+00 54.56766 12.34 0.09947 0.39948 0.19247 -156.80823 185.75305 -3.60102 0.00000 0.00000 0.00000 0.00000 0.00000 0.5810 6.409e+12 5.433e+12
184 178 1.1770e+13 493.15 421.40 545.125 48.341 61 0.65714 94.48036 15.31859 -285.56 512.31 -181.23 -7.231e+13 5.568e+13 3.063e+13 0.04267 48.34054 1.1770e+13 1.1770e+13 1.0563e+13 8.7524e+12 4.2253e+12 33.32128 0.00 0.04548 0.76725 0.59508 10.96377 80.98348 -44.33544 0.67067 0.32922 -4.53068 89.10603 -21.32684 0.5628 1.317e+13 5.734e+12
185 187 1.2374e+13 512.36 455.32 554.289 44.913 58 99.09473 17.62603 78.79857 -37.03 326.41 177.09 6.751e+13 3.100e+13 -3.522e+13 0.03415 44.91319 1.2374e+13 1.2374e+13 1.2072e+13 9.9596e+12 3.9235e+12 21.18670 13.22 0.03573 0.83445 0.71577 54.40231 79.25485 8.07824 0.55647 0.41905 25.27841 69.93729 49.94449 0.5771 1.442e+13 4.829e+12
186 193 6.0361e+11 152.00 0.00 202.528 53.706 58 62.81264 26.87923 87.67981 186.33 -111.33 13.79 1.520e+10 1.070e+12 1.623e+12 0.07640 53.70596 6.0361e+11 6.0361e+11 0.0000e+00 0.0000e+00 0.0000e+00 153.91147 74.60 0.12978 0.00000 0.00000 0.00000 0.00000 0.00000 0.00000 0.00000 0.00000 0.00000 0.00000 0.0000 3.478e+12 6.036e+11
187 192 9.0542e+11 171.92 35.74 231.836 70.886 57 53.12325 90.82172 67.69395 73.64 232.62 42.95 1.914e+11 -1.429e+12 6.597e+10 0.01586 70.88598 9.0542e+11 1.2072e+12 3.0181e+11 0.0000e+00 0.0000e+00 80.08033 56.63 0.04901 0.00000 0.00000 0.00000 0.00000 0.00000 0.00000 0.00000 0.00000 0.00000 0.00000 0.5545 5.945e+12 1.207e+12
188 186 5.4325e+12 323.86 252.70 421.275 90.118 57 68.98793 90.00820 12.56163 43.13 204.45 253.70 6.354e+12 1.206e+13 1.940e+13 0.03339 90.11839 5.4325e+12 5.7343e+12 4.5271e+12 2.4145e+12 0.0000e+00 32.14955 35.75 0.04064 0.74175 0.32958 -3.68901 15.50265 121.17640 0.42205 0.00797 42.70226 -2.51213 76.78261 0.5135 5.667e+12 4.527e+12
189 190 1.8108e+12 219.47 147.08 292.096 76.529 56 76.56731 30.21572 59.31738 -57.75 178.79 54.90 -6.717e+12 -8.984e+11 -6.844e+11 0.03852 76.52916 1.8108e+12 1.8108e+12 1.5090e+12 3.0181e+11 0.0000e+00 77.90578 25.26 0.07285 0.58049 0.16849 81.01216 72.69382 149.41476 0.00000 0.00000 0.00000 0.00000 0.00000 0.6059 4.795e+12 1.811e+12
190 179 1.3280e+13 474.67 424.44 567.491 72.386 56 57.07007 48.60408 16.64241 -22.30 -196.41 273.74 -3.026e+12 -3.557e+13 3.771e+13 0.01750 72.38641 1.3280e+13 1.3883e+13 1.2374e+13 1.0261e+13 3.0181e+12 51.79959 0.00 0.02006 0.40172 0.19651 -38.76349 86.42207 -67.98462 0.48862 0.02710 -39.88412 63.95959 -43.43301 0.5856 1.371e+13 7.847e+12
191 183 1.8108e+12 219.92 203.00 292.096 74.969 53 98.16904 98.35265 10.87512 37.19 370.13 75.00 -9.791e+12 -8.604e+11 -5.882e+12 0.01748 74.96923 1.8108e+12 1.8108e+12 1.2072e+12 0.0000e+00 0.0000e+00 33.10413 32.47 0.12251 0.25436 0.00000 -30.45684 -6.23618 162.08904 0.00000 0.00000 0.00000 0.00000 0.00000 0.9753 3.516e+12 1.811e+12
192 208 6.9416e+12 363.90 272.17 457.141 76.904 53 73.29767 80.79263 18.49401 -315.65 95.18 -53.56 -1.147e+13 9.682e+12 -9.811e+12 0.01815 76.90383 6.9416e+12 6.9416e+12 6.0361e+12 2.4145e+12 1.2072e+12 13.43250 0.00 0.02042 0.94476 0.69688 68.68217 70.90508 -17.44386 0.49564 0.18154 -7.67437 57.05370 50.66396 0.4687 6.818e+12 5.131e+12
193 195 6.0361e+12 325.52 262.38 436.333 123.613 53 40.90516 89.08549 98.40752 220.71 102.26 -8.70 9.710e+13 -2.957e+11 -2.473e+13 0.11073 123.61333 6.0361e+12 6.0361e+12 3.0181e+12 2.4145e+12 0.0000e+00 35.38323 0.00 0.14408 0.28092 0.23136 44.08603 62.50298 87.71478 0.38411 0.20817 25.30835 56.28819 47.34756 0.5376 5.402e+12 6.640e+12
194 194 1.0563e+13 543.08 450.55 525.812 27.879 53 47.27874 44.98524 77.52923 -65.35 -283.42 -69.76 -3.757e+13 8.075e+12 -5.979e+13 0.04111 27.87915 1.0563e+13 1.2072e+13 9.3560e+12 8.4506e+12 5.7343e+12 41.56366 8.64 0.04022 0.93630 0.76193 56.12073 -29.22710 -30.43612 0.81832 0.65477 50.22857 2.84192 -42.44784 0.5663 1.483e+13 3.923e+12
195 196 9.0542e+11 213.01 126.32 231.836 19.259 52 32.71207 60.61396 4.36405 312.74 68.25 97.74 2.154e+12 -1.028e+12 2.621e+12 0.04356 19.25884 9.0542e+11 1.5090e+12 9.0542e+11 6.0361e+11 0.0000e+00 11.81884 0.00 0.12037 0.00000 0.00000 0.00000 0.00000 0.00000 0.00000 0.00000 0.00000 0.00000 0.00000 0.7518 3.772e+12 0.000e+00
196 198 1.2072e+12 189.92 135.38 255.169 74.366 52 87.74225 24.48708 33.87915 -191.57 -261.68 26.72 5.662e+12 3.412e+12 5.045e+11 0.02686 74.36572 1.2072e+12 1.2072e+12 3.0181e+11 3.0181e+11 0.0000e+00 125.88692 22.96 0.13937 0.41318 0.32589 27.92835 27.92585 158.92702 0.00000 0.00000 0.00000 0.00000 0.00000 0.9156 4.764e+12 1.207e+12
197 8 2.7163e+12 245.81 179.83 334.366 118.032 52 66.71887 5.13881 30.54250 303.43 -11.23 -182.33 -7.814e+12 2.260e+13 -2.147e+12 0.07456 118.03220 2.7163e+12 2.7163e+12 1.5090e+12 3.0181e+11 0.0000e+00 46.61020 68.10 0.13066 0.18954 0.12346 -124.37689 -22.94035 205.34785 0.00000 0.00000 0.00000 0.00000 0.00000 0.6354 4.727e+12 4.527e+12
198 199 5.7343e+12 315.05 229.95 428.936 154.419 51 53.07240 66.24772 18.47840 187.60 -114.40 79.60 -9.102e+12 5.481e+12 2.988e+13 0.04185 154.41859 5.7343e+12 5.7343e+12 4.5271e+12 1.8108e+12 0.0000e+00 27.43172 14.00 0.04967 0.69073 0.09080 12.96842 -25.64881 120.47218 0.24267 0.00000 29.23986 37.46861 60.89927 0.4360 6.610e+12 8.451e+12
199 -1 3.9235e+12 276.40 347.35 377.969 155.329 49 59.59204 32.49065 30.92828 -508.83 -721.72 202.09 6.514e+13 -3.261e+13 6.911e+13 0.22459 155.32890 4.2253e+12 4.2253e+12 0.0000e+00 0.0000e+00 0.0000e+00 71.03656 51.19 0.29605 0.30722 0.13900 134.01091 129.45868 -76.17490 0.00000 0.00000 0.00000 0.00000 0.00000 1.6436 5.292e+12 6.942e+12
200 209 9.9596e+12 526.08 424.23 515.600 28.566 46 72.22449 79.11935 17.33852 -249.54 222.43 88.05 1.284e+13 -1.154e+13 -9.073e+12 0.01224 28.56614 9.9596e+12 1.0563e+13 9.9596e+12 8.1488e+12 5.7343e+12 64.25288 0.00 0.01217 0.78743 0.54972 2.09048 74.72287 34.93615 0.78572 0.46483 17.46609 65.32215 24.22375 0.5540 1.387e+13 3.018e+12
201 204 4.8289e+12 337.70 233.31 405.056 52.541 45 73.63676 32.30091 55.77557 -160.67 15.22 204.48 -4.023e+13 7.003e+12 -3.850e+12 0.07808 52.54063 4.8289e+12 5.4325e+12 4.8289e+12 2.1127e+12 0.0000e+00 29.39666 0.00 0.08555 0.80604 0.28923 23.31709 16.39032 131.35701 0.56970 0.01975 66.60735 45.30933 62.24795 0.4217 6.291e+12 2.113e+12
202 201 9.0542e+11 172.23 42.39 231.836 69.229 45 43.59333 37.59571 75.85500 68.47 -272.80 -28.69 -2.156e+12 5.082e+12 2.077e+12 0.03171 69.22891 9.0542e+11 1.2072e+12 6.0361e+11 0.0000e+00 0.0000e+00 130.89633 111.02 0.20029 0.00000 0.00000 0.00000 0.00000 0.00000 0.00000 0.00000 0.00000 0.00000 0.00000 1.0862 3.183e+12 1.207e+12
203 191 5.4325e+12 342.95 227.69 421.275 62.114 44 21.60127 0.23034 36.34980 87.07 466.20 7.02 2.504e+13 1.328e+13 6.666e+12 0.04894 62.11354 5.4325e+12 5.7343e+12 5.1307e+12 3.9235e+12 0.0000e+00 28.55042 0.00 0.04990 0.68698 0.16240 123.82000 32.99983 62.58578 0.25659 0.14144 97.75001 18.58780 66.17259 0.3626 5.480e+12 3.923e+12
204 97 1.5090e+12 237.08 386.69 274.873 30.167 43 86.56296 14.40738 99.80727 -136.62 154.01 169.98 4.737e+12 -4.853e+12 9.554e+12 0.27873 30.16721 2.4145e+12 1.5090e+12 1.2072e+12 9.0542e+11 0.0000e+00 33.22401 179.98 0.16980 0.31012 0.16405 119.40857 44.73443 -4.04937 0.83497 0.41678 55.51260 47.60115 -14.37298 3.8959 2.563e+12 9.054e+11
205 210 5.4325e+12 344.08 254.27 421.275 60.977 43 31.10292 65.37040 14.06687 258.48 -32.97 -49.05 2.842e+12 -1.880e+12 -9.156e+11 0.00593 60.97685 5.4325e+12 5.7343e+12 5.4325e+12 3.9235e+12 1.2072e+12 13.23842 0.00 0.00605 0.81951 0.48082 6.72115 18.16365 99.07664 0.57812 0.14012 44.37206 39.98735 69.18990 0.4097 5.526e+12 3.622e+12
206 188 8.7524e+12 463.78 350.12 493.864 37.529 43 2.94435 98.43666 2.02060 -61.91 820.63 43.42 4.892e+13 -6.052e+12 -4.129e+13 0.05190 37.52855 9.0542e+12 8.7524e+12 8.4506e+12 5.1307e+12 3.6217e+12 53.04346 21.94 0.04978 0.43140 0.30735 59.59225 -33.47790 30.38311 0.42225 0.10212 46.54789 -35.66324 29.98315 0.4616 9.248e+12 3.622e+12
207 14 9.0542e+11 202.71 95.74 231.836 23.883 43 18.78667 11.38568 3.89116 203.38 -430.81 -225.91 -1.622e+12 1.345e+12 1.118e+12 0.03485 23.88346 9.0542e+11 3.0181e+12 9.0542e+11 0.0000e+00 0.0000e+00 62.16595 0.00 0.08100 0.00000 0.00000 0.00000 0.00000 0.00000 0.00000 0.00000 0.00000 0.00000 0.00000 0.4994 4.133e+12 0.000e+00
208 205 8.1488e+12 540.08 428.44 482.239 19.321 42 24.49568 61.63823 35.84176 261.87 -26.01 83.13 1.307e+12 -2.023e+12 -6.134e+12 0.00615 19.32069 8.1488e+12 8.4506e+12 7.2434e+12 6.6398e+12 5.4325e+12 49.15245 0.00 0.00575 0.77896 0.58076 60.96196 -24.56882 -5.21329 0.77501 0.51814 59.07891 -17.40354 -4.45371 0.5580 1.411e+13 3.622e+12
209 241 4.5271e+12 294.55 232.07 396.435 118.139 42 52.68736 40.80662 54.98796 182.99 -404.73 182.78 -6.468e+13 -4.169e+13 2.362e+13 0.12193 118.13925 4.5271e+12 4.5271e+12 2.1127e+12 6.0361e+11 0.0000e+00 38.07552 14.00 0.18695 0.15698 0.08724 27.08787 -19.30676 164.55779 0.00000 0.00000 0.00000 0.00000 0.00000 0.5929 4.160e+12 5.131e+12
210 211 4.8289e+12 320.60 212.32 405.056 70.637 42 67.79901 31.61863 51.00046 -92.87 37.99 46.57 -7.894e+12 -2.624e+12 -1.591e+13 0.03091 70.63728 4.8289e+12 4.8289e+12 4.8289e+12 3.0181e+11 0.0000e+00 39.61189 0.00 0.03744 0.32266 0.01323 74.60443 85.39613 106.61788 0.00000 0.00000 0.00000 0.00000 0.00000 0.4339 5.254e+12 3.018e+12
211 213 6.6398e+12 332.94 266.74 450.418 144.387 40 15.60037 32.36865 65.49705 -15.11 -204.58 -47.66 3.966e+12 2.002e+13 2.516e+13 0.03276 144.38727 6.6398e+12 7.2434e+12 4.2253e+12 3.3199e+12 0.0000e+00 50.11795 0.00 0.03974 0.51551 0.22804 -69.67385 40.44263 112.70255 0.70429 0.13107 -67.45522 7.20963 72.21895 0.4960 6.900e+12 9.054e+12
212 215 1.2072e+12 257.13 144.44 255.169 14.796 39 88.61816 29.86431 99.11705 -240.90 -734.90 151.74 8.046e+11 1.208e+12 1.224e+12 0.02305 14.79610 1.2072e+12 1.2072e+12 1.2072e+12 1.2072e+12 0.0000e+00 59.97729 0.00 0.03991 0.73189 0.59893 27.99971 49.97966 -37.42213 0.86361 0.52765 -17.15082 47.73640 52.71131 0.5907 3.289e+12 0.000e+00
213 220 1.2072e+12 192.09 72.29 255.169 65.587 39 59.01660 3.27301 78.04665 64.87 145.19 -142.66 1.624e+12 -1.941e+12 3.127e+12 0.04229 65.58656 1.2072e+12 1.2072e+12 3.0181e+11 0.0000e+00 0.0000e+00 117.59048 40.29 0.08456 0.00000 0.00000 -37.56714 102.04292 91.58325 0.00000 0.00000 0.00000 0.00000 0.00000 0.4360 5.710e+12 1.207e+12
214 207 8.4506e+12 531.18 420.37 488.121 21.556 39 38.34326 35.11656 67.26239 241.35 -379.66 -154.20 -1.642e+13 -2.369e+13 2.014e+13 0.03086 21.55582 8.4506e+12 8.4506e+12 8.1488e+12 7.8470e+12 4.2253e+12 28.64245 0.00 0.02885 0.46558 0.21199 75.86620 5.09477 61.33056 0.35565 0.11503 81.41888 1.59647 60.63700 0.5446 1.507e+13 1.811e+12
215 217 1.8108e+12 215.95 77.41 292.096 93.391 38 67.26920 60.72512 43.67100 8.48 136.15 275.39 2.228e+12 -3.432e+12 -3.432e+12 0.04281 93.39084 1.8108e+12 1.8108e+12 9.0542e+11 3.0181e+11 0.0000e+00 69.82671 62.83 0.05712 0.00000 0.00000 82.29828 63.92670 -1.89209 0.00000 0.00000 0.00000 0.00000 0.00000 0.2355 3.202e+12 1.811e+12
216 216 9.0542e+11 213.01 144.90 231.836 19.259 37 72.53211 93.43623 37.97844 -300.79 120.21 -111.76 2.781e+12 -2.177e+12 -3.367e+11 0.08393 19.25884 9.0542e+11 9.0542e+11 6.0361e+11 6.0361e+11 0.0000e+00 63.18321 144.90 0.12046 0.00000 0.00000 0.00000 0.00000 0.00000 0.00000 0.00000 0.00000 0.00000 0.00000 1.9203 2.688e+12 0.000e+00
217 218 5.4325e+12 315.21 234.41 421.275 115.417 37 59.01138 41.98899 13.21677 -16.29 -251.00 247.89 9.329e+12 -3.150e+13 -1.822e+12 0.04355 115.41735 5.4325e+12 5.4325e+12 4.2253e+12 1.2072e+12 0.0000e+00 51.45130 0.00 0.05639 0.60141 0.02019 -36.44894 90.43613 96.56477 0.76213 0.27902 -44.91449 -3.97735 98.18156 0.5046 6.016e+12 5.734e+12
218 221 4.2253e+12 341.99 204.87 387.422 38.237 37 15.09117 47.47333 54.11280 -130.39 -300.13 1.89 1.950e+13 -1.247e+13 1.913e+13 0.08408 38.23750 4.2253e+12 4.2253e+12 4.2253e+12 3.3199e+12 1.2072e+12 20.62186 0.00 0.07824 0.94261 0.16320 40.23797 82.95580 -21.57753 0.42310 0.02758 52.24720 72.35954 11.74523 0.2966 5.335e+12 1.509e+12
219 175 4.5271e+12 290.86 202.01 396.435 146.425 36 47.89575 61.32095 69.20627 54.77 20.87 -108.54 1.297e+13 2.765e+13 -1.411e+13 0.05437 146.42500 4.5271e+12 4.5271e+12 1.5090e+12 6.0361e+11 0.0000e+00 60.17515 27.91 0.07814 0.24877 0.00630 -48.84077 122.38112 17.74105 0.00000 0.00000 0.00000 0.00000 0.00000 0.5214 5.580e+12 7.545e+12
220 222 7.5452e+12 363.15 266.51 470.025 96.793 36 7.67211 87.58859 39.64770 -90.13 347.71 -71.94 -1.493e+13 5.302e+12 1.085e+13 0.01774 96.79313 7.5452e+12 7.5452e+12 5.7343e+12 3.9235e+12 0.0000e+00 81.46032 11.23 0.01903 0.67478 0.25325 9.65249 40.91718 90.40289 0.68117 0.23099 -39.67397 35.85516 64.58904 0.4269 6.511e+12 5.734e+12
221 -1 6.0361e+11 178.08 0.00 202.528 20.341 36 48.85923 10.99150 29.04492 188.00 390.63 145.26 0.000e+00 0.000e+00 0.000e+00 0.00000 20.34063 6.0361e+11 6.0361e+11 6.0361e+11 0.0000e+00 0.0000e+00 131.33334 0.00 0.00000 0.00000 0.00000 0.00000 0.00000 0.00000 0.00000 0.00000 0.00000 0.00000 0.00000 0.0000 2.752e+12 0.000e+00
222 214 2.1127e+12 245.84 138.82 307.497 50.375 36 4.00291 22.84111 10.96367 -102.37 -523.00 -137.16 -9.648e+11 -6.362e+11 3.784e+12 0.02443 50.37548 2.1127e+12 2.1127e+12 1.8108e+12 0.0000e+00 0.0000e+00 92.18758 0.00 0.03273 0.59589 0.23167 160.44904 -2.75214 -28.01817 0.00000 0.00000 0.00000 0.00000 0.00000 0.3872 3.916e+12 9.054e+11
223 219 5.4325e+12 341.64 262.68 421.275 63.471 34 76.71803 96.86455 62.73151 -288.23 252.66 -87.00 1.589e+13 3.721e+13 -1.512e+13 0.06547 63.47136 5.4325e+12 5.4325e+12 5.4325e+12 3.0181e+12 0.0000e+00 40.85959 0.00 0.07403 0.19660 0.04602 72.73563 49.87135 39.38268 0.38146 0.31376 69.57523 48.75593 35.49201 0.4893 5.283e+12 3.320e+12
224 232 3.9235e+12 284.90 195.59 377.969 95.922 34 17.58599 31.99526 65.32660 5.17 -151.84 -175.48 4.251e+12 -3.791e+13 1.040e+12 0.09461 95.92178 3.9235e+12 4.2253e+12 3.0181e+12 1.8108e+12 0.0000e+00 121.33768 0.00 0.11251 0.41419 0.29190 -44.82595 -90.78155 100.42406 0.48716 0.24681 -33.96741 -43.95203 99.15373 0.3916 4.520e+12 3.923e+12
225 212 9.0542e+11 179.31 103.93 231.836 47.367 33 40.57986 93.04184 97.57892 155.55 201.36 73.65 -2.849e+12 -2.595e+12 -3.660e+12 0.09584 47.36663 9.0542e+11 1.5090e+12 9.0542e+11 0.0000e+00 0.0000e+00 114.35796 98.17 0.18047 0.00000 0.00000 0.00000 0.00000 0.00000 0.00000 0.00000 0.00000 0.00000 0.00000 2.1196 2.614e+12 3.018e+11
226 228 6.9416e+12 465.36 339.35 457.141 25.540 33 28.21800 58.73682 33.45330 192.72 -16.89 49.98 -2.155e+13 4.546e+11 -2.512e+13 0.03959 25.54036 6.9416e+12 6.9416e+12 6.3380e+12 5.1307e+12 3.6217e+12 58.60075 11.16 0.03770 0.78091 0.37491 33.83239 70.30582 -32.00581 0.86996 0.54659 29.61757 43.30214 -41.14684 0.4827 9.311e+12 2.716e+12
227 231 1.5090e+12 201.39 131.29 274.873 105.406 33 70.70470 12.35791 66.62264 -41.71 122.10 60.67 4.129e+11 5.232e+12 2.636e+12 0.03535 105.40597 1.5090e+12 1.8108e+12 3.0181e+11 0.0000e+00 0.0000e+00 178.54117 55.93 0.08512 0.33889 0.11625 41.87803 28.36057 196.49184 0.00000 0.00000 0.00000 0.00000 0.00000 0.6867 2.371e+12 2.414e+12
228 200 9.0542e+11 188.43 51.76 231.836 34.486 32 70.09295 74.37120 18.24644 -294.78 232.19 -19.32 1.661e+11 -1.801e+12 9.584e+11 0.03645 34.48635 9.0542e+11 1.5090e+12 6.0361e+11 6.0361e+11 0.0000e+00 79.74793 51.76 0.06952 0.00000 0.00000 0.00000 0.00000 0.00000 0.00000 0.00000 0.00000 0.00000 0.00000 0.3342 3.721e+12 6.036e+11
229 -1 1.5090e+12 260.89 102.01 274.873 20.021 32 47.72689 61.37009 19.12713 362.69 23.97 77.90 5.229e+12 2.412e+12 7.253e+11 0.06727 20.02109 1.5090e+12 1.5090e+12 9.0542e+11 9.0542e+11 0.0000e+00 61.51124 62.38 0.08412 0.46203 0.10048 46.93242 35.32030 -6.68726 0.46957 0.09986 47.92448 34.38627 -3.83530 0.3155 2.735e+12 9.054e+11
230 227 2.7163e+12 247.70 151.55 334.366 103.759 32 78.68378 19.96094 71.32593 -120.69 167.37 24.52 8.845e+12 7.751e+12 1.978e+13 0.07674 103.75925 2.7163e+12 2.7163e+12 6.0361e+11 3.0181e+11 0.0000e+00 100.80112 58.30 0.12523 0.28633 0.00000 -88.44579 180.82973 18.71659 0.00000 0.00000 0.00000 0.00000 0.00000 0.5464 3.138e+12 2.716e+12
231 234 6.0361e+12 344.73 253.57 436.333 76.979 31 49.04060 63.08935 0.68370 6.56 12.13 119.24 -2.420e+13 -2.334e+11 3.505e+13 0.05463 76.97941 6.0361e+12 6.0361e+12 4.8289e+12 3.9235e+12 0.0000e+00 10.14764 25.05 0.06125 0.64138 0.51945 -15.06141 -77.81715 98.05061 0.69449 0.24278 12.26029 -22.24856 114.24395 0.4476 5.374e+12 4.527e+12
232 229 2.4145e+12 251.79 177.78 321.493 60.095 31 47.51362 22.41270 48.26065 -194.99 132.33 -478.41 -3.643e+12 -6.869e+12 -5.075e+12 0.03194 60.09519 2.4145e+12 2.4145e+12 2.4145e+12 3.0181e+11 0.0000e+00 33.78515 0.00 0.06148 0.48846 0.18423 -83.76537 -37.78537 131.83066 0.00000 0.00000 0.00000 0.00000 0.00000 0.6823 4.389e+12 9.054e+11
233 239 9.0542e+11 171.47 107.02 231.836 73.614 30 99.49412 17.87836 86.46891 57.29 -40.55 -9.62 3.038e+12 -2.259e+12 -3.882e+11 0.07690 73.61409 9.0542e+11 9.0542e+11 0.0000e+00 0.0000e+00 0.0000e+00 23.87568 112.80 0.12923 0.00000 0.00000 0.00000 0.00000 0.00000 0.00000 0.00000 0.00000 0.00000 0.00000 2.2843 3.998e+12 9.054e+11
234 237 3.3199e+12 269.67 207.72 357.497 90.062 30 99.32526 11.85986 9.00904 61.68 -136.14 -149.86 1.190e+13 -9.364e+12 -2.181e+13 0.07040 90.06241 3.3199e+12 3.3199e+12 3.0181e+12 3.0181e+11 0.0000e+00 66.39058 9.62 0.10339 0.30058 0.00750 118.77145 31.70982 105.89500 0.00000 0.00000 0.00000 0.00000 0.00000 0.5691 4.469e+12 3.320e+12
235 242 6.9416e+12 362.09 245.00 457.141 79.342 30 35.46786 63.05400 10.27330 185.79 9.70 19.95 -1.830e+13 4.491e+12 2.712e+12 0.01955 79.34155 6.9416e+12 7.2434e+12 6.3380e+12 2.4145e+12 0.0000e+00 36.88572 12.83 0.02169 0.56728 0.20421 7.84529 42.48846 124.37508 0.40659 0.15861 53.62766 -20.85218 52.09678 0.4144 6.793e+12 5.131e+12
236 230 1.8108e+12 225.57 119.70 292.096 60.369 30 21.49824 31.76308 48.15115 207.16 -165.15 291.77 1.364e+12 3.281e+11 -4.662e+11 0.01154 60.36945 1.8108e+12 2.1127e+12 1.5090e+12 6.0361e+11 0.0000e+00 54.31343 0.00 0.01581 0.80381 0.11507 -65.67750 80.37525 46.92558 0.00000 0.00000 0.00000 0.00000 0.00000 0.3725 3.978e+12 1.509e+12
237 73 9.0542e+11 208.26 133.38 231.836 21.188 29 81.40663 73.70000 55.06417 -576.24 -78.01 -24.83 2.628e+12 1.272e+12 -1.808e+12 0.03252 21.18797 9.0542e+11 9.0542e+11 9.0542e+11 9.0542e+11 0.0000e+00 62.12679 0.00 0.11662 0.00000 0.00000 0.00000 0.00000 0.00000 0.82172 0.00000 -41.83485 52.62760 -31.15374 0.8441 3.021e+12 0.000e+00
238 248 1.2072e+12 201.80 149.42 255.169 44.735 29 77.05940 4.01867 17.32885 -206.93 269.09 83.36 -1.441e+12 -3.233e+11 -2.470e+11 0.01149 44.73547 1.2072e+12 2.4145e+12 9.0542e+11 6.0361e+11 0.0000e+00 29.02748 37.92 0.03149 0.38540 0.03689 49.36635 83.95004 5.26751 0.00000 0.00000 0.00000 0.00000 0.00000 0.7981 3.759e+12 9.054e+11
239 255 6.0361e+11 177.73 0.00 202.528 20.524 28 58.03339 75.51879 28.03509 312.67 138.26 155.75 0.000e+00 0.000e+00 0.000e+00 0.00000 20.52365 6.0361e+11 6.0361e+11 6.0361e+11 3.0181e+11 0.0000e+00 98.41570 0.00 0.00000 0.00000 0.00000 0.00000 0.00000 0.00000 0.00000 0.00000 0.00000 0.00000 0.00000 0.0000 3.097e+12 0.000e+00
240 235 1.2072e+12 212.41 79.79 255.169 33.363 28 85.02457 26.52956 55.15010 -9.62 15.48 169.87 7.750e+11 3.256e+12 -5.549e+11 0.04950 33.36258 1.2072e+12 1.2072e+12 9.0542e+11 9.0542e+11 0.0000e+00 69.85520 49.62 0.07131 0.41660 0.31052 -55.63297 16.53869 75.40627 0.00000 0.00000 -19.23370 -25.47836 57.02209 0.2955 2.592e+12 6.036e+11
241 -1 1.8108e+12 231.74 279.12 292.096 50.181 28 78.39437 3.75791 33.60233 -486.23 -80.80 -432.39 -2.206e+11 6.833e+12 -4.685e+12 0.06817 50.18106 1.8108e+12 1.8108e+12 1.8108e+12 3.0181e+11 0.0000e+00 86.96940 0.00 0.08864 0.18116 0.01913 103.13465 -34.48914 -5.94641 0.00000 0.00000 0.00000 0.00000 0.00000 1.7112 3.021e+12 9.054e+11
242 249 2.4145e+12 248.01 164.36 321.493 66.966 28 62.34168 19.75350 8.09449 302.24 118.22 -1.34 2.599e+11 1.091e+13 -5.768e+12 0.05103 66.96616 2.4145e+12 2.4145e+12 2.4145e+12 0.0000e+00 0.0000e+00 79.48803 0.00 0.08174 0.80825 0.09808 67.57007 -74.77531 118.05064 0.00000 0.00000 0.00000 0.00000 0.00000 0.5291 3.307e+12 1.509e+12
243 197 3.9235e+12 304.76 168.42 377.969 58.866 27 64.39761 96.83616 43.77521 84.89 -74.10 -52.72 -3.676e+12 -1.010e+11 6.005e+11 0.01111 58.86620 3.9235e+12 3.9235e+12 3.6217e+12 2.4145e+12 0.0000e+00 17.72165 0.00 0.01098 0.24591 0.00000 -58.03643 107.32069 -71.26852 0.29426 0.12654 -69.56991 85.83085 -83.74488 0.2541 3.993e+12 2.414e+12
244 -1 1.5090e+12 227.92 193.63 274.873 36.676 27 43.41900 29.37729 48.98088 251.99 -251.39 -156.39 -1.003e+12 -7.978e+12 -1.074e+13 0.03152 36.67617 1.5090e+12 1.5090e+12 1.5090e+12 6.0361e+11 0.0000e+00 63.83150 0.00 0.19440 0.45467 0.06264 70.08412 -36.90295 6.34489 0.00000 0.00000 0.00000 0.00000 0.00000 0.9655 2.679e+12 6.036e+11
245 -1 9.0542e+11 202.32 191.40 231.836 24.099 27 25.31106 13.21340 34.04076 42.07 13.30 223.06 6.459e+11 -3.926e+12 -2.408e+12 0.10743 24.09933 9.0542e+11 9.0542e+11 9.0542e+11 6.0361e+11 0.0000e+00 84.48751 0.00 0.15793 0.00000 0.00000 0.00000 0.00000 0.00000 0.00000 0.00000 0.00000 0.00000 0.00000 2.1809 2.845e+12 3.018e+11
246 -1 3.9235e+12 291.35 162.45 377.969 79.212 26 97.32276 11.72699 9.16409 8.13 -47.83 -219.71 -9.791e+11 5.061e+12 -2.035e+11 0.01426 79.21211 3.9235e+12 3.9235e+12 3.6217e+12 1.2072e+12 0.0000e+00 20.61427 0.00 0.01521 0.28177 0.01371 -14.42118 -40.49755 72.97211 0.05812 0.00000 -9.76430 -17.80496 64.70588 0.2580 3.650e+12 3.622e+12
247 238 9.0542e+11 177.25 64.56 231.836 51.837 25 74.85680 12.87684 58.26405 -65.86 55.57 65.82 2.167e+12 1.196e+11 8.943e+11 0.00746 51.83746 9.0542e+11 9.0542e+11 6.0361e+11 3.0181e+11 0.0000e+00 107.23090 88.71 0.07971 0.00000 0.00000 0.00000 0.00000 0.00000 0.00000 0.00000 0.00000 0.00000 0.00000 1.0308 2.921e+12 6.036e+11
