#ID DescID Mvir Vmax Vrms Rvir Rs Np X Y Z VX VY VZ JX JY JZ Spin rs_klypin Mvir_all M200b M200c M500c M2500c Xoff Voff spin_bullock b_to_a c_to_a A[x] A[y] A[z] b_to_a(500c) c_to_a(500c) A[x](500c) A[y](500c) A[z](500c) T/|U| M_pe_Behroozi M_pe_Diemer
#a = 0.520358
#Om = 0.285000; Ol = 0.715000; h = 0.695000
#FOF linking length: 0.280000
#Unbound Threshold: 0.500000; FOF Refinement Threshold: 0.700000
#Particle mass: 3.01807e+11 Msun/h
#Box size: 100.000000 Mpc/h
#Force resolution assumed: 0.0976562 Mpc/h
#Units: Masses in Msun / h
#Units: Positions in Mpc / h (comoving)
#Units: Velocities in km / s (physical, peculiar)
#Units: Halo Distances, Lengths, and Radii in kpc / h (comoving)
#Units: Angular Momenta in (Msun/h) * (Mpc/h) * km/s (physical)
#Units: Spins are dimensionless
#Np is an internal debugging quantity.
#Rockstar Version: 0.99.9-RC3
0 7 5.4325e+12 330.08 287.22 428.876 123.497 100 18.13012 9.90226 1.49131 209.15 -171.40 107.50 -3.571e+13 -8.110e+11 -3.177e+13 0.05741 123.49713 5.4325e+12 5.4325e+12 4.8289e+12 2.4145e+12 0.0000e+00 34.51349 38.60 0.08617 0.72878 0.14099 -15.51248 -33.74807 128.40961 0.00000 0.00000 10.99968 27.15683 70.78266 0.6335 8.233e+12 5.734e+12
1 8 5.7343e+12 351.91 310.11 436.676 83.865 51 20.01568 9.77596 2.02680 393.93 -64.52 93.67 4.332e+13 3.235e+13 -1.357e+13 0.07383 83.86475 6.3380e+12 5.7343e+12 5.4325e+12 3.0181e+12 0.0000e+00 20.77566 58.79 0.09181 0.55662 0.05772 -20.17867 58.74741 98.88469 0.66711 0.00426 -2.22509 14.68896 82.39217 0.5772 7.299e+12 4.527e+12
2 9 1.0654e+14 882.18 923.22 1156.554 317.959 513 22.86097 10.68786 3.18784 -8.52 134.24 169.70 1.059e+15 1.475e+15 -2.285e+13 0.01875 377.19336 1.0654e+14 1.0865e+14 9.0542e+13 6.0663e+13 2.2334e+13 98.69618 27.69 0.02296 0.66612 0.33280 171.12938 56.72082 51.43605 0.50519 0.28539 133.80516 59.25053 51.76437 0.6294 9.665e+13 1.171e+14
3 10 7.5452e+12 382.57 286.95 478.506 97.276 47 24.93363 11.63558 4.27816 -451.12 -88.47 -23.47 -1.328e+12 -4.218e+12 -2.891e+13 0.02888 97.27563 8.1488e+12 7.5452e+12 6.3380e+12 3.6217e+12 1.2072e+12 35.17548 36.96 0.03049 0.41689 0.19941 102.42896 -30.84359 27.49801 0.24728 0.00186 77.95485 -2.46535 32.98100 0.4188 6.465e+12 6.338e+12
4 25 8.7524e+12 414.30 411.16 502.775 83.507 102 27.49965 12.19155 4.91118 -172.05 -17.97 119.83 8.977e+13 -3.788e+13 4.525e+13 0.06356 83.50733 9.0542e+12 8.7524e+12 7.8470e+12 4.5271e+12 2.1127e+12 29.92336 32.65 0.08745 0.68478 0.37692 86.82412 -11.69549 -6.83127 0.40088 0.28223 71.64331 -22.69410 -1.14568 0.6806 1.179e+13 5.734e+12
5 26 1.1469e+13 435.69 404.65 550.177 120.370 116 29.93383 12.61830 5.40109 -275.97 135.70 294.73 5.989e+13 6.557e+13 4.248e+13 0.03463 120.36953 1.1469e+13 1.1770e+13 1.0563e+13 5.7343e+12 0.0000e+00 83.31006 55.06 0.05108 0.41507 0.07162 241.40631 62.84846 49.38830 0.11007 0.00000 204.70287 -118.45814 107.30088 0.6805 1.779e+13 1.056e+13
6 53 4.5271e+12 393.64 431.97 403.588 30.014 31 7.59472 3.69171 91.03859 -138.36 -243.48 588.69 6.838e+12 6.749e+12 -1.273e+13 0.01327 30.01369 6.3380e+12 4.5271e+12 4.2253e+12 3.3199e+12 2.1127e+12 52.82983 82.16 0.03895 0.46755 0.11395 40.61657 57.81308 -60.58464 0.38446 0.00775 -41.73126 -63.76846 74.46298 1.0627 5.308e+12 2.113e+12
7 53 4.4366e+13 702.49 793.13 863.668 198.348 184 7.63552 3.84294 90.97261 -427.98 527.66 470.08 1.338e+14 2.947e+14 1.286e+14 0.01260 155.79222 4.4366e+13 4.4366e+13 4.2253e+13 2.8370e+13 1.0261e+13 54.40034 29.25 0.01895 0.60552 0.30909 18.84146 115.13627 -64.53503 0.47317 0.15465 31.60891 103.72392 -61.10227 0.7720 3.889e+13 4.255e+13
8 6 1.7444e+14 1043.58 1164.17 1363.171 630.144 445 4.52893 5.11408 94.82007 140.69 339.06 -125.38 -6.955e+15 -4.961e+14 -6.153e+15 0.03286 420.75146 1.7444e+14 1.7776e+14 1.5785e+14 8.2695e+13 2.6257e+13 207.29182 277.99 0.05167 0.22535 0.16044 -156.88705 -7.87970 225.70908 0.45804 0.30411 -75.79322 -7.48208 120.74801 0.7666 1.492e+14 2.276e+14
9 5 6.4889e+13 743.21 821.39 980.364 692.653 275 5.02592 5.10109 94.15816 -667.20 124.38 789.07 -2.266e+15 -1.964e+15 -1.389e+15 0.06089 360.22650 6.4889e+13 6.5492e+13 4.9798e+13 3.1086e+13 1.1469e+13 74.64159 53.95 0.09546 0.41017 0.30439 -120.81256 6.17550 142.10071 0.55817 0.44162 92.18674 -7.45333 -77.82666 0.7535 5.648e+13 9.718e+13
10 22 7.2434e+12 400.45 386.14 472.039 66.324 35 39.27871 16.91679 42.39081 -430.26 -459.28 -168.14 1.907e+13 7.114e+12 5.165e+13 0.04126 66.32407 7.2434e+12 7.2434e+12 6.9416e+12 4.8289e+12 0.0000e+00 33.61182 0.00 0.06195 0.37392 0.18734 178.72276 3.74079 -27.15865 0.31968 0.21757 152.04678 17.59476 -20.26975 0.7197 7.172e+12 4.829e+12
11 22 7.0321e+13 790.36 832.91 1006.993 287.996 322 38.94694 16.85702 42.38521 271.35 256.16 40.78 -6.117e+14 1.077e+15 -9.657e+14 0.03170 237.46918 7.0321e+13 7.0321e+13 6.5492e+13 4.1046e+13 1.5996e+13 45.34849 72.33 0.03966 0.68886 0.49377 105.85259 104.60120 10.07669 0.74400 0.54939 104.29099 29.84489 7.13654 0.6580 6.091e+13 7.726e+13
12 22 9.0542e+12 393.82 366.10 508.489 136.320 93 39.09756 19.48453 42.95368 413.72 -496.78 28.44 6.670e+13 3.967e+13 -3.701e+13 0.03444 136.32048 9.0542e+12 9.0542e+12 6.6398e+12 0.0000e+00 0.0000e+00 108.42509 19.19 0.06615 0.30740 0.14558 -61.40235 85.43417 185.18237 0.00000 0.00000 0.00000 0.00000 0.00000 0.7704 1.096e+13 9.356e+12
13 81 2.6257e+13 676.31 647.45 725.127 64.854 104 43.15663 18.07671 45.24554 57.33 203.78 -592.22 -1.055e+13 -4.709e+13 -1.196e+14 0.01549 64.85405 2.6257e+13 2.6861e+13 2.4145e+13 2.0825e+13 8.7524e+12 45.34283 0.00 0.01682 0.79280 0.55765 95.09150 6.44440 -47.35051 0.76173 0.52531 82.61086 -4.82938 -48.81281 0.6253 3.067e+13 1.237e+13
14 82 5.1307e+12 319.88 298.46 420.782 145.639 64 44.50100 18.25250 43.83590 -69.03 120.60 0.19 -2.385e+13 -2.736e+13 -4.047e+12 0.04131 145.63908 5.1307e+12 5.7343e+12 4.5271e+12 0.0000e+00 0.0000e+00 146.87450 28.16 0.07241 0.33346 0.02567 -66.17493 -60.84230 119.37114 0.00000 0.00000 0.00000 0.00000 0.00000 0.7261 9.229e+12 8.451e+12
15 11 5.3722e+13 721.56 757.24 920.551 255.542 222 74.18237 18.23500 1.30861 -83.46 350.41 126.55 4.575e+14 -2.445e+14 1.582e+14 0.01598 219.64897 5.3722e+13 5.3722e+13 5.0704e+13 3.0784e+13 7.5452e+12 135.48177 36.56 0.02146 0.85159 0.51854 -84.61048 128.54756 -44.22432 0.81116 0.47296 -70.64455 87.81001 -11.32998 0.6864 4.668e+13 5.674e+13
16 12 7.6961e+13 820.92 849.84 1037.738 295.948 322 72.03247 21.70175 0.52293 198.83 -293.78 221.50 -6.969e+14 1.239e+15 1.006e+15 0.03063 229.00627 7.6961e+13 7.7263e+13 7.3339e+13 4.7082e+13 1.4487e+13 121.48586 92.09 0.03784 0.80932 0.72510 158.68259 2.60522 -4.65046 0.71063 0.46660 112.08703 25.43505 -27.16444 0.6451 6.783e+13 8.119e+13
17 13 7.8470e+12 367.89 355.92 484.803 174.106 96 57.44876 29.93814 27.50339 18.34 -102.99 479.65 -2.005e+13 -2.563e+13 -8.047e+13 0.02683 174.10603 7.8470e+12 8.1488e+12 6.0361e+11 3.0181e+11 0.0000e+00 91.82584 40.34 0.08477 0.26459 0.03543 -76.42258 121.90871 181.13364 0.00000 0.00000 0.00000 0.00000 0.00000 0.9049 1.110e+13 1.328e+13
18 14 8.5411e+13 884.24 896.18 1074.410 211.395 374 58.28161 30.87307 31.70047 -172.54 -323.29 75.94 -1.242e+15 4.889e+14 -4.270e+14 0.02146 179.82329 8.5411e+13 8.8128e+13 8.2092e+13 5.7042e+13 1.5392e+13 52.84254 92.43 0.02561 0.70410 0.40232 125.61114 76.50682 -99.38714 0.83778 0.29429 -89.58322 -63.26666 76.36148 0.6356 7.953e+13 7.606e+13
19 15 2.4145e+12 255.86 281.33 327.294 80.002 33 60.26340 33.46265 30.71626 -440.78 -737.67 153.35 9.156e+12 -1.141e+13 -5.775e+12 0.03918 80.00218 2.4145e+12 2.4145e+12 2.1127e+12 1.2072e+12 0.0000e+00 34.28613 0.00 0.10952 0.72081 0.30339 146.74876 39.40448 -34.93551 0.68251 0.36720 -7.41585 57.28905 94.75141 1.1283 2.459e+12 2.414e+12
20 19 7.7565e+13 814.41 849.02 1040.444 319.678 213 52.22084 15.15221 40.34891 -98.11 513.25 10.68 1.274e+14 -1.127e+15 2.267e+15 0.03754 251.36555 7.7565e+13 8.0583e+13 7.2132e+13 4.0140e+13 7.2434e+12 132.15671 129.70 0.05437 0.53535 0.27683 22.53492 208.30991 61.42619 0.15794 0.10313 63.29688 173.97276 -27.87865 0.7185 6.722e+13 8.964e+13
21 18 3.1690e+13 588.11 614.06 772.036 510.636 198 52.21904 15.79386 40.79321 -403.04 -216.50 -188.21 2.845e+13 -2.286e+14 1.229e+14 0.01843 257.37805 3.1690e+13 3.3802e+13 2.7766e+13 1.4789e+13 6.6398e+12 36.69962 4.06 0.02490 0.48328 0.33883 20.93296 33.43527 121.49971 0.42522 0.35223 18.76951 12.15958 95.85601 0.6683 2.928e+13 5.674e+13
22 20 6.0361e+11 182.92 0.00 206.182 23.093 43 48.78734 18.53564 44.40638 13.15 130.29 -461.37 0.000e+00 0.000e+00 0.000e+00 0.00000 23.09258 6.0361e+11 6.0361e+11 6.0361e+11 3.0181e+11 0.0000e+00 99.27022 0.00 0.00000 0.00000 0.00000 0.00000 0.00000 0.00000 0.00000 0.00000 0.00000 0.00000 0.00000 0.0000 3.822e+12 0.000e+00
23 21 2.4145e+12 247.61 354.85 327.294 127.268 69 50.85513 17.77222 42.99207 60.42 -21.27 -287.00 -2.221e+13 3.561e+11 -9.520e+11 0.15656 127.26771 2.4145e+12 2.4145e+12 9.0542e+11 0.0000e+00 0.0000e+00 26.77275 49.08 0.15483 0.66667 0.54805 -11.23134 17.26249 157.93068 0.00000 0.00000 0.00000 0.00000 0.00000 2.2788 7.679e+12 4.527e+12
24 16 2.7464e+13 596.34 580.62 736.074 136.324 137 72.45801 68.09747 52.97731 389.05 240.15 -1002.49 -2.244e+13 -2.254e+14 -6.246e+13 0.02392 136.32449 2.8370e+13 2.7464e+13 2.4145e+13 1.4185e+13 6.6398e+12 78.40167 12.46 0.02844 0.96843 0.41870 -38.47360 34.73798 100.09049 0.79970 0.41295 -26.03189 84.72960 -21.36602 0.6071 2.394e+13 2.022e+13
25 17 1.1650e+14 924.03 1006.40 1191.526 921.760 336 72.61035 68.90975 52.92353 -384.58 -335.45 -130.11 5.797e+15 -3.304e+14 8.007e+15 0.06431 315.09918 1.1680e+14 1.1861e+14 1.0925e+14 4.6780e+13 1.8410e+13 228.88176 279.27 0.10771 0.43056 0.32297 71.26269 215.27040 18.79974 0.56968 0.54709 81.17606 78.93490 55.52172 0.7840 1.011e+14 1.539e+14
26 31 3.3199e+12 279.51 156.31 363.947 107.640 46 53.90167 27.27210 34.03220 205.68 284.24 469.45 -1.141e+12 9.720e+12 1.021e+13 0.05390 107.63987 3.3199e+12 3.3199e+12 3.0181e+12 1.2072e+12 0.0000e+00 52.78548 18.49 0.05793 0.54481 0.03305 110.52653 -113.57231 29.71056 0.74358 0.00000 17.08957 -52.89778 95.50156 0.2643 4.403e+12 3.622e+12
27 32 7.6659e+13 817.24 850.79 1036.380 270.958 363 54.52560 27.96424 35.82854 -140.95 -106.19 76.22 1.689e+14 -1.028e+15 5.444e+14 0.02111 234.77116 7.6659e+13 7.7263e+13 6.7001e+13 4.4064e+13 2.0221e+13 43.26312 168.24 0.02571 0.74075 0.35485 -90.92345 -26.81349 121.62350 0.96901 0.40991 83.42096 75.90269 4.48212 0.6390 6.678e+13 7.938e+13
28 1 7.7565e+13 801.91 843.65 1040.444 459.891 331 71.45908 60.23297 49.31077 -65.29 283.60 43.07 7.996e+14 5.062e+13 9.257e+14 0.02001 294.51065 7.7565e+13 7.8470e+13 6.9114e+13 3.5010e+13 1.4789e+13 67.74335 52.21 0.02626 0.56751 0.38626 29.69265 156.38934 -80.35835 0.90190 0.65592 22.98666 68.05220 76.12429 0.6699 7.526e+13 1.243e+14
29 0 1.8410e+13 495.41 547.45 644.195 187.300 83 70.96535 61.37997 48.75311 -317.61 -449.63 651.52 -1.474e+14 -1.759e+14 4.378e+14 0.07708 187.29991 1.9919e+13 1.8712e+13 1.4789e+13 9.0542e+12 3.0181e+12 79.62788 22.96 0.11654 0.76805 0.47264 97.98991 -29.55773 57.06060 0.33813 0.11117 13.44621 71.80244 -35.57807 0.7414 2.089e+13 2.233e+13
30 30 9.1146e+13 914.77 960.70 1097.935 132.368 419 53.48060 41.20721 58.16611 106.28 -231.11 -261.04 1.514e+14 -1.746e+14 2.939e+14 0.00508 170.71947 9.1146e+13 9.2957e+13 8.6619e+13 6.7907e+13 1.8712e+13 56.72363 46.15 0.00613 0.77379 0.35880 13.74023 68.62122 151.13509 0.51730 0.28162 4.76816 73.82744 125.50639 0.6632 8.481e+13 5.191e+13
31 23 6.1871e+13 751.91 774.06 964.922 558.776 294 93.31276 41.91011 61.30854 -122.45 -355.04 71.11 -3.841e+14 -5.343e+14 -1.863e+15 0.04905 243.13109 6.1871e+13 6.4587e+13 5.8551e+13 3.2897e+13 1.1469e+13 14.11146 22.66 0.06178 0.72204 0.39915 121.79154 -85.29964 61.86800 0.84096 0.45650 84.71310 -62.90604 43.56122 0.6442 5.647e+13 1.074e+14
32 24 1.2676e+13 450.95 367.70 568.841 123.419 67 93.99620 40.80842 61.34331 -609.32 -113.30 -284.58 1.430e+13 1.345e+14 -2.579e+13 0.05599 123.41853 1.2676e+13 1.3280e+13 1.0563e+13 6.6398e+12 0.0000e+00 55.00196 0.00 0.06045 0.61055 0.30130 -82.52146 114.69732 22.09786 0.75535 0.34060 -59.91798 89.74422 31.83868 0.4607 1.133e+13 1.056e+13
33 33 2.7163e+12 278.31 288.33 340.399 59.378 25 70.04308 0.61686 24.76956 155.10 519.05 236.00 9.366e+12 1.034e+13 3.606e+12 0.03404 59.37787 2.7163e+12 2.7163e+12 2.4145e+12 0.0000e+00 0.0000e+00 99.66731 35.02 0.08245 0.00000 0.00000 0.55695 133.49196 -62.39510 0.00000 0.00000 0.00000 0.00000 0.00000 1.1736 3.395e+12 1.509e+12
34 34 1.2374e+13 448.26 460.91 564.290 120.460 68 70.71362 1.92528 25.10107 142.61 321.25 235.08 4.582e+13 1.403e+14 3.504e+13 0.03718 120.45985 1.2374e+13 1.2676e+13 1.2072e+13 6.0361e+12 0.0000e+00 99.64407 0.00 0.06933 0.35019 0.28003 125.86979 114.28543 -19.37929 0.69254 0.01614 81.13911 12.88801 -55.45125 0.8047 1.250e+13 1.147e+13
35 35 2.2032e+13 599.47 571.04 683.936 81.215 100 70.74129 2.92798 25.74307 140.71 -91.22 173.77 -1.401e+14 7.755e+13 -3.410e+13 0.02652 81.21513 2.2032e+13 2.2334e+13 2.0523e+13 1.7807e+13 6.3380e+12 58.05619 0.00 0.02861 0.67024 0.49969 -18.36047 55.97586 97.65960 0.49280 0.38007 -15.47950 64.83426 68.83016 0.5852 2.722e+13 1.328e+13
36 36 3.9235e+12 290.54 246.82 384.789 162.123 85 72.72571 0.93703 23.75067 -309.62 301.54 295.68 -1.469e+13 -1.344e+12 -6.872e+12 0.03039 162.12325 3.9235e+12 3.9235e+12 1.8108e+12 9.0542e+11 0.0000e+00 107.14195 10.27 0.05046 0.62544 0.40477 89.72920 65.28889 19.81712 0.73482 0.00000 5.18687 61.17294 32.04767 0.6543 7.982e+12 8.451e+12
37 37 1.2072e+13 433.01 396.37 559.664 151.729 72 71.18633 4.16963 27.59947 -77.93 -265.65 -29.16 1.344e+14 1.479e+13 -4.283e+13 0.04967 151.72882 1.2072e+13 1.2072e+13 1.0261e+13 4.8289e+12 0.0000e+00 44.52082 12.38 0.06757 0.82692 0.73051 84.34676 -41.57486 110.77148 0.20735 0.00000 24.87643 43.69239 91.26170 0.6184 1.024e+13 1.237e+13
38 4 2.1428e+13 535.49 616.41 677.632 150.829 108 71.03764 61.56947 54.02863 190.65 676.29 -1110.35 3.452e+14 -1.519e+14 -2.212e+13 0.03776 150.82930 2.1428e+13 2.1730e+13 1.9919e+13 1.0865e+13 4.8289e+12 31.82949 0.00 0.06916 0.59474 0.32493 -38.54742 -73.76336 96.76659 0.34418 0.29204 2.24250 6.23028 81.50310 0.8303 1.970e+13 1.992e+13
39 4 8.3299e+13 815.21 869.00 1065.477 383.728 248 71.25523 62.00505 53.84593 -23.56 -125.15 -495.27 2.186e+15 -1.418e+15 -1.133e+15 0.03822 331.56845 8.3299e+13 8.4506e+13 7.3641e+13 4.4969e+13 1.0563e+13 174.02441 194.75 0.05411 0.45525 0.20834 82.75105 195.76073 -57.10656 0.49239 0.22538 68.79628 138.31804 -26.10350 0.7069 7.315e+13 1.023e+14
40 38 5.2514e+13 697.80 703.07 913.603 407.548 245 73.93813 4.23007 30.22445 -191.31 -63.18 -131.12 2.012e+14 6.371e+14 -4.676e+14 0.02776 291.70685 5.2514e+13 5.3722e+13 4.7686e+13 2.5955e+13 1.1770e+13 103.64346 40.78 0.03351 0.72669 0.38693 100.53841 15.15295 112.09070 0.98205 0.59172 94.79966 -10.93489 24.59256 0.6037 4.505e+13 6.670e+13
41 39 1.5392e+13 492.46 486.81 606.873 111.190 95 77.34366 4.08894 32.61167 -466.95 35.68 -144.69 1.258e+13 -1.106e+14 2.593e+13 0.02800 111.18966 1.5392e+13 1.5392e+13 1.2072e+13 7.8470e+12 4.2253e+12 65.56991 26.94 0.03632 0.72305 0.35131 -15.94729 38.42939 95.46738 0.51212 0.31091 76.68792 11.74412 26.63696 0.6569 1.567e+13 1.117e+13
42 101 8.1488e+12 375.28 379.10 490.941 154.867 32 51.86289 41.18393 48.29239 92.91 -529.55 60.81 8.278e+12 2.081e+13 -8.278e+12 0.00852 154.86699 8.1488e+12 8.1488e+12 4.8289e+12 3.0181e+12 0.0000e+00 123.24876 210.45 0.02190 0.40645 0.12669 -37.57755 125.52611 123.33262 0.79891 0.10794 -17.06615 56.72695 -53.18085 1.1184 7.274e+12 9.356e+12
43 102 8.7524e+12 383.42 311.91 502.775 164.536 72 51.61683 40.49342 48.92924 131.51 53.35 -45.25 -9.480e+12 1.539e+13 2.389e+13 0.01775 164.53629 8.7524e+12 8.7524e+12 7.2434e+12 0.0000e+00 0.0000e+00 93.65533 14.71 0.02439 0.12973 0.05322 35.19906 226.14532 -112.03453 0.00000 0.00000 0.00000 0.00000 0.00000 0.5722 1.541e+13 1.358e+13
44 68 1.4789e+13 454.54 418.14 598.834 213.861 186 52.65876 44.64969 44.45114 -30.31 -201.25 -18.00 -4.048e+13 5.722e+13 1.570e+13 0.01502 213.86084 1.4789e+13 1.4789e+13 1.0261e+13 0.0000e+00 0.0000e+00 25.27232 0.00 0.02439 0.11451 0.02703 46.19251 295.85828 -132.55162 0.00000 0.00000 0.00000 0.00000 0.00000 0.6998 2.133e+13 2.746e+13
45 48 5.1307e+13 739.58 756.44 906.548 229.508 254 46.75179 28.38149 45.51776 216.14 -186.73 -28.86 7.545e+13 -9.323e+13 2.598e+12 0.00442 160.37091 5.1307e+13 5.2514e+13 4.9798e+13 3.2595e+13 1.5392e+13 14.26569 39.99 0.00512 0.78466 0.64389 -43.40958 69.42213 110.07606 0.86040 0.57529 -45.66404 42.82727 82.55822 0.6221 4.676e+13 5.191e+13
46 49 9.9596e+12 579.20 514.53 524.903 24.717 73 48.19049 28.67742 46.30402 -345.60 -70.58 -445.43 -2.431e+13 3.888e+13 2.541e+13 0.03418 24.71688 9.9596e+12 9.9596e+12 9.6578e+12 8.7524e+12 6.6398e+12 19.41256 0.00 0.03441 0.74790 0.33823 64.99142 11.90706 41.61670 0.78167 0.37878 66.32803 11.70644 16.92394 0.6284 1.490e+13 3.320e+12
47 41 4.2253e+12 308.54 227.44 394.412 95.811 106 69.85500 24.78996 8.73434 -119.65 -134.29 -273.49 2.504e+13 -1.005e+13 1.166e+13 0.06094 95.81135 4.2253e+12 4.5271e+12 3.6217e+12 0.0000e+00 0.0000e+00 81.20717 0.00 0.08054 0.69141 0.31141 -128.61859 -87.56241 109.57326 0.00000 0.00000 0.00000 0.00000 0.00000 0.4768 7.154e+12 4.225e+12
48 42 6.0361e+11 169.00 0.00 206.182 35.397 108 67.10015 25.37094 14.11659 33.33 -28.81 -51.52 3.382e+11 -7.689e+11 -2.936e+11 0.03365 35.39748 6.0361e+11 6.0361e+11 6.0361e+11 3.0181e+11 0.0000e+00 71.79296 82.85 0.06245 0.00000 0.00000 0.00000 0.00000 0.00000 0.00000 0.00000 0.00000 0.00000 0.00000 0.0000 1.079e+13 3.018e+11
49 43 4.5271e+12 342.29 310.44 403.588 56.784 28 92.04942 23.80579 1.14986 -324.03 -531.01 -104.24 -1.436e+13 -5.853e+12 1.252e+13 0.03524 56.78415 5.1307e+12 4.5271e+12 4.5271e+12 3.0181e+12 0.0000e+00 11.43930 30.80 0.04869 0.60678 0.07076 85.10474 72.32703 15.26783 0.11921 0.03544 -2.28602 7.01827 94.27060 0.6398 4.474e+12 2.716e+12
50 44 8.4506e+12 387.72 425.83 496.928 123.707 57 92.62222 23.29315 1.10522 -248.88 -301.14 -91.78 -3.186e+13 3.940e+13 -3.740e+13 0.01607 123.70666 8.4506e+12 8.4506e+12 7.8470e+12 3.3199e+12 0.0000e+00 38.93547 0.00 0.05436 0.88024 0.21683 -69.11709 -31.93230 121.74368 0.31465 0.04914 -12.05607 108.47009 -37.23518 0.9349 1.400e+13 8.451e+12
51 45 2.0825e+13 583.50 557.85 671.208 83.023 94 95.43789 22.03467 1.43160 -455.20 -290.01 -62.46 -3.305e+13 -6.077e+13 -1.580e+14 0.02999 83.02328 2.0825e+13 2.0825e+13 1.9919e+13 1.5392e+13 7.8470e+12 39.37019 0.00 0.03311 0.81976 0.38431 43.97194 75.32519 -53.92147 0.62290 0.25205 47.22893 51.20940 -45.05787 0.5962 2.020e+13 1.177e+13
52 46 6.0361e+12 336.64 340.85 444.206 164.500 55 91.40142 25.02347 1.28741 -153.36 -640.89 -94.71 1.498e+13 2.747e+13 2.947e+11 0.01889 164.49954 6.0361e+12 6.3380e+12 3.3199e+12 0.0000e+00 0.0000e+00 56.00875 24.20 0.04732 0.56380 0.04127 4.87485 131.48703 -103.66618 0.00000 0.00000 0.00000 0.00000 0.00000 0.8618 7.955e+12 1.056e+13
53 47 9.0542e+11 201.19 203.11 236.020 32.313 36 90.66278 26.48949 1.21735 -96.29 -695.14 -152.26 4.143e+11 -4.148e+12 -3.677e+12 0.13791 32.31329 9.0542e+11 9.0542e+11 9.0542e+11 0.0000e+00 0.0000e+00 90.83357 0.00 0.19851 0.00000 0.00000 0.00000 0.00000 0.00000 0.00000 0.00000 0.00000 0.00000 0.00000 2.2837 2.395e+12 3.018e+11
54 54 6.0361e+11 162.28 0.00 206.182 47.452 78 70.57359 27.86488 5.77412 209.49 -439.08 -31.25 -1.937e+11 5.688e+11 1.607e+11 0.09642 47.45195 6.0361e+11 6.0361e+11 0.0000e+00 0.0000e+00 0.0000e+00 168.80550 23.55 0.04366 0.00000 0.00000 0.00000 0.00000 0.00000 0.00000 0.00000 0.00000 0.00000 0.00000 0.0000 7.075e+12 6.036e+11
55 56 8.4506e+12 394.40 380.85 496.928 106.820 75 71.53576 31.75813 5.57860 38.27 -652.32 258.44 1.711e+12 -2.579e+13 4.052e+12 0.01251 106.82008 8.4506e+12 9.3560e+12 7.8470e+12 1.5090e+12 0.0000e+00 139.53798 0.00 0.02258 0.70380 0.08126 -41.79458 159.14243 17.06649 0.29460 0.00000 102.50168 -22.11800 48.23191 0.7740 1.330e+13 7.847e+12
56 57 7.5452e+12 379.58 274.78 478.506 103.276 56 73.19108 31.13422 6.62852 -268.92 -509.48 -50.42 -2.130e+13 7.026e+12 -5.040e+12 0.02188 103.27580 7.5452e+12 7.5452e+12 5.7343e+12 3.9235e+12 0.0000e+00 28.24375 9.17 0.02396 0.52592 0.31141 130.58794 96.64171 66.32523 0.72314 0.28556 13.40958 87.77824 -73.31825 0.4138 6.505e+12 5.734e+12
57 58 4.1348e+13 712.75 708.93 843.622 104.523 233 99.37141 22.24139 75.71587 19.33 94.85 70.67 2.910e+14 2.350e+14 -2.090e+14 0.02301 121.21873 4.1348e+13 4.1348e+13 3.9537e+13 3.0181e+13 9.6578e+12 62.23203 39.51 0.02623 0.83768 0.39035 8.18112 120.13148 -56.92239 0.90092 0.36944 44.67472 97.52322 -2.29388 0.6169 3.946e+13 2.475e+13
58 59 4.4969e+13 670.96 684.14 867.567 242.941 190 42.40167 41.68816 81.92715 120.77 -214.42 -286.60 1.729e+14 1.556e+14 1.374e+14 0.01185 236.23764 4.4969e+13 4.5573e+13 3.8330e+13 2.3843e+13 1.0563e+13 42.55523 23.56 0.01438 0.65325 0.52356 -33.74966 108.11518 81.20983 0.68644 0.50682 -18.03841 87.63335 32.33200 0.6186 3.868e+13 4.889e+13
59 107 1.1469e+13 443.22 452.74 550.177 105.928 130 67.49802 81.37750 47.68777 -5.85 171.54 -198.62 -7.405e+13 -2.999e+13 -2.749e+13 0.02974 105.92763 1.1469e+13 1.1469e+13 1.0261e+13 7.5452e+12 1.2072e+12 30.58624 70.19 0.04383 0.92045 0.39282 70.86724 23.72194 78.19101 0.72865 0.39891 65.77316 10.69778 67.75755 0.7224 1.766e+13 9.356e+12
60 113 3.3199e+12 297.36 163.83 363.947 63.768 100 66.07843 84.77377 46.51083 217.88 -119.92 -25.22 9.920e+12 6.569e+12 -9.357e+12 0.05810 63.76764 3.3199e+12 3.3199e+12 3.3199e+12 1.5090e+12 0.0000e+00 76.38840 0.00 0.06200 0.51595 0.22847 66.87766 -57.12622 109.56065 0.58205 0.00000 48.46887 -41.92579 64.52853 0.2863 1.025e+13 2.414e+12
61 60 3.9839e+13 650.39 664.55 833.232 290.331 202 38.97398 22.56317 60.55393 195.67 273.45 -193.08 2.559e+14 -4.073e+13 5.318e+13 0.01438 206.57664 3.9839e+13 4.0744e+13 3.7424e+13 2.3843e+13 8.4506e+12 32.29063 7.97 0.01723 0.54764 0.28617 -34.70538 18.19418 141.63570 0.72676 0.30905 -38.97244 32.12767 89.09158 0.6173 3.505e+13 4.859e+13
62 64 3.9235e+12 291.77 194.93 384.789 140.589 27 32.10362 13.50589 43.23777 697.57 -8.98 -146.11 -5.489e+12 6.739e+12 3.994e+12 0.02200 140.58908 3.9235e+12 3.9235e+12 2.4145e+12 0.0000e+00 0.0000e+00 42.54921 40.99 0.02966 0.60789 0.19753 86.72398 131.18098 -115.58669 0.00000 0.00000 0.00000 0.00000 0.00000 0.4276 4.531e+12 6.036e+12
63 65 2.2636e+13 523.44 511.55 690.126 250.624 134 33.28578 14.01693 43.24513 409.42 109.00 -138.66 -7.437e+13 1.864e+14 -2.334e+14 0.04276 250.62424 2.2636e+13 2.2937e+13 1.8712e+13 1.1469e+13 4.5271e+12 67.16011 0.00 0.05142 0.77314 0.38273 119.39915 9.76258 -46.25299 0.76917 0.40272 68.17796 56.27053 -10.08729 0.5808 1.984e+13 2.897e+13
64 62 9.0542e+12 385.06 372.49 508.489 192.218 92 4.69698 6.31730 75.57312 -171.31 76.73 377.48 1.129e+13 1.517e+13 2.971e+13 0.01282 192.21815 9.0542e+12 9.3560e+12 6.3380e+12 0.0000e+00 0.0000e+00 101.74818 34.18 0.02710 0.76379 0.60300 -46.69257 -166.21228 192.07932 0.00000 0.00000 0.00000 0.00000 0.00000 0.8134 1.195e+13 1.479e+13
65 63 2.5352e+13 598.69 569.63 716.695 109.770 121 4.68570 4.43064 77.36977 0.43 389.54 215.49 5.923e+13 -7.797e+13 -5.697e+13 0.01366 109.77009 2.5352e+13 2.6861e+13 2.5050e+13 1.6298e+13 4.5271e+12 41.95462 0.00 0.01567 0.57977 0.33865 25.26228 73.39581 108.66733 0.28963 0.21184 11.13187 52.33533 77.83722 0.5917 2.464e+13 1.781e+13
66 72 9.0542e+11 196.64 162.97 236.020 36.705 55 78.61671 16.67712 2.76001 -240.56 -149.11 -309.98 2.953e+11 2.545e+12 1.267e+11 0.03399 36.70456 9.0542e+11 9.0542e+11 9.0542e+11 6.0361e+11 0.0000e+00 78.73535 0.00 0.09162 0.00000 0.00000 0.00000 0.00000 0.00000 0.00000 0.00000 0.00000 0.00000 0.00000 1.3527 5.993e+12 6.036e+11
67 73 1.9919e+13 501.55 465.36 661.336 240.717 153 81.60242 15.35865 1.90872 -126.62 133.43 -5.16 -7.966e+13 -1.104e+13 4.397e+13 0.01467 240.71745 1.9919e+13 1.9919e+13 1.4487e+13 6.9416e+12 0.0000e+00 68.60365 13.65 0.01895 0.23454 0.08947 -147.16803 29.14148 163.26811 0.65165 0.41440 87.54492 -46.86976 -45.89488 0.5954 1.714e+13 2.596e+13
68 97 2.7163e+13 585.73 573.26 733.368 150.250 136 96.57877 23.97269 50.33072 -44.67 -230.54 335.27 -4.711e+13 -1.299e+13 1.060e+14 0.01170 150.24979 2.7163e+13 2.7163e+13 2.5654e+13 1.4789e+13 3.3199e+12 99.34011 0.00 0.01439 0.72249 0.47340 141.64732 -78.23618 -33.71879 0.64709 0.42354 73.10773 -79.14836 -60.42477 0.6241 2.392e+13 2.354e+13
69 144 1.4185e+13 459.80 432.49 590.573 150.078 70 97.23540 23.52923 52.89313 -90.68 -14.28 -7.32 5.119e+13 -5.932e+12 8.404e+13 0.02968 150.07848 1.4185e+13 1.4789e+13 1.2072e+13 8.4506e+12 2.1127e+12 63.61689 9.24 0.03589 0.44367 0.35745 17.24604 85.71288 105.46117 0.51776 0.08510 18.24459 36.04362 93.95452 0.5880 1.237e+13 1.449e+13
70 98 2.1127e+12 240.10 120.83 313.045 94.206 46 25.40568 29.63816 63.32898 408.79 -47.29 -45.73 -4.469e+12 -4.406e+12 5.508e+12 0.05378 94.20579 2.1127e+12 2.1127e+12 1.5090e+12 0.0000e+00 0.0000e+00 101.90848 25.03 0.07264 0.58566 0.01094 108.36016 -115.12935 -61.02980 0.00000 0.00000 0.00000 0.00000 0.00000 0.3243 6.249e+12 2.716e+12
71 99 1.3581e+13 472.36 476.52 582.075 106.602 89 27.29975 29.01078 63.53956 123.35 31.52 -17.34 1.065e+14 -3.447e+13 2.730e+13 0.03614 106.60198 1.3581e+13 1.4487e+13 1.2978e+13 7.5452e+12 3.3199e+12 112.53564 0.00 0.04509 0.77988 0.34556 7.23125 -47.85146 88.06091 0.62100 0.24121 6.99998 -46.50275 62.85117 0.6447 1.703e+13 1.087e+13
72 132 8.4506e+12 395.72 353.62 496.928 104.091 65 28.89821 28.35709 64.34444 -55.18 102.81 -277.00 -1.444e+13 -4.607e+12 -3.717e+12 0.01162 104.09139 8.4506e+12 8.4506e+12 7.5452e+12 4.5271e+12 2.1127e+12 64.63930 8.96 0.01347 0.32321 0.18787 83.99464 65.14481 -73.89834 0.12791 0.02847 66.67355 36.84542 -20.00341 0.5450 1.000e+13 7.545e+12
73 71 3.8933e+13 714.92 742.77 826.871 169.858 193 34.75021 6.12679 41.04517 59.99 450.07 -20.01 3.287e+14 2.762e+14 1.909e+14 0.02506 105.13382 3.8933e+13 3.9537e+13 3.6217e+13 2.4446e+13 1.3280e+13 74.49819 29.41 0.03179 0.58942 0.42153 25.06540 -81.63776 81.58704 0.55980 0.38427 13.55064 -54.29165 76.00838 0.6971 3.471e+13 3.410e+13
74 78 1.8108e+12 268.73 156.02 297.366 30.568 55 80.12660 84.76209 4.08456 -248.41 430.17 486.76 7.430e+11 -3.634e+12 1.103e+12 0.03602 30.56787 1.8108e+12 1.8108e+12 1.8108e+12 1.2072e+12 0.0000e+00 35.98858 0.00 0.04353 0.43021 0.13496 -50.28971 49.44028 10.00140 0.37392 0.00000 -29.63093 35.73190 7.10250 0.3893 6.595e+12 6.036e+11
75 78 2.4446e+13 567.06 546.90 708.059 142.166 135 79.40156 85.41582 4.92106 4.79 101.06 107.40 9.038e+13 -2.826e+14 -1.085e+14 0.04184 142.16623 2.4446e+13 2.4446e+13 2.3541e+13 1.4185e+13 6.0361e+12 48.84015 0.00 0.04643 0.70399 0.55464 93.06785 -60.43859 -48.14235 0.75754 0.56754 81.77763 -39.00913 -5.19865 0.5638 2.265e+13 2.143e+13
76 74 4.0442e+13 724.20 733.26 837.419 167.653 186 64.80009 4.50888 71.70783 -37.57 121.38 -117.43 -1.869e+14 9.189e+13 -4.475e+13 0.01110 106.35541 4.0442e+13 4.0442e+13 3.8330e+13 2.6559e+13 1.3883e+13 80.79366 18.82 0.01353 0.67252 0.60045 94.58759 87.15946 -8.90138 0.69828 0.63895 76.91655 60.53188 -22.46378 0.6686 3.571e+13 3.531e+13
77 67 2.6257e+13 548.39 549.07 725.127 285.222 141 42.50196 85.42874 45.78754 204.43 65.28 -38.77 1.210e+13 -1.157e+14 -2.994e+14 0.03151 285.22192 2.6257e+13 2.6257e+13 2.1730e+13 1.0261e+13 4.2253e+12 66.10572 0.00 0.04191 0.87530 0.70881 129.16022 -9.01970 8.04195 0.79111 0.72513 34.31278 78.20073 5.91596 0.6431 2.334e+13 3.561e+13
78 75 1.9014e+13 592.59 564.20 651.160 64.852 98 39.45264 3.62242 4.85686 90.94 439.22 169.52 -4.453e+13 1.079e+12 7.073e+13 0.01700 64.85182 1.9014e+13 1.9316e+13 1.7807e+13 1.4185e+13 8.1488e+12 55.53790 7.03 0.01867 0.74267 0.50557 -45.25525 89.35767 20.64970 0.70170 0.58937 -34.01438 76.40594 25.07368 0.6154 1.820e+13 9.658e+12
79 76 1.9617e+13 504.63 462.55 657.979 198.132 85 39.66279 4.75049 6.01616 -173.97 211.51 -73.43 -2.188e+13 3.193e+13 1.584e+14 0.02783 198.13217 1.9617e+13 1.9919e+13 1.7807e+13 8.1488e+12 0.0000e+00 79.70367 0.00 0.03458 0.70166 0.23770 35.21413 115.07127 110.82072 0.54992 0.09687 21.21874 112.54507 70.30741 0.5714 1.739e+13 2.264e+13
80 70 3.1992e+13 622.97 627.03 774.479 226.612 181 66.62015 95.02593 66.68884 -129.77 376.21 -203.35 1.700e+14 -1.977e+13 -1.727e+14 0.01915 150.70714 3.1992e+13 3.2293e+13 2.8672e+13 1.9014e+13 9.0542e+12 84.25047 9.44 0.02282 0.80111 0.48721 120.35835 -14.50609 7.48648 0.67609 0.41880 91.35371 19.63418 10.89895 0.6172 2.753e+13 3.441e+13
81 80 4.1046e+13 662.30 661.54 841.564 244.993 175 65.55725 64.25381 39.01178 -84.60 6.53 177.66 -1.628e+14 -8.434e+14 1.562e+14 0.04572 193.86951 4.1046e+13 4.1046e+13 3.6519e+13 2.2937e+13 7.2434e+12 104.19765 49.05 0.05409 0.95078 0.73138 96.81886 23.37001 -83.12654 0.81073 0.57113 22.11502 -43.79644 81.25008 0.6058 3.544e+13 4.587e+13
82 88 2.6861e+13 619.02 563.10 730.642 103.393 173 89.77643 35.07701 66.54839 -25.92 -180.64 -214.85 -7.928e+13 1.583e+13 1.378e+13 0.00957 103.39292 2.6861e+13 2.6861e+13 2.4748e+13 1.6298e+13 7.5452e+12 40.66531 0.00 0.01030 0.70335 0.47333 -13.89990 -51.77147 95.57404 0.69451 0.43987 -30.72423 -2.07739 80.90407 0.5479 2.539e+13 1.630e+13
83 79 5.1307e+12 350.42 295.19 420.782 65.613 165 79.74825 74.54000 56.42443 -512.60 -130.32 -185.70 -2.272e+13 9.948e+12 1.267e+13 0.04261 65.61266 5.1307e+12 5.1307e+12 5.1307e+12 3.3199e+12 0.0000e+00 67.10265 33.23 0.05523 0.72885 0.10035 121.13177 -29.87822 31.05271 0.00000 0.00000 110.49652 -15.28168 30.59006 0.6007 8.452e+12 3.320e+12
84 77 1.2978e+13 451.49 422.46 573.320 131.344 114 78.83794 25.83907 78.97629 -92.16 -273.33 111.54 7.467e+13 1.980e+13 1.265e+14 0.04680 131.34367 1.2978e+13 1.5090e+13 1.2374e+13 3.9235e+12 2.4145e+12 34.99424 14.27 0.06258 0.84741 0.64240 -50.93085 87.08159 -70.77965 0.81925 0.52240 42.17653 -3.91011 63.64584 0.6320 1.567e+13 1.237e+13
85 77 6.6398e+12 371.87 349.90 458.545 84.351 47 78.92341 25.53974 79.88497 -310.28 -15.41 -227.40 -4.060e+13 1.330e+13 5.763e+13 0.06824 84.35111 6.9416e+12 6.6398e+12 6.3380e+12 3.6217e+12 0.0000e+00 78.59230 0.00 0.09255 0.36477 0.02918 35.93104 -48.80427 93.38551 0.66651 0.18388 46.05296 -43.56571 66.96829 0.6497 8.828e+12 5.433e+12
86 50 1.8410e+13 536.24 522.82 644.195 100.702 132 60.77504 28.05301 86.72022 247.87 -239.75 103.71 6.990e+13 3.288e+12 -4.321e+13 0.01610 100.70220 1.8410e+13 1.8410e+13 1.6298e+13 1.0563e+13 5.4325e+12 36.06024 10.87 0.01939 0.83485 0.41849 88.40166 -0.90768 -51.26973 0.36174 0.25130 46.47814 -31.25537 46.87244 0.6283 1.644e+13 1.268e+13
87 87 6.0361e+12 342.38 272.81 444.206 125.694 78 90.43594 11.57057 99.08558 30.16 509.16 206.95 5.693e+12 -1.053e+13 1.984e+13 0.02490 125.69431 6.0361e+12 6.0361e+12 5.1307e+12 2.1127e+12 0.0000e+00 88.64894 46.51 0.03504 0.80365 0.39289 78.22236 -31.42242 150.93922 0.46846 0.15416 0.17713 115.01897 -45.45399 0.5922 1.160e+13 7.545e+12
88 51 9.0542e+12 406.49 337.20 508.489 103.473 151 65.69563 25.23326 89.18623 311.61 -119.36 87.48 -4.356e+13 1.969e+12 -8.266e+11 0.02845 103.47314 9.0542e+12 9.3560e+12 8.1488e+12 5.4325e+12 0.0000e+00 50.90562 0.00 0.03355 0.79764 0.35561 128.67596 -65.76303 55.76657 0.73870 0.43761 102.41245 -34.98040 34.05164 0.5238 1.554e+13 7.847e+12
89 29 4.8289e+12 318.00 265.62 412.364 115.962 151 34.15340 13.76831 5.53834 -266.40 -279.96 331.75 1.485e+13 -1.595e+13 6.333e+12 0.03033 115.96181 4.8289e+12 4.8289e+12 3.3199e+12 3.0181e+11 0.0000e+00 54.10996 49.96 0.04977 0.68654 0.30204 70.48521 151.78036 2.27519 0.00000 0.00000 0.00000 0.00000 0.00000 0.6609 8.112e+12 4.829e+12
90 83 3.0181e+12 280.06 194.65 352.567 75.282 25 70.05130 36.08700 55.62743 6.10 145.91 -61.88 -6.565e+12 4.488e+12 -2.724e+12 0.02834 75.28164 3.0181e+12 3.0181e+12 2.7163e+12 0.0000e+00 0.0000e+00 60.20572 0.00 0.04036 0.30096 0.00000 69.18489 156.06224 -16.87308 0.00000 0.00000 0.00000 0.00000 0.00000 0.5141 4.371e+12 2.716e+12
91 84 2.7163e+13 585.08 556.46 733.368 151.502 85 69.65539 38.52807 55.63219 -101.76 -221.02 -76.07 -1.806e+14 2.204e+14 -5.821e+13 0.02921 151.50247 2.7163e+13 2.7163e+13 2.5352e+13 9.3560e+12 5.1307e+12 107.42068 0.00 0.03585 0.44043 0.28606 43.83301 111.29272 61.69168 0.47899 0.32376 45.55795 34.47845 58.25998 0.6093 2.426e+13 2.414e+13
92 85 6.9416e+12 430.88 325.73 465.390 42.962 40 69.53982 38.10077 55.54156 87.92 216.74 203.84 -2.256e+13 6.753e+12 4.468e+13 0.06307 42.96189 6.9416e+12 6.9416e+12 6.3380e+12 5.4325e+12 1.5090e+12 55.56013 0.00 0.06051 0.41244 0.32278 -4.49068 87.61948 -63.76284 0.64248 0.09224 -10.42047 63.44474 -35.91015 0.4333 7.717e+12 3.622e+12
93 91 2.2636e+13 606.98 579.21 690.126 80.588 147 38.64629 83.40351 96.23097 186.90 146.16 76.19 6.154e+13 -1.141e+14 -1.224e+13 0.01927 80.58792 2.2636e+13 2.2636e+13 2.0825e+13 1.5996e+13 6.3380e+12 55.93204 0.00 0.02175 0.76885 0.57533 13.65489 77.07346 74.88112 0.60489 0.47142 -55.44829 68.63124 0.34465 0.6087 2.048e+13 1.268e+13
94 92 2.5955e+13 629.55 620.54 722.338 88.219 142 86.49641 14.29428 0.13802 -66.22 7.38 68.46 -1.774e+12 3.683e+13 -1.127e+14 0.01368 88.21893 2.7766e+13 2.6861e+13 2.3541e+13 1.5996e+13 9.0542e+12 99.24359 19.82 0.01577 0.86708 0.46304 -75.18077 81.09822 3.04385 0.73547 0.48059 69.81482 -46.36698 3.32772 0.6291 2.372e+13 1.328e+13
95 93 1.8410e+13 497.59 456.31 644.195 177.863 78 38.06534 10.06206 9.07658 -75.78 433.32 56.69 2.701e+14 5.862e+13 1.647e+14 0.06694 177.86267 1.8410e+13 1.9014e+13 1.6298e+13 7.8470e+12 4.8289e+12 58.76732 13.06 0.07585 0.67372 0.44385 -58.73879 82.55503 54.45312 0.84197 0.64002 37.14309 -14.88989 61.42349 0.5332 1.647e+13 2.022e+13
96 94 2.7464e+13 562.18 587.82 736.074 235.202 63 37.92739 10.38416 9.51214 -147.25 100.43 -103.30 5.063e+14 -3.279e+14 3.959e+14 0.05591 235.20244 2.7464e+13 2.8974e+13 2.2937e+13 1.1469e+13 5.4325e+12 168.30109 7.47 0.08733 0.28373 0.14814 -44.25507 117.63876 150.59618 0.45849 0.42728 22.83564 85.93264 -24.68328 0.7411 2.639e+13 3.622e+13
97 95 1.7807e+13 574.60 545.58 637.077 66.075 97 1.85018 18.44550 53.30955 -103.36 284.48 -127.68 4.465e+13 7.377e+12 -6.417e+13 0.01757 66.07487 1.7807e+13 1.7807e+13 1.7505e+13 1.1770e+13 6.6398e+12 59.19687 0.00 0.01957 0.96550 0.33246 -26.59847 84.97266 39.68070 0.79952 0.30751 -36.81415 60.77099 43.39359 0.6163 1.775e+13 9.054e+12
98 96 3.3199e+12 300.28 247.01 363.947 59.989 32 0.97086 20.30500 53.94180 -45.68 71.57 -142.53 2.451e+12 -4.997e+12 -7.847e+12 0.02491 59.98886 3.3199e+12 3.3199e+12 3.3199e+12 1.2072e+12 0.0000e+00 51.96794 0.00 0.03941 0.93798 0.83145 -38.49426 125.24634 -24.87573 0.75075 0.43102 5.63589 31.25043 67.10133 0.6594 3.345e+12 2.113e+12
99 89 2.2937e+13 596.68 554.80 693.179 90.166 104 65.94054 92.18332 27.16273 178.42 302.39 38.05 -1.582e+14 1.903e+13 7.770e+13 0.02466 90.16605 2.2937e+13 2.3239e+13 2.0221e+13 1.1469e+13 7.2434e+12 129.27510 0.00 0.02897 0.56786 0.39134 -10.58482 -34.31776 107.63652 0.67531 0.58610 6.71093 17.29871 76.99238 0.6054 1.994e+13 1.117e+13
100 100 1.1469e+13 513.14 456.25 550.177 49.207 118 90.28722 90.47699 23.15066 -50.14 311.59 -73.66 -2.449e+11 5.685e+13 6.617e+13 0.04223 49.20695 1.1469e+13 1.1469e+13 1.1167e+13 8.7524e+12 4.8289e+12 59.70568 10.74 0.04526 0.16722 0.11698 -35.42390 82.51330 -77.76059 0.12485 0.02953 -26.75118 71.34365 -70.09578 0.5860 1.219e+13 5.131e+12
101 105 1.8108e+12 247.40 246.29 297.366 46.635 65 75.71080 32.17979 61.86230 194.73 -66.66 -133.60 1.355e+12 -3.607e+11 -1.876e+13 0.06059 46.63531 1.8108e+12 1.8108e+12 1.8108e+12 9.0542e+11 0.0000e+00 42.11194 0.00 0.21158 0.54742 0.23707 -5.32388 -34.00653 107.36341 0.68335 0.00000 -27.25495 8.98218 71.12112 1.0879 5.046e+12 9.054e+11
102 106 9.0542e+11 188.87 152.85 236.020 47.672 47 78.42899 30.45139 64.00200 -3.45 -3.16 1.68 3.643e+12 -2.220e+12 4.995e+12 0.19199 47.67214 9.0542e+11 1.8108e+12 9.0542e+11 0.0000e+00 0.0000e+00 129.44470 152.85 0.23459 0.00000 0.00000 0.00000 0.00000 0.00000 0.00000 0.00000 0.00000 0.00000 0.00000 2.9157 4.105e+12 6.036e+11
103 108 6.6398e+12 347.23 280.17 458.545 173.446 43 42.10443 29.80164 75.35685 268.64 59.40 -209.68 -4.478e+12 2.256e+13 -1.876e+13 0.02856 173.44627 6.6398e+12 6.9416e+12 4.8289e+12 1.8108e+12 0.0000e+00 59.45307 17.59 0.03829 0.60308 0.36832 119.63738 -40.69158 -33.59813 0.95226 0.65809 -22.35539 70.87098 46.11874 0.5457 7.127e+12 1.056e+13
104 109 4.2253e+12 297.83 199.71 394.412 165.596 66 43.32793 30.56513 75.83254 60.71 -46.76 -363.76 3.349e+13 2.177e+13 3.699e+12 0.07897 165.59627 4.2253e+12 4.2253e+12 1.5090e+12 0.0000e+00 0.0000e+00 62.13546 32.53 0.10992 0.66536 0.12334 17.75559 -34.83226 189.14839 0.00000 0.00000 0.00000 0.00000 0.00000 0.4676 4.940e+12 7.847e+12
105 114 3.3199e+12 285.59 211.90 363.947 85.980 71 59.67849 83.11671 33.83577 350.01 21.25 -19.48 -8.062e+11 -1.557e+13 -1.624e+13 0.06126 85.98013 3.3199e+12 3.3199e+12 2.7163e+12 0.0000e+00 0.0000e+00 29.81241 0.00 0.09220 0.17898 0.08346 -49.99578 136.85785 -113.93620 0.00000 0.00000 0.00000 0.00000 0.00000 0.5712 6.594e+12 3.320e+12
106 162 7.8470e+12 386.98 324.45 484.803 99.754 100 75.73524 57.39487 50.50330 -520.34 117.17 3.73 3.527e+13 -6.237e+12 -2.590e+13 0.03382 99.75420 7.8470e+12 8.1488e+12 7.2434e+12 1.8108e+12 0.0000e+00 68.90622 0.00 0.04316 0.24085 0.04067 13.49726 157.39496 -96.98033 0.59074 0.11047 -25.22035 8.31598 91.80256 0.5681 1.022e+13 6.640e+12
107 104 1.4487e+13 451.80 431.18 594.732 208.718 96 53.38051 55.56745 37.24501 56.42 -139.26 -23.19 -3.027e+12 -8.542e+13 1.095e+13 0.02123 208.71828 1.4487e+13 1.4789e+13 1.2072e+13 4.8289e+12 0.0000e+00 40.06857 0.00 0.03029 0.86271 0.27553 30.60905 146.91119 -25.35913 0.18472 0.00315 -69.84506 63.63694 92.11495 0.6587 1.239e+13 1.750e+13
108 112 1.2072e+12 209.96 166.75 259.773 48.889 35 98.22755 37.83901 63.26372 -482.82 -266.43 -81.29 -5.265e+12 -9.528e+11 8.060e+12 0.02769 48.88898 1.2072e+12 1.2072e+12 1.2072e+12 0.0000e+00 0.0000e+00 87.95763 0.00 0.21389 0.53456 0.13831 133.44485 -26.50494 73.49661 0.00000 0.00000 0.00000 0.00000 0.00000 1.0326 2.851e+12 6.036e+11
109 117 1.4789e+13 527.05 461.06 598.834 69.696 93 87.44714 52.05230 70.61057 -214.54 -414.11 -268.93 5.915e+13 3.692e+12 -9.630e+13 0.03449 69.69598 1.4789e+13 1.5090e+13 1.3883e+13 1.2072e+13 1.8108e+12 19.09322 0.00 0.03840 0.81813 0.56944 -30.74530 -86.13989 87.94155 0.79224 0.39618 69.89389 66.41240 -39.29494 0.5675 1.584e+13 7.545e+12
110 103 2.3843e+13 563.83 539.61 702.183 138.359 92 52.03386 52.71000 39.63367 184.45 -100.01 -161.31 -5.118e+13 -1.620e+14 -4.062e+13 0.02214 138.35919 2.3843e+13 2.3843e+13 2.2334e+13 1.4185e+13 3.0181e+12 89.12448 6.88 0.02677 0.67255 0.29609 108.08853 -38.47927 -80.02262 0.37268 0.21018 73.53767 -55.14335 -43.42664 0.6036 2.198e+13 2.113e+13
111 141 6.0361e+12 347.55 320.41 444.206 107.740 92 71.06790 25.14084 3.86071 146.50 -511.24 106.64 -1.693e+13 1.304e+13 3.231e+12 0.02435 107.73970 6.0361e+12 6.0361e+12 4.5271e+12 3.3199e+12 0.0000e+00 61.65092 0.00 0.03268 0.19564 0.02401 -81.89861 -44.11752 115.73780 0.23071 0.05330 -38.10011 -33.46937 84.56422 0.6142 9.970e+12 6.036e+12
112 115 8.4506e+12 375.14 305.21 496.928 212.041 89 29.18583 25.39262 15.50230 228.05 -432.64 4.45 -6.827e+12 -1.682e+13 4.783e+12 0.01202 212.04111 8.4506e+12 8.4506e+12 6.3380e+12 1.8108e+12 0.0000e+00 72.64412 27.60 0.01620 0.28393 0.06371 165.75281 -2.56006 -44.31616 0.24093 0.09370 103.61720 -26.94953 -33.65738 0.5608 7.581e+12 1.298e+13
113 118 2.0523e+13 531.40 516.65 667.950 140.956 87 5.15400 12.68021 10.77350 -135.37 -158.61 -301.74 6.591e+13 8.474e+13 -1.279e+14 0.02768 140.95578 2.0523e+13 2.0825e+13 1.9617e+13 1.1469e+13 4.5271e+12 42.72776 0.00 0.03285 0.88239 0.27549 91.14026 2.48236 80.72076 0.70760 0.34769 85.85372 -9.82578 -29.98419 0.6005 1.841e+13 1.841e+13
114 119 2.2937e+13 559.80 554.25 693.179 131.192 86 38.31709 52.14875 42.79158 272.73 -98.31 -34.93 -1.441e+14 7.021e+13 -1.022e+13 0.02211 131.19182 2.2937e+13 2.2937e+13 2.2334e+13 1.4487e+13 4.8289e+12 67.04264 0.00 0.02625 0.81294 0.59400 -79.22814 80.10090 -46.08127 0.92576 0.45351 -29.65736 71.43848 42.21753 0.6126 2.089e+13 1.901e+13
115 120 1.2374e+13 490.05 432.75 564.290 70.157 85 81.91264 29.96472 66.99687 -70.61 -57.17 -34.61 7.303e+13 -3.687e+13 -2.872e+13 0.03492 70.15662 1.2374e+13 1.2676e+13 9.9596e+12 7.8470e+12 3.9235e+12 8.12669 0.00 0.03963 0.71895 0.44770 77.13065 49.33233 52.96844 0.73366 0.32888 63.96370 48.00424 54.84756 0.5753 1.285e+13 7.243e+12
116 143 1.2676e+13 500.44 436.32 568.841 66.342 80 61.70295 41.78508 68.50233 -60.26 -234.14 -322.12 1.354e+11 1.739e+13 4.270e+13 0.01883 66.34182 1.2676e+13 1.2676e+13 1.1770e+13 1.0563e+13 3.0181e+12 77.45245 0.00 0.02025 0.71972 0.55907 108.26530 -12.70342 -19.74386 0.43871 0.18395 114.94441 -24.06974 -7.37898 0.5399 1.366e+13 6.640e+12
117 124 3.9235e+12 291.43 241.35 384.789 144.836 38 41.37940 0.95949 23.55426 309.68 365.72 37.58 3.017e+12 1.394e+13 2.525e+13 0.06117 144.83577 3.9235e+12 3.9235e+12 3.0181e+12 1.8108e+12 0.0000e+00 57.80371 17.04 0.08993 0.13546 0.00733 88.29804 -27.25963 -56.05808 0.00000 0.00000 36.63254 -18.62091 -11.82365 0.5928 4.852e+12 5.734e+12
118 125 8.1488e+12 439.11 335.80 490.941 52.926 41 42.78977 0.93157 23.18291 10.87 356.81 73.81 4.162e+12 1.053e+13 -2.734e+13 0.02828 52.92569 8.1488e+12 8.1488e+12 8.1488e+12 6.6398e+12 2.1127e+12 26.27108 0.00 0.02714 0.15496 0.09093 6.36181 13.37637 149.69287 0.07258 0.00157 15.75642 7.41872 145.51517 0.4316 9.011e+12 4.225e+12
119 126 1.3280e+13 564.44 484.89 577.730 42.678 79 85.94884 70.96586 9.97728 -312.19 194.01 73.73 4.121e+12 8.404e+13 2.386e+13 0.03241 42.67778 1.3280e+13 1.3581e+13 1.1167e+13 8.1488e+12 5.1307e+12 49.02745 0.00 0.03554 0.84493 0.65664 47.10205 -33.25644 68.69138 0.95074 0.78047 57.77726 -13.52798 36.64600 0.6003 1.357e+13 5.433e+12
120 -1 1.2072e+12 196.01 220.82 259.773 116.415 79 68.73743 24.12413 93.49311 269.19 -281.19 234.55 9.343e+11 5.884e+12 1.013e+13 0.32226 116.41454 1.2072e+12 1.2072e+12 0.0000e+00 0.0000e+00 0.0000e+00 113.44073 227.37 0.25973 0.61046 0.28205 171.64011 -4.76190 -61.34649 0.00000 0.00000 0.00000 0.00000 0.00000 4.9202 2.804e+12 3.923e+12
121 127 1.0563e+13 417.34 345.95 535.300 134.242 77 25.18178 58.32095 24.95388 268.58 -112.74 235.54 5.267e+13 -3.209e+13 4.144e+13 0.03251 134.24196 1.0563e+13 1.0563e+13 8.7524e+12 2.1127e+12 0.0000e+00 155.06401 0.00 0.04422 0.12722 0.01351 -192.36043 -118.14806 268.24811 0.73371 0.68281 100.25050 21.59329 -56.78491 0.5885 9.411e+12 1.056e+13
122 128 3.3199e+12 287.73 198.57 363.947 80.724 76 86.93684 48.82702 71.27350 -32.27 -272.80 -100.61 5.196e+12 6.271e+12 -5.086e+12 0.03011 80.72418 3.3199e+12 3.3199e+12 3.3199e+12 6.0361e+11 0.0000e+00 82.76698 0.00 0.03933 0.27854 0.06228 -116.85445 185.34375 81.79332 0.00000 0.00000 0.00000 0.00000 0.00000 0.4630 8.205e+12 2.716e+12
123 123 1.1770e+13 472.83 436.95 554.961 76.184 75 95.95659 95.01691 91.82925 62.74 493.13 357.32 -4.085e+13 -1.171e+13 7.717e+13 0.03912 76.18428 1.1770e+13 1.1770e+13 1.1770e+13 8.1488e+12 3.6217e+12 27.10817 0.00 0.04377 0.85483 0.45870 23.35185 83.20603 46.02009 0.64442 0.33325 -28.62506 0.65539 77.38699 0.5748 1.105e+13 7.847e+12
124 133 1.3883e+13 588.61 509.95 586.355 38.965 75 36.98341 27.39041 50.40257 477.98 -154.08 -151.62 -7.000e+13 2.559e+13 3.021e+13 0.03049 38.96540 1.3883e+13 1.4185e+13 1.3581e+13 1.1167e+13 6.6398e+12 11.74005 0.00 0.03035 0.97954 0.93458 34.44765 -21.38938 71.88404 0.72381 0.61072 75.70051 -10.90275 23.66579 0.5693 1.796e+13 5.433e+12
125 110 1.8410e+13 526.82 464.23 644.195 112.195 74 22.13295 13.79143 29.66009 235.36 2.28 15.08 -7.392e+13 2.655e+14 5.761e+13 0.05803 112.19546 1.8410e+13 1.8712e+13 1.7807e+13 1.2072e+13 0.0000e+00 47.61215 0.00 0.06638 0.73952 0.34120 133.46497 54.22415 -35.34338 0.54319 0.13187 117.01236 46.29631 -2.23139 0.5478 1.648e+13 1.328e+13
126 142 1.2072e+13 508.25 470.82 559.664 56.271 72 3.19646 0.27940 1.22669 -171.57 519.46 -89.23 -2.493e+13 -1.507e+13 3.107e+13 0.01891 56.27092 1.2072e+13 1.2072e+13 1.1770e+13 9.3560e+12 4.8289e+12 36.06429 0.00 0.02029 0.84710 0.50575 69.20437 40.14398 62.43130 0.83417 0.49048 28.31011 50.44150 64.85238 0.5880 1.244e+13 6.640e+12
127 140 1.3883e+13 466.03 420.66 586.355 124.661 72 65.15431 86.19379 45.04266 207.57 -76.08 59.96 2.441e+14 4.121e+13 2.108e+13 0.07823 124.66131 1.3883e+13 1.3883e+13 1.2676e+13 7.5452e+12 0.0000e+00 45.11539 0.00 0.09373 0.19436 0.06685 -21.37289 200.15942 -4.37353 0.14492 0.03137 -22.57408 190.61237 -1.86214 0.5693 1.270e+13 1.237e+13
128 129 1.3883e+13 540.32 476.37 586.355 55.254 68 57.37784 0.36343 67.18126 264.07 64.56 1.66 2.584e+13 -9.470e+12 2.898e+13 0.01472 55.25434 1.3883e+13 1.3883e+13 1.2978e+13 9.9596e+12 4.8289e+12 54.25954 0.00 0.01508 0.91630 0.79748 -31.66774 44.62656 69.27831 0.73340 0.51501 61.68410 -29.02296 -38.91568 0.5486 1.381e+13 7.243e+12
129 130 5.4325e+12 389.00 284.89 428.876 43.357 56 71.92992 64.90167 53.17112 31.79 -187.97 -759.16 1.546e+13 -2.320e+13 1.239e+13 0.05575 43.35736 7.5452e+12 5.7343e+12 5.4325e+12 4.2253e+12 0.0000e+00 98.26818 35.15 0.05498 0.20995 0.03988 -22.39273 -81.64139 86.74414 0.02761 0.00657 -22.97641 -95.70090 101.80349 0.4227 6.486e+12 2.414e+12
130 165 1.2374e+13 521.03 440.48 564.290 52.710 67 62.30223 9.37374 89.17647 67.45 136.01 -53.85 3.299e+13 6.634e+13 -3.270e+13 0.03462 52.70985 1.2374e+13 1.2374e+13 1.1469e+13 7.5452e+12 5.1307e+12 46.98903 0.00 0.03702 0.60438 0.42322 -21.36750 41.25377 82.95206 0.54212 0.41377 -2.63208 14.88493 77.75703 0.5515 1.157e+13 5.734e+12
131 122 1.5996e+13 548.22 507.75 614.704 67.165 67 96.11752 28.58909 63.88912 -58.63 118.61 122.91 1.512e+13 -1.228e+14 4.097e+12 0.03264 67.16472 1.5996e+13 1.5996e+13 1.4185e+13 1.2072e+13 5.4325e+12 65.95340 0.00 0.03688 0.68199 0.36379 89.58693 51.04836 49.87784 0.58489 0.38242 37.52882 -25.29376 74.06207 0.6083 1.637e+13 6.942e+12
132 121 5.4325e+12 341.69 291.92 428.876 89.523 67 41.76163 22.46875 13.72599 -21.84 -262.11 144.99 -1.124e+13 1.211e+13 -1.655e+13 0.02837 89.52334 5.4325e+12 5.7343e+12 4.8289e+12 9.0542e+11 0.0000e+00 43.89899 24.80 0.04214 0.46940 0.07774 134.22740 66.25644 47.48683 0.50561 0.13825 104.90655 29.81850 -3.84342 0.6377 6.754e+12 4.527e+12
133 131 1.2978e+13 505.31 449.03 573.320 66.266 65 46.30773 93.51579 75.99952 206.48 91.47 60.88 1.303e+13 2.760e+13 -1.921e+13 0.01328 66.26634 1.2978e+13 1.2978e+13 9.9596e+12 8.1488e+12 4.8289e+12 70.01947 0.00 0.01523 0.82287 0.41928 74.49091 -45.08214 -34.37392 0.72890 0.35401 4.88488 85.23003 5.51065 0.5983 1.176e+13 7.545e+12
134 -1 4.5271e+12 392.28 200.83 403.588 30.432 65 2.86906 12.36923 9.24511 -13.76 -103.20 -168.29 -3.033e+12 -3.965e+12 6.951e+12 0.02382 30.43175 4.5271e+12 4.5271e+12 4.2253e+12 3.0181e+12 0.0000e+00 30.57737 0.00 0.02090 0.44833 0.22673 -82.83743 -10.59924 98.03395 0.18978 0.03378 86.71341 34.74283 -48.53109 0.2579 5.555e+12 1.509e+12
135 145 4.2253e+12 299.57 295.68 394.412 138.928 63 20.02184 12.60887 44.74697 334.62 96.93 -153.82 2.193e+13 2.906e+12 1.505e+13 0.00223 138.92789 4.2253e+12 4.2253e+12 3.0181e+11 0.0000e+00 0.0000e+00 123.85802 38.63 0.07332 0.73854 0.00092 25.75452 202.41286 8.77597 0.00000 0.00000 0.00000 0.00000 0.00000 0.9990 9.719e+12 7.243e+12
136 139 1.2072e+13 443.77 386.62 559.664 121.220 61 0.58798 24.99032 71.00146 -440.39 -9.76 39.31 -4.688e+13 1.323e+12 -1.914e+12 0.01989 121.21989 1.2072e+13 1.2072e+13 1.0563e+13 6.6398e+12 2.1127e+12 72.88858 0.00 0.02236 0.72156 0.28719 79.53680 40.92136 -37.19743 0.87775 0.23873 65.47753 37.01737 -15.96090 0.5264 1.105e+13 1.026e+13
137 147 1.3581e+13 576.27 491.06 582.075 40.811 61 79.02087 10.01431 62.33567 -119.54 139.40 30.87 -7.813e+12 3.487e+13 1.252e+13 0.01287 40.81142 1.3581e+13 1.3581e+13 1.2072e+13 9.0542e+12 5.1307e+12 57.83860 0.00 0.01482 0.71168 0.55964 66.66911 -42.69649 -7.66610 0.73762 0.48984 51.01207 -31.39663 13.02099 0.6234 1.391e+13 4.829e+12
138 150 2.7163e+12 263.11 155.60 340.399 93.272 60 44.83812 85.27403 74.27158 196.94 327.73 38.12 9.689e+12 -2.521e+12 -1.103e+13 0.06037 93.27235 2.7163e+12 2.7163e+12 1.2072e+12 0.0000e+00 0.0000e+00 30.97371 0.00 0.08525 0.67099 0.34860 184.34665 78.41273 -69.49062 0.00000 0.00000 0.00000 0.00000 0.00000 0.4211 5.907e+12 2.716e+12
139 136 1.2072e+12 232.53 175.85 259.773 27.902 59 70.42299 85.63811 40.90675 -395.20 57.69 110.37 1.919e+12 9.383e+11 1.615e+12 0.02131 27.90182 1.2072e+12 1.2072e+12 1.2072e+12 9.0542e+11 0.0000e+00 66.79086 0.00 0.05920 0.57862 0.03282 12.86694 102.93748 14.42065 0.00000 0.00000 14.68658 101.93634 9.20486 0.8197 3.653e+12 3.018e+11
140 134 2.7163e+12 257.50 218.49 340.399 132.784 59 44.20148 20.80958 41.61813 82.25 -134.16 251.79 -1.173e+13 1.007e+13 1.785e+12 0.03288 132.78375 2.7163e+12 2.7163e+12 9.0542e+11 0.0000e+00 0.0000e+00 80.99552 21.20 0.08907 0.60547 0.01887 134.33743 64.73388 -80.52004 0.00000 0.00000 0.00000 0.00000 0.00000 0.8289 4.246e+12 3.018e+12
141 155 7.2434e+12 381.64 265.59 472.039 88.651 58 99.14690 17.17891 78.66261 -17.82 305.89 102.99 2.752e+12 -1.217e+13 -3.495e+12 0.01410 88.65137 7.2434e+12 7.2434e+12 7.2434e+12 3.9235e+12 0.0000e+00 23.86166 0.00 0.01446 0.76272 0.30063 9.45334 -81.99913 107.93262 0.54869 0.32920 38.62059 -66.58091 69.74848 0.3813 6.987e+12 5.734e+12
142 153 1.0261e+13 544.97 476.14 530.152 32.209 58 70.69960 25.89127 18.96206 -265.06 -42.17 -120.84 2.410e+13 1.458e+13 4.453e+13 0.03216 32.20928 1.0261e+13 1.0261e+13 9.3560e+12 8.1488e+12 6.0361e+12 53.62636 0.00 0.03291 0.57523 0.47068 93.45141 -12.44681 -7.58902 0.70711 0.53961 76.22519 -19.28913 -12.40491 0.5957 1.345e+13 3.622e+12
143 148 3.9235e+12 370.04 208.67 384.789 30.290 57 62.39227 75.42753 31.79685 -34.46 164.68 0.08 2.695e+12 -1.487e+12 -1.899e+13 0.06752 30.29016 3.9235e+12 4.2253e+12 3.9235e+12 3.3199e+12 1.2072e+12 34.44589 0.00 0.05966 0.27191 0.12901 85.57370 15.95828 -37.97064 0.15950 0.02062 84.85969 19.19751 -41.58019 0.2756 4.975e+12 1.207e+12
144 149 6.0361e+11 179.81 0.00 206.182 25.103 56 95.40173 28.23111 70.87597 -68.86 -1.42 -142.59 0.000e+00 0.000e+00 0.000e+00 0.00000 25.10292 6.0361e+11 6.0361e+11 6.0361e+11 3.0181e+11 0.0000e+00 105.26522 0.00 0.00000 0.00000 0.00000 0.00000 0.00000 0.00000 0.00000 0.00000 0.00000 0.00000 0.00000 0.0000 4.569e+12 0.000e+00
145 158 2.1127e+12 246.98 116.10 313.045 70.611 55 51.48705 57.02925 36.98660 513.92 -325.22 49.44 -1.561e+12 -2.698e+12 -1.710e+12 0.02538 70.61095 2.1127e+12 2.1127e+12 1.5090e+12 0.0000e+00 0.0000e+00 59.31306 23.76 0.03092 0.31921 0.00000 77.07309 137.28481 55.46559 0.00000 0.00000 0.00000 0.00000 0.00000 0.2467 4.224e+12 1.509e+12
146 156 4.2253e+12 318.03 172.34 394.412 75.454 54 92.79379 97.40946 13.28232 65.91 301.59 34.01 6.158e+12 -1.562e+12 6.398e+12 0.02265 75.45433 4.2253e+12 4.2253e+12 4.2253e+12 0.0000e+00 0.0000e+00 14.20325 0.00 0.02471 0.45136 0.00759 126.33604 -52.17285 -105.69475 0.00000 0.00000 0.00000 0.00000 0.00000 0.2779 4.703e+12 3.320e+12
147 166 1.0563e+13 496.56 395.68 535.300 49.006 54 54.41550 38.28001 52.91159 -255.02 -51.34 -117.35 5.968e+12 -4.041e+12 -1.677e+12 0.00461 49.00563 1.0563e+13 1.0865e+13 9.9596e+12 8.4506e+12 3.6217e+12 33.18100 0.00 0.00440 0.83185 0.61681 79.47344 -4.85189 51.70727 0.67625 0.33697 69.71532 27.88676 32.52276 0.4670 1.183e+13 5.131e+12
148 161 1.8108e+12 231.23 245.90 297.366 76.496 53 97.00491 97.02271 92.96201 60.81 362.65 263.77 8.025e+12 1.361e+13 -7.197e+12 0.15762 76.49599 1.8108e+12 2.1127e+12 3.0181e+11 3.0181e+11 0.0000e+00 83.71634 111.00 0.19531 0.21543 0.07354 -55.65451 57.50119 97.73079 0.00000 0.00000 0.00000 0.00000 0.00000 2.0319 6.178e+12 1.811e+12
149 164 6.6398e+12 348.53 259.47 458.545 159.187 53 57.07727 48.70037 16.22895 -35.85 -141.58 269.04 -1.512e+13 -1.476e+11 1.653e+13 0.02112 159.18715 6.6398e+12 6.6398e+12 3.6217e+12 3.0181e+11 0.0000e+00 81.01758 7.33 0.02891 0.35099 0.28318 11.93207 118.91492 168.77449 0.00000 0.00000 0.00000 0.00000 0.00000 0.5276 7.558e+12 9.658e+12
150 168 1.2072e+12 205.96 111.93 259.773 56.313 52 86.38187 49.07570 79.25179 -19.37 -358.26 -314.64 7.066e+11 7.379e+11 -4.277e+12 0.04678 56.31255 1.2072e+12 1.2072e+12 1.2072e+12 0.0000e+00 0.0000e+00 88.31837 0.00 0.09722 0.38764 0.10650 -102.11646 128.99521 -96.07318 0.00000 0.00000 0.00000 0.00000 0.00000 0.4952 5.361e+12 6.036e+11
151 157 3.6217e+12 292.01 196.38 374.658 94.210 52 5.52480 14.79402 92.77739 -123.10 -284.39 60.03 5.323e+12 -1.163e+12 -7.888e+12 0.02581 94.20963 3.6217e+12 3.6217e+12 1.8108e+12 9.0542e+11 0.0000e+00 59.48806 0.00 0.03397 0.44454 0.04842 66.64504 -85.11652 101.77055 0.63153 0.01398 -33.37822 40.75454 99.82640 0.4436 4.658e+12 3.622e+12
152 -1 2.7163e+12 265.25 165.20 340.399 85.795 51 56.77907 55.89211 25.03432 -113.28 -128.38 160.57 -1.554e+12 3.413e+12 -1.474e+12 0.01589 85.79547 2.7163e+12 2.7163e+12 2.1127e+12 3.0181e+11 0.0000e+00 69.78207 0.00 0.02306 0.33660 0.00906 8.65805 76.21246 108.35419 0.00000 0.00000 0.00000 0.00000 0.00000 0.4611 4.488e+12 2.716e+12
153 167 6.3380e+12 360.45 265.09 451.489 92.781 51 2.99353 97.25195 1.98252 -64.75 777.12 27.69 1.428e+13 -1.590e+13 -9.552e+12 0.02915 92.78114 6.3380e+12 6.3380e+12 4.5271e+12 3.6217e+12 0.0000e+00 25.68250 0.00 0.03263 0.17426 0.01545 -21.31284 157.17729 -10.69805 0.28109 0.10594 -24.36728 115.14828 -4.45910 0.4390 5.467e+12 4.527e+12
154 151 5.7343e+12 348.63 233.77 436.676 89.729 50 50.31734 63.71615 14.50522 160.22 -56.33 273.53 1.829e+13 9.778e+11 -3.336e+12 0.02788 89.72851 5.7343e+12 5.7343e+12 5.1307e+12 2.4145e+12 0.0000e+00 52.42895 0.00 0.03066 0.31401 0.13079 88.72007 79.89531 110.20515 0.00000 0.00000 84.51843 70.81985 92.07726 0.3869 5.563e+12 5.131e+12
155 160 9.0542e+12 384.48 307.11 508.489 201.389 49 1.96585 0.40510 4.54452 7.57 332.17 -146.34 1.931e+13 -1.065e+14 2.307e+13 0.06718 201.38898 9.0542e+12 9.0542e+12 7.2434e+12 1.2072e+12 0.0000e+00 71.38879 26.62 0.08517 0.92456 0.04335 -39.96290 106.45159 81.24058 0.91473 0.76028 69.94831 19.29933 -0.48394 0.5192 7.661e+12 1.026e+13
156 172 6.9416e+12 389.75 279.19 465.390 70.251 47 1.10688 93.77674 15.49090 -279.56 484.27 -125.50 -1.823e+13 4.309e+12 -8.296e+12 0.02274 70.25102 6.9416e+12 6.9416e+12 6.0361e+12 5.1307e+12 0.0000e+00 24.84964 14.22 0.02454 0.92406 0.30329 -0.94682 96.71698 -67.41674 0.26291 0.05053 35.39470 12.76129 80.22683 0.4309 6.515e+12 5.131e+12
157 176 6.0361e+11 175.83 0.00 206.182 28.161 47 0.28903 22.93609 80.60497 -0.19 -575.67 -282.75 0.000e+00 0.000e+00 0.000e+00 0.00000 28.16098 6.0361e+11 6.0361e+11 6.0361e+11 0.0000e+00 0.0000e+00 116.42910 0.00 0.00000 0.00000 0.00000 0.00000 0.00000 0.00000 0.00000 0.00000 0.00000 0.00000 0.00000 0.0000 1.994e+12 0.000e+00
158 -1 9.0542e+11 186.46 215.01 236.020 52.655 47 69.05687 77.36092 47.76651 96.05 80.22 18.73 -2.561e+11 2.542e+12 -1.199e+12 0.12052 52.65535 9.0542e+11 1.2072e+12 9.0542e+11 3.0181e+11 0.0000e+00 114.87864 180.52 0.10077 0.00000 0.00000 0.00000 0.00000 0.00000 0.00000 0.00000 0.00000 0.00000 0.00000 6.1267 2.554e+12 6.036e+11
159 163 4.8289e+12 313.23 235.05 412.364 144.953 47 25.07209 39.28747 29.40233 314.47 -271.83 -29.34 2.169e+13 5.897e+11 -1.411e+13 0.04716 144.95308 4.8289e+12 4.8289e+12 3.9235e+12 1.8108e+12 0.0000e+00 35.64057 15.08 0.05677 0.53131 0.24388 104.79328 -53.33016 21.76995 0.45162 0.24259 76.93752 -15.87977 35.99098 0.4575 4.139e+12 6.036e+12
160 173 6.0361e+12 352.42 245.29 444.206 95.768 45 47.33753 45.22654 77.72218 -59.51 -211.49 -117.35 1.356e+13 2.524e+13 3.043e+13 0.05900 95.76755 6.0361e+12 6.3380e+12 5.4325e+12 3.0181e+12 0.0000e+00 36.16501 15.13 0.06320 0.67658 0.58975 113.44765 59.39455 6.66993 0.92610 0.72409 85.07751 -5.75851 32.46058 0.3888 6.186e+12 5.131e+12
161 169 3.3199e+12 282.79 147.43 363.947 94.331 45 46.63452 30.43401 73.47713 -136.91 -39.82 -69.62 1.915e+12 -4.715e+11 -4.088e+11 0.00680 94.33140 3.3199e+12 3.3199e+12 3.0181e+12 0.0000e+00 0.0000e+00 50.86155 10.18 0.00825 0.46315 0.21964 -130.15770 -43.80558 138.50261 0.00000 0.00000 0.00000 0.00000 0.00000 0.3178 4.910e+12 3.320e+12
162 177 6.6398e+12 387.29 249.00 458.545 66.001 44 23.41121 32.02274 54.57994 163.17 -31.85 -52.41 2.483e+13 -1.274e+13 1.468e+13 0.04271 66.00132 6.6398e+12 6.6398e+12 5.7343e+12 3.9235e+12 1.2072e+12 51.52169 18.50 0.04067 0.87818 0.30033 53.50574 63.37035 -28.09713 0.78489 0.22088 67.53934 -14.11820 -35.28558 0.3229 6.462e+12 3.923e+12
163 180 6.3380e+12 465.15 320.10 451.489 27.203 43 72.60816 78.66943 17.19629 -261.15 274.34 85.76 5.927e+12 2.467e+11 3.227e+12 0.01142 27.20274 6.3380e+12 6.3380e+12 6.0361e+12 5.7343e+12 3.6217e+12 21.10145 0.00 0.00941 0.83929 0.58223 73.74300 -2.71268 -6.53047 0.87482 0.55013 72.46458 2.90366 2.91188 0.3674 8.292e+12 2.716e+12
164 137 3.0181e+12 278.70 138.89 352.567 78.267 43 92.37944 12.28218 8.67938 -39.92 -6.22 -240.43 -3.204e+12 -4.256e+12 -1.087e+13 0.05500 78.26671 3.0181e+12 3.0181e+12 2.4145e+12 1.5090e+12 0.0000e+00 50.34489 0.00 0.05811 0.42749 0.04686 18.78401 58.56231 79.43548 0.70073 0.00000 21.21456 -17.24097 59.90903 0.2261 4.193e+12 2.414e+12
165 183 1.2072e+12 199.46 119.31 259.773 77.055 41 53.04322 90.53384 67.60039 118.33 255.78 51.22 2.232e+12 5.418e+12 -2.649e+12 0.06602 77.05529 1.2072e+12 1.2072e+12 9.0542e+11 6.0361e+11 0.0000e+00 80.73704 77.96 0.14217 0.18686 0.00000 -31.28993 108.67964 -27.71673 0.00000 0.00000 0.00000 0.00000 0.00000 0.6308 3.383e+12 1.811e+12
166 174 1.2072e+12 204.66 138.25 259.773 59.296 41 52.99693 66.48170 18.42838 137.52 -119.45 113.61 1.037e+13 1.452e+12 5.443e+11 0.06289 59.29590 1.2072e+12 1.5090e+12 6.0361e+11 3.0181e+11 0.0000e+00 77.50483 41.04 0.23190 0.82606 0.00000 75.75697 22.97522 52.56358 0.00000 0.00000 0.00000 0.00000 0.00000 0.8465 3.860e+12 6.036e+11
167 189 3.3199e+12 290.35 233.64 363.947 75.199 41 73.80781 32.28851 55.58783 -105.52 22.80 111.22 -2.127e+13 4.533e+11 7.894e+11 0.05901 75.19894 3.3199e+12 3.3199e+12 3.3199e+12 9.0542e+11 0.0000e+00 39.93325 0.00 0.08718 0.49671 0.15015 77.67529 -71.69117 30.44761 0.47812 0.12400 -1.70812 105.41753 -4.94251 0.5976 4.373e+12 2.716e+12
168 181 1.2072e+12 209.87 181.95 259.773 49.032 41 65.77188 49.35907 47.42834 -100.83 70.22 73.69 -6.376e+11 -5.634e+11 -4.195e+11 0.00747 49.03247 1.2072e+12 1.2072e+12 1.2072e+12 6.0361e+11 0.0000e+00 71.70154 0.00 0.02097 0.41646 0.12429 122.86080 -75.03133 -21.04405 0.00000 0.00000 0.00000 0.00000 0.00000 1.2267 3.815e+12 6.036e+11
169 185 9.0542e+11 182.91 135.05 236.020 62.850 40 76.32936 30.22628 58.62633 -45.04 116.98 128.91 3.133e+12 3.898e+12 -1.146e+12 0.12875 62.84986 9.0542e+11 1.2072e+12 6.0361e+11 3.0181e+11 0.0000e+00 129.13657 126.64 0.18320 0.00000 0.00000 0.00000 0.00000 0.00000 0.00000 0.00000 0.00000 0.00000 0.00000 2.7075 3.363e+12 9.054e+11
170 179 1.8108e+12 248.88 180.97 297.366 45.052 39 99.60866 25.65447 69.16363 -172.61 53.92 226.10 -2.970e+12 5.346e+12 -5.073e+12 0.05557 45.05162 1.8108e+12 1.8108e+12 1.8108e+12 6.0361e+11 0.0000e+00 37.62210 0.00 0.08937 0.26658 0.00000 -15.45787 93.20879 73.70758 0.00000 0.00000 0.00000 0.00000 0.00000 0.5629 2.866e+12 9.054e+11
171 171 2.7163e+12 287.89 181.94 340.399 48.638 39 40.99075 29.85967 51.40400 255.70 -257.13 -264.37 3.134e+12 2.207e+12 1.736e+12 0.01866 48.63782 2.7163e+12 2.7163e+12 2.7163e+12 6.0361e+11 0.0000e+00 59.14860 0.00 0.02408 0.75871 0.29755 -33.89372 -47.26181 122.53542 0.00000 0.00000 0.00000 0.00000 0.00000 0.4392 5.717e+12 9.054e+11
172 194 2.1127e+12 249.34 134.54 313.045 65.476 35 46.83701 28.10801 68.52486 13.06 49.77 -129.89 5.596e+12 -5.722e+12 -6.455e+12 0.06295 65.47574 2.1127e+12 2.1127e+12 2.1127e+12 0.0000e+00 0.0000e+00 97.61530 0.00 0.08945 0.13495 0.00000 68.25385 78.40884 72.23526 0.00000 0.00000 0.00000 0.00000 0.00000 0.3883 3.602e+12 1.509e+12
173 198 2.4145e+12 268.09 155.32 327.294 56.420 33 73.74008 80.84940 18.58401 -305.91 36.92 -66.94 3.710e+12 2.016e+12 3.717e+12 0.02872 56.41974 2.4145e+12 2.4145e+12 2.4145e+12 0.0000e+00 0.0000e+00 20.46916 0.00 0.03917 0.00000 0.00000 164.32190 -28.26691 -68.03703 0.00000 0.00000 0.00000 0.00000 0.00000 0.4089 4.017e+12 1.207e+12
174 182 6.6398e+12 354.17 265.89 458.545 126.650 33 70.10276 82.68305 12.32263 -29.23 146.38 195.96 -6.760e+11 -2.874e+13 5.864e+12 0.02908 126.65024 6.6398e+12 6.6398e+12 5.4325e+12 9.0542e+11 0.0000e+00 38.01976 0.00 0.03785 0.56730 0.13453 -16.78133 -82.38136 138.08879 0.28038 0.00000 55.64370 53.45794 -8.03250 0.5176 6.141e+12 7.545e+12
175 202 1.8108e+12 228.15 137.29 297.366 89.068 33 48.37647 54.38403 37.63448 442.24 -91.46 179.31 1.084e+12 1.421e+12 8.620e+12 0.03889 89.06822 1.8108e+12 2.1127e+12 6.0361e+11 6.0361e+11 0.0000e+00 143.00995 96.98 0.09903 0.00000 0.00000 63.44604 -60.02045 39.31427 0.00000 0.00000 0.00000 0.00000 0.00000 0.7807 4.526e+12 2.113e+12
176 200 9.0542e+11 204.81 21.46 236.020 29.462 32 72.52479 96.18909 65.05171 -270.36 103.48 -95.53 -2.196e+11 -4.264e+11 5.470e+11 0.01510 29.46243 9.0542e+11 9.0542e+11 9.0542e+11 0.0000e+00 0.0000e+00 46.83287 0.00 0.02598 0.00000 0.00000 0.00000 0.00000 0.00000 0.00000 0.00000 0.00000 0.00000 0.00000 0.0539 3.066e+12 0.000e+00
177 192 6.0361e+11 203.28 0.00 206.182 14.695 32 68.11596 24.54427 87.64629 -13.73 -358.93 251.93 0.000e+00 0.000e+00 0.000e+00 0.00000 14.69453 6.0361e+11 6.0361e+11 6.0361e+11 6.0361e+11 0.0000e+00 52.61419 0.00 0.00000 0.00000 0.00000 0.00000 0.00000 0.00000 0.00000 0.00000 0.00000 0.00000 0.00000 0.0000 3.248e+12 3.018e+11
178 195 1.5090e+12 212.36 143.02 279.832 100.427 32 67.92949 31.60412 51.07479 -55.33 42.26 -12.06 -1.258e+12 -5.510e+12 4.674e+12 0.05082 100.42672 1.5090e+12 1.5090e+12 1.2072e+12 6.0361e+11 0.0000e+00 79.59286 70.24 0.11179 0.37195 0.00987 39.17767 34.15743 103.23488 0.00000 0.00000 0.00000 0.00000 0.00000 0.7089 3.852e+12 2.716e+12
179 208 1.2072e+12 217.78 162.31 259.773 38.982 32 87.77152 24.93042 33.36003 -179.59 -283.37 62.15 -1.521e+11 -3.090e+12 -8.594e+11 0.01878 38.98202 1.2072e+12 1.2072e+12 1.2072e+12 6.0361e+11 0.0000e+00 66.36581 0.00 0.07099 0.30751 0.05167 -50.75867 115.26148 -84.75072 0.00000 0.00000 0.00000 0.00000 0.00000 0.8862 3.002e+12 6.036e+11
180 178 1.2072e+12 208.98 112.19 259.773 50.516 32 76.54136 18.68778 3.65750 -25.08 63.74 -537.22 1.429e+12 -6.168e+11 1.004e+12 0.01703 50.51595 1.2072e+12 1.2072e+12 1.2072e+12 0.0000e+00 0.0000e+00 108.87605 0.00 0.04094 0.47919 0.19620 161.06941 -46.92794 33.46548 0.00000 0.00000 0.00000 0.00000 0.00000 0.6171 2.051e+12 6.036e+11
181 170 6.0361e+11 226.03 0.00 206.182 9.932 31 24.01426 5.22233 98.50714 -212.02 587.86 1.25 0.000e+00 0.000e+00 0.000e+00 0.00000 9.93154 6.0361e+11 6.0361e+11 6.0361e+11 6.0361e+11 0.0000e+00 39.83167 0.00 0.00000 0.00000 0.00000 0.00000 0.00000 0.00000 0.00000 0.00000 0.00000 0.00000 0.00000 0.0000 1.151e+12 3.018e+11
182 -1 6.0361e+11 162.29 0.00 206.182 47.437 31 69.43554 54.27944 49.36781 33.71 284.24 6.95 9.407e+11 1.679e+12 2.200e+11 0.20228 47.43691 6.0361e+11 6.0361e+11 3.0181e+11 3.0181e+11 0.0000e+00 70.01746 332.37 0.13597 0.00000 0.00000 0.00000 0.00000 0.00000 0.00000 0.00000 0.00000 0.00000 0.00000 0.0000 2.194e+12 6.036e+11
183 201 1.2072e+12 198.55 65.49 259.773 82.090 31 7.59293 87.24276 39.82670 -66.63 278.78 -60.36 -2.431e+12 6.529e+11 -9.605e+11 0.03414 82.09035 1.2072e+12 1.2072e+12 6.0361e+11 0.0000e+00 0.0000e+00 84.25328 45.69 0.05956 0.91560 0.00000 -58.43980 7.33367 96.89128 0.00000 0.00000 0.00000 0.00000 0.00000 0.3015 4.279e+12 1.811e+12
184 -1 1.2072e+12 198.56 140.92 259.773 82.003 31 58.83099 2.92129 78.12208 76.53 183.06 -120.67 -3.503e+12 -9.309e+12 -5.248e+12 0.10996 82.00309 1.2072e+12 1.2072e+12 6.0361e+11 3.0181e+11 0.0000e+00 142.29173 132.59 0.24863 0.30051 0.00000 90.91165 -12.77667 33.70274 0.00000 0.00000 0.00000 0.00000 0.00000 1.4452 3.900e+12 1.509e+12
185 191 3.3199e+12 277.57 263.93 363.947 118.970 30 88.57611 33.21923 67.33408 106.78 16.60 -155.02 -7.744e+11 1.631e+13 -3.920e+12 0.00499 118.97001 3.3199e+12 3.3199e+12 0.0000e+00 0.0000e+00 0.0000e+00 79.15329 50.93 0.06877 0.40375 0.07209 59.52278 137.71738 162.66776 0.00000 0.00000 0.00000 0.00000 0.00000 1.0060 2.858e+12 3.622e+12
186 211 3.3199e+12 275.86 136.54 363.947 134.292 30 15.52431 32.61307 65.59879 -6.16 -162.32 -64.10 6.391e+12 1.062e+13 -3.840e+12 0.04122 134.29213 3.3199e+12 3.3199e+12 1.8108e+12 0.0000e+00 0.0000e+00 47.46278 37.38 0.05314 0.27522 0.00000 159.44464 -108.39400 -24.09580 0.00000 0.00000 0.00000 0.00000 0.00000 0.3250 5.079e+12 6.338e+12
187 209 6.0361e+11 183.08 0.00 206.182 23.001 30 42.57613 29.69424 49.32429 438.75 -407.51 126.44 0.000e+00 0.000e+00 0.000e+00 0.00000 23.00134 6.0361e+11 6.0361e+11 6.0361e+11 3.0181e+11 0.0000e+00 61.07586 0.00 0.00000 0.00000 0.00000 0.00000 0.00000 0.00000 0.00000 0.00000 0.00000 0.00000 0.00000 0.0000 1.767e+12 3.018e+11
188 220 1.2072e+12 203.44 258.25 259.773 62.479 29 78.80100 55.02631 51.68504 -383.59 201.97 23.81 7.444e+12 3.559e+12 6.595e+12 0.26476 62.47860 1.2072e+12 1.5090e+12 9.0542e+11 0.0000e+00 0.0000e+00 95.74354 163.05 0.23352 0.39398 0.31015 151.85393 -62.17067 -22.31131 0.00000 0.00000 0.00000 0.00000 0.00000 3.5173 2.476e+12 1.207e+12
189 199 4.5271e+12 313.78 204.96 403.588 103.991 29 24.19820 61.65158 35.77369 250.43 24.61 31.98 5.946e+12 1.645e+12 2.111e+12 0.01391 103.99143 4.5271e+12 4.5271e+12 3.6217e+12 1.8108e+12 0.0000e+00 68.35645 0.00 0.01593 0.59300 0.42724 116.27211 1.80205 -12.40347 0.64504 0.01308 82.78687 18.00852 -9.36762 0.3882 4.248e+12 4.527e+12
190 213 6.0361e+11 168.86 0.00 206.182 35.582 29 32.59827 60.69173 4.23404 291.56 65.38 123.53 2.349e+12 1.345e+12 1.811e+12 0.17830 35.58222 6.0361e+11 6.0361e+11 6.0361e+11 0.0000e+00 0.0000e+00 153.28719 163.79 0.22862 0.00000 0.00000 0.00000 0.00000 0.00000 0.00000 0.00000 0.00000 0.00000 0.00000 0.0000 2.791e+12 0.000e+00
191 25 2.7163e+12 257.04 325.70 340.399 143.079 29 25.70894 10.50448 4.28961 -267.56 -106.76 -63.12 -3.557e+13 -6.134e+12 -8.087e+12 0.17905 143.07863 2.7163e+12 2.7163e+12 0.0000e+00 0.0000e+00 0.0000e+00 152.25273 96.38 0.21170 0.69251 0.13958 -41.39301 226.54556 -14.62153 0.00000 0.00000 0.00000 0.00000 0.00000 1.8980 2.610e+12 4.225e+12
192 206 3.9235e+12 298.79 143.10 384.789 100.420 28 27.98093 58.73675 33.50134 198.12 9.17 -14.26 -6.650e+12 8.047e+12 8.370e+12 0.03747 100.41990 3.9235e+12 3.9235e+12 3.3199e+12 6.0361e+11 0.0000e+00 30.14429 0.00 0.04148 0.87634 0.18955 80.73563 59.88666 110.63837 0.00000 0.00000 0.00000 0.00000 0.00000 0.2495 4.065e+12 3.923e+12
193 203 4.8289e+12 391.50 278.11 412.364 34.219 28 38.05152 35.57056 67.43225 204.45 -343.12 -139.59 6.694e+12 -5.228e+11 -3.289e+11 0.01454 34.21913 4.8289e+12 4.8289e+12 4.8289e+12 3.3199e+12 1.8108e+12 52.94859 0.00 0.01475 0.23299 0.10895 75.07110 -5.40718 78.66750 0.32540 0.07612 56.65124 5.18056 49.89566 0.4565 5.506e+12 2.113e+12
194 214 6.0361e+11 192.82 0.00 206.182 18.231 27 52.38001 41.33160 54.82227 196.72 -363.41 91.30 0.000e+00 0.000e+00 0.000e+00 0.00000 18.23147 6.0361e+11 6.0361e+11 6.0361e+11 6.0361e+11 0.0000e+00 122.78088 0.00 0.00000 0.00000 0.00000 0.00000 0.00000 0.00000 0.00000 0.00000 0.00000 0.00000 0.00000 0.0000 3.708e+12 0.000e+00
195 210 2.1127e+12 250.54 178.33 313.045 63.172 26 89.11160 29.88106 99.44204 -226.62 -615.69 90.92 5.988e+12 6.970e+12 7.792e+12 0.05329 63.17159 2.1127e+12 2.1127e+12 2.1127e+12 0.0000e+00 0.0000e+00 9.77933 0.00 0.10482 0.45124 0.09847 11.20510 154.51569 -145.96364 0.00000 0.00000 0.00000 0.00000 0.00000 0.6802 2.486e+12 1.509e+12
196 207 3.0181e+12 283.55 188.42 352.567 68.693 26 30.74825 65.35197 14.08886 251.53 -40.50 -33.27 -4.257e+11 4.174e+12 -1.136e+12 0.01634 68.69258 3.0181e+12 3.3199e+12 3.0181e+12 0.0000e+00 0.0000e+00 56.38979 0.00 0.02087 0.69543 0.26440 120.94283 0.38768 -104.21175 0.00000 0.00000 0.00000 0.00000 0.00000 0.4502 3.221e+12 2.414e+12
197 217 3.0181e+12 273.93 161.08 352.567 91.437 26 35.23939 63.04757 10.21735 172.97 23.08 34.29 3.564e+12 -8.608e+12 -8.067e+12 0.04889 91.43687 3.0181e+12 3.0181e+12 2.7163e+12 0.0000e+00 0.0000e+00 56.47457 0.00 0.05917 0.64887 0.38523 -102.53280 148.99939 58.13625 0.00000 0.00000 0.00000 0.00000 0.00000 0.3397 4.368e+12 3.018e+12
198 215 3.9235e+12 304.18 225.94 384.789 85.409 26 21.88605 12.57212 44.15847 182.40 52.63 -106.37 -2.870e+13 8.676e+11 1.544e+13 0.08135 85.40926 4.5271e+12 3.9235e+12 3.6217e+12 0.0000e+00 0.0000e+00 45.52925 23.59 0.10107 0.20282 0.02473 147.37228 30.72072 -44.13801 0.00000 0.00000 0.00000 0.00000 0.00000 0.4635 3.604e+12 3.320e+12
199 219 9.0542e+11 206.93 87.17 236.020 27.986 25 82.50762 81.82174 0.91658 -100.89 399.99 415.83 1.026e+12 -1.041e+12 -1.033e+12 0.02234 27.98560 9.0542e+11 9.0542e+11 9.0542e+11 0.0000e+00 0.0000e+00 127.41187 0.00 0.06390 0.00000 0.00000 0.00000 0.00000 0.00000 0.00000 0.00000 0.00000 0.00000 0.00000 0.5980 2.973e+12 0.000e+00
200 -1 6.0361e+11 200.44 0.00 206.182 15.536 25 96.57365 10.04048 97.53982 72.56 192.00 29.93 0.000e+00 0.000e+00 0.000e+00 0.00000 15.53604 6.0361e+11 6.0361e+11 6.0361e+11 6.0361e+11 0.0000e+00 80.66592 0.00 0.00000 0.00000 0.00000 0.00000 0.00000 0.00000 0.00000 0.00000 0.00000 0.00000 0.00000 0.0000 1.483e+12 0.000e+00
201 216 3.6217e+12 290.50 198.29 374.658 99.258 25 68.45155 22.05708 87.03632 114.95 209.10 178.44 3.118e+11 5.869e+12 -8.301e+12 0.02820 99.25779 3.6217e+12 3.6217e+12 3.3199e+12 9.0542e+11 0.0000e+00 54.69867 11.57 0.03603 0.45574 0.02834 78.72993 -18.26817 39.99430 0.72067 0.45805 -48.41660 47.36935 -25.62069 0.4469 3.744e+12 3.622e+12
202 205 3.0181e+12 276.11 226.23 352.567 84.801 25 3.31683 3.35193 97.78162 -105.03 701.52 -226.97 -1.818e+13 -4.888e+12 2.864e+13 0.09014 84.80051 3.0181e+12 3.0181e+12 2.7163e+12 0.0000e+00 0.0000e+00 90.47365 0.00 0.16453 0.88165 0.40570 -17.09091 -15.35153 168.45926 0.00000 0.00000 0.00000 0.00000 0.00000 0.6816 3.055e+12 3.018e+12
