#ID DescID Mvir Vmax Vrms Rvir Rs Np X Y Z VX VY VZ JX JY JZ Spin rs_klypin Mvir_all M200b M200c M500c M2500c Xoff Voff spin_bullock b_to_a c_to_a A[x] A[y] A[z] b_to_a(500c) c_to_a(500c) A[x](500c) A[y](500c) A[z](500c) T/|U| M_pe_Behroozi M_pe_Diemer
#a = 0.664652
#Om = 0.285000; Ol = 0.715000; h = 0.695000
#FOF linking length: 0.280000
#Unbound Threshold: 0.500000; FOF Refinement Threshold: 0.700000
#Particle mass: 3.01807e+11 Msun/h
#Box size: 100.000000 Mpc/h
#Force resolution assumed: 0.0976562 Mpc/h
#Units: Masses in Msun / h
#Units: Positions in Mpc / h (comoving)
#Units: Velocities in km / s (physical, peculiar)
#Units: Halo Distances, Lengths, and Radii in kpc / h (comoving)
#Units: Angular Momenta in (Msun/h) * (Mpc/h) * km/s (physical)
#Units: Spins are dimensionless
#Np is an internal debugging quantity.
#Rockstar Version: 0.99.9-RC3
0 -1 6.0361e+11 158.69 0.00 197.660 27.192 26 6.48075 4.68669 90.74877 -98.93 -112.03 974.24 0.000e+00 0.000e+00 0.000e+00 0.00000 27.19199 6.0361e+11 6.0361e+11 6.0361e+11 0.0000e+00 0.0000e+00 140.23482 0.00 0.00000 0.00000 0.00000 0.00000 0.00000 0.00000 0.00000 0.00000 0.00000 0.00000 0.00000 0.0000 1.973e+12 0.000e+00
1 0 4.8893e+13 608.34 661.00 855.224 273.233 320 6.17679 5.25097 92.78611 -610.41 547.57 748.04 -6.615e+14 8.903e+13 2.590e+14 0.02129 379.66953 5.0100e+13 5.3722e+13 3.6217e+13 2.4145e+13 7.5452e+12 111.36455 60.63 0.02995 0.65258 0.28078 -28.78274 96.05508 -82.02908 0.54444 0.20145 -24.54667 79.20121 -62.90245 0.7007 4.869e+13 6.308e+13
2 1 2.5593e+14 1080.45 1138.61 1484.933 491.487 1026 4.45840 5.63748 95.13255 20.78 216.81 205.74 -1.040e+16 -1.866e+14 -7.104e+15 0.02604 413.25436 2.5593e+14 2.7042e+14 2.2062e+14 1.2797e+14 3.4104e+13 108.88492 100.31 0.03340 0.35127 0.25161 -142.45711 13.99651 181.78937 0.29148 0.23715 -113.09171 5.80121 119.47370 0.6580 2.266e+14 3.072e+14
3 2 1.0865e+13 524.76 517.12 518.015 26.770 39 4.74900 5.58153 94.77168 20.15 287.91 -215.77 6.086e+13 -1.025e+14 8.115e+12 0.05500 26.76992 1.1770e+13 1.0865e+13 1.0865e+13 9.6578e+12 6.0361e+12 47.18748 30.35 0.06132 0.65690 0.43022 -55.22538 -22.88456 60.13813 0.70618 0.34423 -49.79940 -9.97042 58.52219 0.7019 1.655e+13 3.923e+12
4 5 9.0542e+11 176.76 72.14 226.264 36.309 106 72.34321 17.55534 2.27642 760.47 579.86 -95.77 -5.019e+11 2.042e+12 1.488e+12 0.02801 36.30932 9.0542e+11 9.0542e+11 9.0542e+11 3.0181e+11 0.0000e+00 90.86378 0.00 0.08312 0.00000 0.00000 0.00000 0.00000 0.00000 0.00000 0.00000 0.00000 0.00000 0.00000 0.5869 1.459e+13 3.018e+11
5 3 8.7826e+13 760.78 820.53 1039.615 545.852 384 73.82000 19.17860 1.61724 -175.50 452.79 42.72 9.981e+14 5.212e+14 8.205e+14 0.01637 271.99026 8.7826e+13 9.2655e+13 7.4546e+13 3.9839e+13 1.9617e+13 42.21346 44.33 0.02196 0.73783 0.43826 -71.80171 122.71410 -31.77010 0.89165 0.48087 16.80937 92.19226 -23.01542 0.6915 7.796e+13 1.367e+14
6 6 1.6086e+14 910.23 923.26 1271.991 716.734 549 72.69465 20.89973 1.13387 320.63 -458.95 285.28 -4.453e+15 2.863e+15 3.008e+15 0.02723 453.08020 1.6086e+14 1.6931e+14 1.2948e+14 6.6398e+13 2.2937e+13 110.24353 130.17 0.03500 0.65607 0.42791 94.04090 -115.55700 162.83131 0.75934 0.60379 -65.13439 93.47059 -75.04453 0.6387 1.417e+14 2.629e+14
7 6 5.4325e+12 354.73 391.32 411.149 39.917 27 73.02299 20.37225 1.77641 -351.97 380.03 572.40 1.436e+13 2.857e+12 -1.508e+13 0.00004 39.91684 6.6398e+12 5.4325e+12 5.4325e+12 4.2253e+12 0.0000e+00 112.72387 37.14 0.03424 0.74390 0.40190 99.57259 -47.40316 -29.55630 0.60314 0.09648 -29.25868 -46.50134 91.72658 1.0000 6.303e+12 1.811e+12
8 3 4.2253e+12 292.98 192.56 378.109 63.765 63 75.92924 17.88530 2.64173 -393.07 -138.79 -477.29 -8.749e+12 -1.598e+13 7.751e+12 0.04294 63.76500 4.2253e+12 4.5271e+12 3.9235e+12 2.4145e+12 0.0000e+00 73.02007 14.70 0.04902 0.79630 0.09391 -94.60344 -1.50662 98.29280 0.52880 0.31489 -75.92772 46.69111 82.01535 0.4130 4.829e+12 2.716e+12
9 8 1.8380e+14 960.78 1020.76 1329.783 661.989 650 70.84480 60.69244 50.03072 -177.90 329.16 307.35 5.245e+15 5.586e+15 2.348e+15 0.02699 403.75089 1.8501e+14 1.9617e+14 1.5724e+14 8.2695e+13 2.5955e+13 178.17639 126.46 0.03688 0.48001 0.38533 -87.14743 199.84639 14.29019 0.57428 0.47758 -65.17874 123.86491 27.06798 0.6880 1.699e+14 3.054e+14
10 8 5.4325e+12 311.13 391.18 411.149 81.149 29 70.53497 61.58923 50.09752 -236.41 176.81 472.22 5.287e+13 4.584e+13 2.262e+13 0.06120 81.14929 8.4506e+12 5.4325e+12 5.1307e+12 3.0181e+11 0.0000e+00 73.92160 48.47 0.11979 0.15199 0.01230 -86.33138 231.90550 8.34796 0.00000 0.00000 0.00000 0.00000 0.00000 1.1856 5.405e+12 4.527e+12
11 9 1.0231e+14 804.92 809.03 1093.893 291.319 476 71.33395 61.86959 51.67183 83.65 -44.95 -881.79 6.368e+14 -2.166e+15 -6.107e+14 0.02429 271.12955 1.0231e+14 1.0895e+14 8.5713e+13 5.2514e+13 1.6599e+13 72.86893 96.31 0.02857 0.50278 0.34933 99.39914 126.94197 -49.84993 0.47459 0.32531 76.15316 105.86996 -37.27420 0.6037 9.138e+13 1.083e+14
12 10 6.0361e+12 349.42 217.00 425.845 52.334 38 71.90203 64.24029 51.21830 -67.43 -281.07 -629.59 1.390e+13 -2.232e+13 -2.350e+12 0.03983 52.33379 6.0361e+12 6.9416e+12 5.7343e+12 3.9235e+12 1.5090e+12 43.58417 0.00 0.03607 0.90009 0.44130 0.90778 72.52829 -47.19698 0.78078 0.27208 55.88139 30.17424 -41.93356 0.2921 6.077e+12 3.923e+12
13 36 9.9596e+12 441.30 385.07 503.206 45.497 59 71.50855 2.05658 24.81451 -409.85 471.84 485.88 2.635e+13 -6.606e+13 2.228e+13 0.04188 45.49716 1.0261e+13 1.0261e+13 9.3560e+12 6.6398e+12 3.3199e+12 30.65337 21.69 0.04420 0.59842 0.38129 55.06061 2.90356 87.88908 0.82115 0.46870 -4.83042 63.86703 -43.50463 0.5569 1.119e+13 4.829e+12
14 35 7.9677e+13 727.70 762.68 1006.413 375.173 303 71.18137 2.78524 26.32995 151.32 74.62 317.95 1.828e+15 -4.741e+14 -3.252e+14 0.02401 302.43454 7.9677e+13 8.5411e+13 6.7303e+13 3.0181e+13 4.2253e+12 203.35168 106.94 0.03553 0.35907 0.20466 7.41687 91.12609 203.10294 0.49729 0.18662 -13.74716 29.48633 120.03065 0.7156 7.625e+13 1.120e+14
15 39 3.9235e+12 288.89 233.56 368.884 58.329 87 67.08490 5.01579 30.31463 347.25 -44.43 -187.89 -2.352e+13 -6.965e+12 1.386e+12 0.04881 58.32947 3.9235e+12 6.6398e+12 3.9235e+12 1.2072e+12 0.0000e+00 24.87671 0.00 0.06884 0.13295 0.07764 102.15359 58.00751 69.97573 0.00000 0.00000 -83.85468 23.45181 102.08321 0.5970 7.422e+12 2.113e+12
16 38 8.4506e+12 340.93 353.59 476.388 169.359 45 70.14516 4.35941 28.09719 360.19 -385.79 -112.37 -2.172e+13 -5.986e+13 8.033e+13 0.02421 169.35924 8.4506e+12 8.7524e+12 3.6217e+12 0.0000e+00 0.0000e+00 73.44840 39.51 0.07996 0.52348 0.32458 175.83357 -59.47179 -96.81327 0.00000 0.00000 0.00000 0.00000 0.00000 0.9203 1.143e+13 1.237e+13
17 37 1.5996e+13 431.86 426.70 589.296 151.933 82 70.99290 3.37628 27.40995 -23.16 -387.92 -249.68 4.516e+13 -3.779e+13 1.332e+13 0.01238 151.93280 1.6599e+13 1.7203e+13 1.1469e+13 8.1488e+12 0.0000e+00 21.60415 18.52 0.01626 0.72173 0.51190 -5.35059 100.78946 80.73578 0.64879 0.14369 57.48881 87.69675 25.10028 0.6370 1.483e+13 1.630e+13
18 38 2.1127e+12 214.60 115.81 300.106 108.589 38 70.32010 4.33202 28.01183 598.19 -146.91 -1.77 7.373e+12 1.837e+11 4.224e+12 0.04733 108.58903 2.1127e+12 2.1127e+12 1.2072e+12 3.0181e+11 0.0000e+00 68.39249 33.22 0.06682 0.49101 0.11685 34.54393 86.56740 -1.12941 0.00000 0.00000 0.00000 0.00000 0.00000 0.3959 3.750e+12 3.923e+12
19 43 7.2434e+13 707.57 714.39 974.942 247.716 324 73.38994 3.90624 29.91717 -352.27 -38.43 -182.40 5.422e+14 -1.707e+14 -9.290e+14 0.01999 279.54861 7.2434e+13 7.3641e+13 5.7645e+13 3.7424e+13 1.2978e+13 37.05228 99.71 0.02366 0.66895 0.40511 105.91844 16.33985 126.92972 0.65223 0.59686 -19.18240 76.88627 77.53853 0.6065 6.462e+13 7.243e+13
20 44 3.0181e+13 523.86 538.10 728.185 235.444 172 76.03738 4.08738 31.73148 -524.43 -44.45 -288.36 -1.856e+14 1.324e+14 3.738e+14 0.02639 235.44395 3.0181e+13 3.1992e+13 2.5352e+13 7.5452e+12 3.6217e+12 120.45255 0.00 0.04093 0.83839 0.34426 5.75346 64.76135 132.30795 0.45136 0.28254 71.94473 13.00525 24.41978 0.7252 2.787e+13 3.742e+13
21 44 1.5090e+12 192.91 237.46 268.266 87.319 30 78.26602 3.74604 33.48642 -555.95 19.90 -440.30 -1.042e+13 -1.045e+13 -1.008e+13 0.22564 87.31893 1.8108e+12 1.5090e+12 6.0361e+11 0.0000e+00 0.0000e+00 145.59198 109.82 0.24620 0.30802 0.08631 -94.81546 203.78854 4.45387 0.00000 0.00000 0.00000 0.00000 0.00000 2.4147 2.789e+12 1.811e+12
22 11 4.2253e+12 272.96 206.37 378.109 116.121 66 18.95939 10.93703 3.73335 411.32 -365.73 -265.78 2.002e+13 9.031e+12 -2.199e+12 0.03950 116.12096 4.2253e+12 4.8289e+12 2.4145e+12 0.0000e+00 0.0000e+00 59.38704 0.00 0.05467 0.47166 0.09779 -51.84351 100.06784 125.66682 0.00000 0.00000 0.00000 0.00000 0.00000 0.5218 6.071e+12 5.131e+12
23 14 3.9235e+12 279.79 366.15 368.884 71.630 40 20.49289 10.69046 3.16816 204.47 781.97 696.40 2.756e+13 -1.811e+13 6.172e+13 0.15654 71.63026 4.2253e+12 4.2253e+12 3.6217e+12 0.0000e+00 0.0000e+00 32.28603 0.00 0.19607 0.06820 0.00000 137.77235 57.53330 -19.86705 0.00000 0.00000 0.00000 0.00000 0.00000 1.5294 3.818e+12 3.018e+12
24 15 4.8289e+12 322.30 238.03 395.319 50.184 56 21.56576 9.97296 2.70567 607.98 335.55 359.72 -1.886e+13 6.837e+12 -3.483e+13 0.07606 50.18370 4.8289e+12 4.8289e+12 4.8289e+12 3.3199e+12 0.0000e+00 43.08946 46.09 0.07967 0.18933 0.06021 -10.56195 35.81103 65.55022 0.17021 0.01990 -2.77128 32.73442 53.38203 0.4275 5.287e+12 2.716e+12
25 17 1.0563e+13 448.36 572.27 513.174 47.151 57 22.81661 11.08313 3.63300 -1110.19 38.62 -272.94 -3.463e+13 -1.134e+14 1.845e+14 0.06837 47.15087 1.3581e+13 1.0865e+13 9.9596e+12 7.8470e+12 3.0181e+12 63.06483 79.77 0.11795 0.53674 0.46638 94.84276 3.44364 34.56078 0.63555 0.51821 71.57880 2.80441 39.37922 1.1593 1.161e+13 5.734e+12
26 17 1.5935e+14 981.67 1002.59 1268.001 183.954 747 23.19093 11.22576 3.85871 -103.97 22.28 112.65 4.324e+15 2.834e+15 -1.836e+15 0.02781 214.99255 1.5935e+14 1.6780e+14 1.3642e+14 9.6277e+13 3.7726e+13 79.90511 69.36 0.03203 0.66174 0.38706 139.18077 73.79467 78.92182 0.63505 0.34251 109.04156 57.63668 66.34871 0.6238 1.420e+14 1.017e+14
27 34 5.7343e+12 305.68 286.24 418.626 112.045 75 48.74553 18.89684 42.85336 -42.55 105.62 -539.01 1.659e+13 -3.265e+13 -2.474e+13 0.04200 112.04487 6.0361e+12 8.4506e+12 4.5271e+12 2.7163e+12 0.0000e+00 20.10800 15.17 0.06579 0.12523 0.01355 104.62302 34.72669 67.53207 0.28781 0.00000 72.29197 6.33594 37.63391 0.6900 8.214e+12 6.338e+12
28 31 6.0361e+12 420.25 320.33 425.845 24.186 62 51.05519 17.07882 40.75449 223.83 -418.41 -693.28 -7.343e+12 1.035e+13 7.273e+12 0.02121 24.18629 6.3380e+12 6.0361e+12 5.7343e+12 5.1307e+12 3.3199e+12 31.02150 23.99 0.01998 0.41853 0.23368 48.84956 42.21144 68.25202 0.35306 0.03459 38.18290 45.12183 61.79018 0.4944 8.831e+12 1.509e+12
29 33 1.5090e+13 497.85 472.92 577.961 56.514 64 51.51973 16.49308 40.61553 -428.37 723.38 226.09 3.790e+13 -2.802e+13 3.679e+13 0.01591 56.51403 1.5694e+13 1.5996e+13 1.3581e+13 1.1469e+13 5.7343e+12 59.31112 30.48 0.01774 0.45293 0.23269 -29.44979 93.24518 35.24994 0.46069 0.26904 -15.42920 76.19822 23.34585 0.6203 1.593e+13 8.149e+12
30 32 1.4125e+14 874.77 925.31 1218.027 495.849 505 51.71016 16.18662 40.39132 -153.74 374.87 -52.46 -1.101e+15 -6.729e+15 8.404e+15 0.05850 404.99115 1.4125e+14 1.4577e+14 1.1650e+14 6.8510e+13 1.8108e+13 134.93744 64.90 0.07725 0.39910 0.27217 -83.22901 186.14238 104.95164 0.42468 0.28122 -72.31798 117.24240 75.31305 0.6673 1.260e+14 1.769e+14
31 25 1.4789e+13 569.74 545.06 574.082 31.942 115 72.13126 68.10155 52.11049 -110.84 -932.83 -772.77 7.262e+13 -1.440e+14 -8.334e+13 0.04651 31.94186 2.0523e+13 1.5996e+13 1.3883e+13 1.1469e+13 7.2434e+12 27.39338 107.49 0.05572 0.57939 0.47763 18.48500 78.58808 29.99986 0.63331 0.45630 19.76714 62.55282 28.55735 0.7240 1.874e+13 6.036e+12
32 26 1.5694e+14 899.71 984.34 1261.564 403.958 605 72.24046 68.21719 52.00415 -202.16 -266.54 -411.03 1.121e+15 2.130e+15 3.582e+15 0.01962 490.21317 1.5785e+14 1.6901e+14 1.2284e+14 7.7565e+13 3.0483e+13 69.07285 66.14 0.02585 0.67404 0.47104 54.31961 159.91295 -65.13708 0.76394 0.44371 43.18977 103.52063 -64.74375 0.6766 1.450e+14 1.935e+14
33 19 4.2253e+12 332.29 368.96 378.109 33.878 25 39.03392 17.22027 42.74741 -38.93 391.42 244.12 1.014e+13 -1.761e+13 -2.540e+13 0.02333 33.87754 6.6398e+12 4.5271e+12 4.2253e+12 3.6217e+12 0.0000e+00 40.82482 73.63 0.08056 0.75159 0.25806 86.29218 50.50233 -33.44205 0.84104 0.25658 88.15688 37.71384 -35.74831 1.0478 5.337e+12 1.509e+12
34 20 1.2072e+13 485.75 567.22 536.531 42.458 60 40.16413 17.42713 42.64944 -56.74 -1000.73 -465.09 8.518e+13 -8.233e+12 -5.865e+12 0.01649 42.45796 1.5392e+13 1.2978e+13 1.0865e+13 9.9596e+12 5.4325e+12 70.78561 61.83 0.03692 0.59182 0.36873 61.30014 58.75618 27.36374 0.31075 0.16749 58.98102 52.36212 18.89831 0.9154 1.518e+13 6.036e+12
35 21 1.6569e+14 953.32 1042.78 1284.593 220.208 533 39.87050 17.55755 42.66008 358.78 146.33 126.34 3.220e+15 2.530e+15 -9.558e+15 0.04269 295.06128 1.6599e+14 1.6992e+14 1.4819e+14 9.2353e+13 3.3199e+13 87.05801 100.63 0.05689 0.53553 0.41188 173.91795 89.25142 8.16503 0.66630 0.49999 132.59209 41.57690 2.17336 0.7022 1.508e+14 1.174e+14
36 18 4.8289e+12 296.14 446.78 395.319 84.147 30 40.63890 17.98015 42.95237 529.52 -1022.92 -268.58 4.211e+13 -1.128e+13 3.621e+13 0.12420 84.14679 5.4325e+12 5.1307e+12 4.2253e+12 1.8108e+12 0.0000e+00 43.62961 47.54 0.11234 0.27616 0.00000 -55.22032 160.58235 59.02057 0.58735 0.40705 117.17220 -4.05254 -57.74106 1.9749 4.891e+12 4.225e+12
37 30 1.4668e+14 901.46 957.00 1233.446 336.473 542 54.16598 27.58699 35.50598 -41.53 -177.39 -70.28 2.585e+15 -9.374e+14 2.602e+15 0.02027 327.03494 1.4668e+14 1.5362e+14 1.2193e+14 7.5754e+13 2.9275e+13 76.97106 32.60 0.02538 0.70100 0.48188 -87.38329 -19.17904 159.32045 0.66318 0.45120 -75.26289 -3.38959 106.57144 0.6530 1.308e+14 1.545e+14
38 40 1.2253e+14 871.29 909.30 1161.672 244.928 536 57.76683 30.17438 31.68934 -265.64 -318.63 50.60 -7.899e+14 -3.232e+14 -8.122e+14 0.00887 244.92755 1.2253e+14 1.3400e+14 1.0986e+14 7.2132e+13 2.4748e+13 126.34384 45.29 0.01066 0.80348 0.56699 107.32475 60.36716 -106.93791 0.67457 0.45376 -85.14288 -50.06099 81.37794 0.6379 1.137e+14 1.093e+14
39 42 1.1167e+14 875.69 920.39 1126.269 180.046 552 53.72597 40.46005 57.37337 6.01 -229.49 -380.81 -9.674e+14 -9.707e+14 6.408e+14 0.01376 185.98413 1.1167e+14 1.1559e+14 9.8993e+13 7.4848e+13 3.0483e+13 62.23043 110.65 0.01598 0.62063 0.32423 31.77260 30.90548 156.06328 0.59177 0.29951 16.32980 44.17008 119.42219 0.6412 1.024e+14 8.058e+13
40 50 2.6861e+13 519.72 481.42 700.441 161.117 151 67.46436 81.88292 47.12488 -13.87 101.03 -167.12 6.011e+13 1.286e+14 2.022e+14 0.02506 161.11673 2.6861e+13 2.9275e+13 2.2636e+13 1.3581e+13 2.7163e+12 32.16890 12.59 0.02804 0.95672 0.63428 -10.31529 128.21172 60.14320 0.72023 0.62930 -19.28198 106.32248 -15.60574 0.5307 2.612e+13 2.505e+13
41 168 1.2072e+13 411.71 313.44 536.531 96.268 97 65.81522 86.07961 45.29609 222.28 -82.12 101.73 1.724e+14 -3.548e+13 1.533e+13 0.07646 96.26826 1.2072e+13 1.2072e+13 9.3560e+12 5.7343e+12 0.0000e+00 90.23461 0.00 0.07606 0.60556 0.50771 47.36213 70.19075 79.70438 0.60508 0.40839 31.42506 44.39852 72.40578 0.3939 1.370e+13 8.752e+12
42 51 1.7203e+13 540.77 485.16 603.763 49.938 154 66.69849 84.36571 46.51342 132.70 -55.38 -78.14 -7.939e+13 -1.370e+13 3.664e+13 0.01675 49.93818 1.7203e+13 2.1730e+13 1.4789e+13 9.3560e+12 6.0361e+12 71.91471 0.00 0.02111 0.55754 0.43961 -28.91455 69.03780 59.05788 0.67791 0.51240 47.55721 -44.38145 -21.97611 0.6705 2.340e+13 6.640e+12
43 52 3.9235e+12 288.68 218.73 368.884 58.583 55 65.51996 86.73484 53.11684 249.76 15.36 -266.28 3.864e+12 1.433e+13 2.512e+12 0.03064 58.58317 3.9235e+12 4.8289e+12 3.6217e+12 3.0181e+11 0.0000e+00 44.90936 0.00 0.04218 0.77796 0.14783 28.18188 43.56750 106.61599 0.00000 0.00000 0.00000 0.00000 0.00000 0.5518 4.739e+12 1.811e+12
44 45 1.2042e+14 846.95 850.19 1154.957 331.923 507 92.79492 41.00602 61.15865 -231.18 -260.50 9.96 1.830e+15 4.815e+14 -4.754e+15 0.03946 295.89505 1.2042e+14 1.2646e+14 1.0563e+14 6.7303e+13 1.1770e+13 89.08255 56.06 0.04765 0.68416 0.47163 139.88930 -127.26031 10.31475 0.81108 0.48103 -83.41700 97.47106 -0.63016 0.6108 1.073e+14 1.328e+14
45 46 1.1046e+14 824.00 846.71 1122.196 219.429 434 47.48508 27.95677 45.28492 68.52 -124.88 -152.48 -2.757e+15 -1.958e+14 2.798e+15 0.03457 283.81766 1.1046e+14 1.1439e+14 9.3258e+13 6.0060e+13 1.3280e+13 48.94779 63.96 0.04229 0.91215 0.64040 -12.50798 139.82268 91.50249 0.77597 0.63188 60.42427 110.41797 9.98012 0.6278 9.994e+13 8.541e+13
46 196 3.0181e+12 243.13 141.39 337.993 109.484 69 46.80038 30.57729 46.94422 334.82 -685.54 -64.68 1.565e+13 -4.450e+12 2.803e+13 0.11100 109.48389 3.3199e+12 3.0181e+12 1.8108e+12 3.0181e+11 0.0000e+00 55.42817 27.37 0.14062 0.27958 0.00927 70.45468 125.32933 185.70056 0.00000 0.00000 0.00000 0.00000 0.00000 0.3467 5.714e+12 3.622e+12
47 48 4.1348e+13 605.08 655.15 808.751 166.389 169 91.47614 22.60229 0.95511 -238.00 -417.74 -78.22 2.438e+14 2.622e+14 2.998e+14 0.01682 173.84160 4.1348e+13 4.2857e+13 3.6821e+13 2.4145e+13 2.7163e+12 139.26120 42.51 0.02583 0.90128 0.31128 -39.33722 134.20975 99.14606 0.79953 0.22113 112.25922 -94.60780 -26.01938 0.7614 4.033e+13 3.531e+13
48 47 9.9596e+12 463.20 392.07 503.206 37.249 94 91.26634 22.72625 0.92565 76.91 -980.12 -146.82 -4.722e+13 6.792e+13 4.918e+13 0.05118 37.24902 9.9596e+12 1.1167e+13 8.7524e+12 6.9416e+12 2.4145e+12 56.79131 23.24 0.05708 0.49475 0.42695 -56.65985 81.77576 22.78241 0.40557 0.09693 -45.57528 71.05503 10.34210 0.5965 1.258e+13 3.320e+12
49 49 2.2334e+13 493.91 472.62 658.646 139.073 106 94.02826 21.17157 1.28262 -567.51 -328.05 -68.95 -2.814e+13 1.661e+13 -2.577e+14 0.03415 139.07251 2.2334e+13 2.3843e+13 1.7203e+13 1.2978e+13 3.9235e+12 32.80716 5.81 0.04010 0.50788 0.41504 -24.52341 90.11655 -62.98836 0.34331 0.24017 -31.91205 64.29547 -61.06796 0.5826 2.201e+13 1.750e+13
50 22 7.0321e+13 751.48 824.20 965.369 187.152 236 43.51987 18.72021 43.27073 -12.17 170.80 -473.22 3.968e+14 -3.530e+15 -6.837e+14 0.05640 158.26434 7.0321e+13 7.2132e+13 6.2172e+13 4.6478e+13 1.0865e+13 118.11617 114.02 0.08258 0.55091 0.38120 -54.67765 38.13172 159.63850 0.43768 0.26596 -34.91733 47.77446 127.71114 0.7569 6.487e+13 5.855e+13
51 23 1.3883e+13 498.62 489.64 562.118 48.414 75 43.40261 18.76359 43.55554 -847.56 157.31 -177.05 -5.626e+13 -1.987e+14 3.067e+13 0.05042 48.41393 1.5090e+13 1.5090e+13 1.2374e+13 7.8470e+12 5.4325e+12 125.96130 36.27 0.07119 0.58243 0.33144 100.50019 -30.05852 26.72143 0.83761 0.55678 50.30792 -39.95271 35.06836 0.7476 1.388e+13 6.036e+12
52 22 1.2072e+12 193.70 76.50 249.036 41.037 30 43.96633 19.77251 42.64753 17.14 -324.49 340.86 -2.868e+12 -1.039e+12 3.729e+11 0.03961 41.03711 1.2072e+12 1.2072e+12 1.2072e+12 0.0000e+00 0.0000e+00 94.65814 0.00 0.06140 0.81356 0.44405 -2.77918 -60.74771 84.30259 0.00000 0.00000 0.00000 0.00000 0.00000 0.2869 4.221e+12 9.054e+11
53 24 3.0181e+12 255.34 272.72 337.993 67.532 37 44.87372 20.74692 42.14865 49.48 -291.95 313.69 2.932e+13 1.860e+13 1.857e+13 0.05315 67.53236 3.0181e+12 3.0181e+12 2.7163e+12 0.0000e+00 0.0000e+00 32.27691 0.00 0.17082 0.63823 0.04008 -8.51450 151.64409 25.76323 0.00000 0.00000 0.00000 0.00000 0.00000 1.0974 4.526e+12 1.811e+12
54 53 4.9496e+13 617.65 636.40 858.729 326.317 219 96.63196 23.28987 51.33667 -50.31 -143.71 400.37 -8.548e+14 -2.753e+14 2.649e+14 0.03085 278.60263 4.9496e+13 5.1005e+13 3.8330e+13 2.4145e+13 8.7524e+12 92.95306 35.72 0.03837 0.80278 0.70347 -88.55499 86.70734 41.41423 0.75041 0.51501 -18.06156 84.93337 26.97486 0.6296 4.665e+13 6.610e+13
55 54 2.1730e+13 477.58 438.63 652.658 170.860 126 97.09929 23.41362 52.74247 -98.38 -18.65 -181.11 1.313e+14 -1.917e+13 4.741e+14 0.06445 170.86043 2.1730e+13 2.3843e+13 1.9014e+13 7.8470e+12 0.0000e+00 38.30531 11.17 0.07956 0.57718 0.55105 -65.88347 39.81596 151.90195 0.69669 0.07778 -54.46225 -20.47856 110.55479 0.5783 2.023e+13 2.264e+13
56 54 6.0361e+11 140.77 0.00 197.660 80.897 27 95.86481 25.53244 56.21356 -62.63 -97.25 -58.45 9.577e+10 2.263e+12 5.526e+12 0.22332 80.89744 6.0361e+11 2.7163e+12 0.0000e+00 0.0000e+00 0.0000e+00 189.19644 165.81 0.37881 0.00000 0.00000 0.00000 0.00000 0.00000 0.00000 0.00000 0.00000 0.00000 0.00000 0.0000 3.151e+12 2.414e+12
57 55 1.4487e+13 436.02 423.45 570.149 104.626 122 71.11642 26.68268 5.79191 103.00 -478.37 74.13 2.924e+13 -1.009e+14 -2.257e+13 0.02501 104.62605 1.4487e+13 1.5090e+13 1.1770e+13 8.7524e+12 0.0000e+00 36.70648 7.24 0.03414 0.61266 0.41813 131.66006 9.99275 -51.54094 0.30482 0.01841 119.44109 24.68748 -7.68214 0.6737 1.605e+13 1.117e+13
58 56 1.3280e+13 486.40 493.69 553.850 49.773 75 71.99580 29.57054 6.28614 -699.02 -672.83 -147.03 2.758e+13 -1.376e+14 1.300e+14 0.05692 49.77258 1.5090e+13 1.3280e+13 1.2978e+13 1.0563e+13 4.8289e+12 32.86839 84.10 0.07025 0.50918 0.33235 108.10188 -8.65874 22.30212 0.42539 0.21467 100.23029 -4.08846 16.59979 0.7082 1.548e+13 6.036e+12
59 57 5.3118e+13 714.15 778.17 879.183 133.769 159 72.06239 29.45760 6.38755 -168.85 -717.52 92.11 -3.532e+14 9.632e+14 -4.931e+14 0.02896 113.72783 5.3118e+13 5.4627e+13 5.1005e+13 4.0442e+13 9.6578e+12 140.47968 106.34 0.04147 0.67399 0.54418 -91.54067 97.53856 -50.02510 0.45340 0.30469 80.67384 -73.01758 57.24818 0.7642 5.569e+13 4.165e+13
60 58 6.0361e+11 183.10 0.00 197.660 14.269 27 35.44204 5.59817 43.09628 84.49 620.04 -461.54 0.000e+00 0.000e+00 0.000e+00 0.00000 14.26894 6.0361e+11 6.0361e+11 6.0361e+11 6.0361e+11 0.0000e+00 69.10728 0.00 0.00000 0.00000 0.00000 0.00000 0.00000 0.00000 0.00000 0.00000 0.00000 0.00000 0.00000 0.0000 3.088e+12 0.000e+00
61 59 6.5190e+13 740.95 765.14 941.296 162.934 289 34.89259 7.58393 40.94872 127.44 442.36 13.31 2.562e+14 4.378e+14 -3.898e+14 0.01359 144.47765 6.5190e+13 6.6699e+13 5.5533e+13 3.9235e+13 1.8410e+13 60.43403 30.51 0.01657 0.70523 0.40025 -59.79166 110.49184 -25.66389 0.80747 0.43635 -54.51322 73.23068 -46.85338 0.6612 5.774e+13 4.678e+13
62 61 2.9879e+13 554.61 548.43 725.749 133.847 163 4.37384 6.56786 76.73351 -74.22 67.05 443.14 -4.224e+14 4.605e+14 2.468e+14 0.05035 133.84741 2.9879e+13 3.0483e+13 2.3541e+13 1.4789e+13 7.5452e+12 18.81613 0.00 0.06386 0.64454 0.35564 51.96161 -21.78307 98.49770 0.41558 0.29820 44.95529 -24.07266 77.53814 0.6496 2.693e+13 2.082e+13
63 62 3.0483e+13 543.37 519.99 730.604 164.785 155 4.59125 5.65754 77.92958 -46.98 459.53 115.66 -4.001e+14 -3.861e+14 3.100e+14 0.04815 164.78532 3.0483e+13 3.2595e+13 2.5352e+13 1.7505e+13 0.0000e+00 24.87340 7.84 0.05852 0.83669 0.40101 -18.03395 20.54424 146.88564 0.40210 0.11365 2.74809 96.24702 -80.00352 0.5963 3.756e+13 2.746e+13
64 65 9.0542e+12 346.76 291.01 487.471 215.683 92 27.06358 12.13210 5.43307 -118.94 -47.03 86.86 2.665e+13 4.839e+12 8.048e+12 0.01480 215.68283 1.0865e+13 9.9596e+12 3.9235e+12 3.0181e+12 0.0000e+00 45.83504 64.59 0.01964 0.52190 0.40425 80.22781 77.04980 39.97009 0.47753 0.23262 57.72795 35.48383 49.91645 0.5643 8.973e+12 1.449e+13
65 66 2.4145e+13 553.07 565.13 675.987 84.288 225 29.12063 12.78321 6.08997 -249.38 -61.84 168.55 -3.334e+14 -2.218e+14 3.530e+14 0.05829 84.28770 2.4748e+13 2.5050e+13 2.1730e+13 1.5090e+13 8.4506e+12 29.09246 13.25 0.07237 0.53646 0.51465 93.25281 -25.50848 -33.19182 0.64549 0.48993 64.15182 -4.84930 -37.86346 0.6766 2.642e+13 1.358e+13
66 60 6.8208e+13 735.69 756.48 955.603 163.112 303 42.89408 41.06857 81.20338 208.09 -315.51 -296.28 -2.700e+14 -3.993e+14 -2.170e+14 0.01043 167.86356 6.8208e+13 7.2736e+13 5.6136e+13 3.9537e+13 1.4185e+13 55.83565 87.20 0.01269 0.54435 0.42895 -26.32023 97.43333 123.77515 0.46954 0.40442 -9.57337 67.28431 112.60474 0.6487 6.143e+13 4.919e+13
67 107 4.3762e+13 611.66 620.14 824.197 436.735 213 66.97260 24.49397 89.48091 284.51 -215.32 94.30 -1.069e+15 2.251e+14 -4.327e+14 0.04584 189.28073 4.3762e+13 4.7686e+13 3.8330e+13 2.2032e+13 7.2434e+12 117.99526 99.70 0.05911 0.60619 0.42846 107.56757 -3.24446 -101.18771 0.50509 0.41977 -50.07813 31.73596 80.87074 0.6531 4.020e+13 5.915e+13
68 120 8.7524e+12 383.14 331.56 481.993 69.984 72 68.70373 22.80575 87.69070 50.85 272.97 263.72 -1.798e+13 -8.222e+12 2.755e+12 0.01308 69.98358 8.7524e+12 8.7524e+12 8.4506e+12 4.8289e+12 0.0000e+00 39.07794 0.00 0.01468 0.93277 0.83772 6.76298 -46.19153 97.07378 0.75226 0.09567 36.65558 65.12934 -43.54743 0.5238 9.045e+12 5.131e+12
69 63 2.1730e+13 566.47 491.90 652.658 61.720 99 86.93488 48.12266 70.83685 -10.56 -155.21 -214.29 1.421e+13 -1.051e+14 1.337e+14 0.02541 61.72002 2.1730e+13 2.2334e+13 1.9617e+13 1.6298e+13 2.4145e+12 31.15141 0.00 0.02758 0.85043 0.50561 15.11645 -40.45095 118.19361 0.82800 0.38150 18.77189 10.45500 111.32542 0.5741 2.552e+13 1.087e+13
70 64 3.0483e+13 548.78 555.10 730.604 152.318 168 86.98970 50.97902 69.81413 -178.95 -444.88 -256.00 -8.103e+13 -2.399e+13 -3.362e+14 0.02555 152.31815 3.0483e+13 3.2897e+13 2.5955e+13 1.5392e+13 6.3380e+12 93.80274 3.82 0.03187 0.47988 0.38235 5.53488 -87.23715 89.57319 0.45671 0.41103 5.96877 -63.03095 71.17294 0.6397 2.800e+13 2.596e+13
71 67 5.7343e+12 309.59 266.25 418.626 99.105 27 43.29806 82.69000 45.15257 256.27 564.05 126.02 6.875e+12 -2.229e+13 -3.072e+13 0.04089 99.10482 6.0361e+12 6.3380e+12 4.8289e+12 0.0000e+00 0.0000e+00 48.14331 34.65 0.05742 0.37682 0.08358 -3.57489 171.18651 64.03928 0.00000 0.00000 0.00000 0.00000 0.00000 0.6031 5.418e+12 5.433e+12
72 68 1.0563e+13 377.14 416.81 513.174 128.703 69 43.20782 83.78497 45.52528 222.47 468.85 79.40 6.716e+12 -2.047e+14 -4.416e+13 0.05826 128.70305 1.0563e+13 1.5090e+13 8.1488e+12 5.1307e+12 1.5090e+12 47.31101 0.00 0.11269 0.52811 0.40475 112.34377 -24.59695 -21.19801 0.26166 0.09921 71.09137 -5.13659 9.33476 0.8261 1.309e+13 1.056e+13
73 69 5.2514e+13 633.52 624.43 875.840 590.491 197 43.15542 85.51498 45.57268 262.45 -8.24 -26.63 3.609e+14 -7.752e+14 1.797e+14 0.02603 261.94495 5.2514e+13 5.3118e+13 4.0744e+13 2.2636e+13 6.6398e+12 49.83883 48.19 0.03245 0.77343 0.55677 -85.38946 123.31303 3.71897 0.91853 0.71256 -41.04310 88.26751 -7.67256 0.6120 4.718e+13 7.968e+13
74 82 5.7947e+13 733.44 730.36 905.056 126.615 282 99.29961 22.38176 75.95238 -46.25 35.27 -62.21 1.129e+15 5.976e+14 -7.910e+14 0.04081 118.51331 5.7947e+13 6.0361e+13 5.1609e+13 3.4406e+13 1.9316e+13 74.04964 71.28 0.04736 0.67884 0.37884 49.18467 -61.59060 106.81989 0.60837 0.38227 31.62006 -61.67118 78.95783 0.6343 5.340e+13 3.501e+13
75 70 5.9154e+13 653.21 651.34 911.298 880.374 282 64.83265 4.88647 71.37022 -24.77 119.84 -98.20 -3.972e+14 -4.293e+14 2.721e+14 0.01577 313.87943 5.9154e+13 6.0965e+13 4.6177e+13 2.6559e+13 6.3380e+12 89.22368 23.59 0.01964 0.52457 0.33540 83.26233 135.23761 53.91326 0.67647 0.31200 33.23933 111.29960 16.65128 0.6140 5.271e+13 8.511e+13
76 73 5.1307e+13 648.93 675.82 869.076 201.595 252 66.40965 96.17892 66.23013 -68.60 332.49 -196.28 -4.599e+13 3.301e+14 -4.190e+14 0.01665 189.75363 5.1307e+13 5.5231e+13 4.5271e+13 2.7464e+13 1.1167e+13 79.30407 43.24 0.02067 0.51051 0.29112 -89.97107 122.83035 75.82014 0.25329 0.16710 -81.71993 115.71885 66.35108 0.6504 4.681e+13 4.859e+13
77 76 4.9195e+13 641.70 633.25 856.980 267.152 245 89.75799 34.67514 65.96584 -68.68 -242.85 -229.03 -4.388e+14 -1.005e+14 -1.284e+14 0.01699 183.01389 4.9195e+13 5.0100e+13 4.2555e+13 2.5352e+13 1.2676e+13 76.44096 48.54 0.01938 0.84228 0.54361 -44.74072 -59.13868 101.72028 0.88437 0.47040 -15.62931 7.16585 91.06465 0.5847 4.448e+13 5.342e+13
78 75 7.0623e+13 708.79 736.15 966.748 341.464 277 39.41280 23.26816 59.93982 148.58 206.05 -250.42 5.766e+14 -1.816e+14 -3.607e+14 0.01305 248.16417 7.0623e+13 7.4245e+13 6.3078e+13 3.6821e+13 1.2072e+13 52.62412 53.05 0.01595 0.61357 0.47906 2.89680 -35.87796 149.35109 0.72039 0.50666 14.76011 -22.43840 105.79422 0.6341 6.505e+13 8.088e+13
79 74 6.0361e+11 145.69 0.00 197.660 48.236 103 69.23075 75.96568 47.90077 -63.01 -173.52 -366.09 9.592e+11 -1.057e+12 -5.202e+11 0.19012 48.23618 6.0361e+11 1.5090e+12 0.0000e+00 0.0000e+00 0.0000e+00 155.78549 64.17 0.09636 0.00000 0.00000 0.00000 0.00000 0.00000 0.00000 0.00000 0.00000 0.00000 0.00000 0.0000 7.188e+12 6.036e+11
80 74 1.8108e+12 203.40 88.44 285.075 109.256 173 69.99914 71.40134 48.56053 -115.55 41.39 209.01 -1.931e+12 1.163e+13 -1.971e+12 0.09260 109.25623 1.8108e+12 4.8289e+12 1.2072e+12 3.0181e+11 0.0000e+00 38.75705 21.20 0.12151 0.87802 0.09428 23.29338 -41.47805 69.17787 0.00000 0.00000 0.00000 0.00000 0.00000 0.2251 9.581e+12 5.131e+12
81 77 4.2253e+12 274.36 145.13 378.109 108.694 40 26.53190 29.31451 63.22314 527.90 -245.49 -19.52 8.966e+12 -1.646e+13 -1.775e+13 0.06052 108.69417 4.2253e+12 4.2253e+12 3.0181e+12 0.0000e+00 0.0000e+00 57.09330 25.15 0.06392 0.22594 0.02775 158.84088 8.63850 -64.35057 0.00000 0.00000 0.00000 0.00000 0.00000 0.2461 5.281e+12 4.829e+12
82 79 3.2293e+13 530.80 523.94 744.794 465.128 167 27.65245 29.00398 63.58064 166.56 -46.34 -60.05 3.873e+14 1.085e+14 2.575e+14 0.02792 296.24124 3.2293e+13 3.6217e+13 2.2937e+13 1.1469e+13 2.4145e+12 83.27716 12.92 0.03988 0.45754 0.41486 -86.58910 4.66017 109.96628 0.25453 0.20731 -42.04259 -4.36931 75.03719 0.6755 3.982e+13 7.726e+13
83 78 1.1167e+13 373.84 297.18 522.768 188.932 60 28.59667 28.69780 63.54848 -218.61 117.62 -301.51 -6.151e+13 5.184e+13 -1.681e+13 0.03439 188.93163 1.1167e+13 1.2676e+13 7.8470e+12 3.3199e+12 0.0000e+00 13.64661 19.51 0.04028 0.75265 0.32633 89.44996 -31.03655 71.88882 0.79027 0.15306 45.64839 -14.47331 61.45820 0.4666 1.111e+13 1.539e+13
84 83 3.1992e+13 577.66 527.14 742.466 120.252 187 34.48349 14.38020 42.78091 538.30 210.09 -168.37 -2.159e+14 2.855e+14 3.628e+14 0.03677 122.11523 3.1992e+13 3.2897e+13 2.6861e+13 2.0523e+13 0.0000e+00 8.78005 12.82 0.04323 0.59507 0.33271 80.21315 155.59991 18.14317 0.21787 0.05219 68.14017 103.83943 16.20643 0.5830 3.167e+13 2.233e+13
85 84 3.9235e+12 270.59 173.50 368.884 94.222 77 36.07177 15.66367 42.78542 371.35 -9.33 -610.67 -4.528e+12 -9.376e+12 1.240e+12 0.02459 94.22243 3.9235e+12 4.2253e+12 3.0181e+12 0.0000e+00 0.0000e+00 86.40376 26.12 0.02938 0.29544 0.01143 120.79489 78.77167 -105.53977 0.00000 0.00000 0.00000 0.00000 0.00000 0.3717 9.783e+12 3.923e+12
86 87 5.5834e+13 712.67 695.03 893.920 128.892 261 65.47955 64.36661 39.70358 -78.59 4.78 270.89 -4.681e+14 -9.829e+14 5.324e+14 0.03783 127.71944 5.5834e+13 6.0060e+13 4.8893e+13 3.8028e+13 1.6298e+13 55.62099 34.52 0.04063 0.80026 0.72021 6.27511 -4.51456 128.17741 0.87073 0.65899 55.90458 6.68511 89.47598 0.5805 5.216e+13 3.803e+13
87 86 6.0361e+13 682.67 767.15 917.455 264.929 135 53.63940 55.45422 37.09963 -89.09 -75.70 44.86 6.358e+14 2.384e+13 -1.309e+15 0.02198 206.07442 6.0361e+13 6.2172e+13 5.1307e+13 2.8068e+13 5.4325e+12 229.74799 229.69 0.04285 0.51993 0.26482 -111.52650 159.74432 -2.89909 0.72818 0.32320 95.11429 -13.91589 -65.66174 0.8462 5.404e+13 6.338e+13
88 85 2.0523e+13 507.79 542.19 640.341 94.240 85 53.26477 55.95872 37.14994 640.03 -650.60 110.08 2.006e+13 -5.349e+13 -2.384e+14 0.02976 94.24024 2.0523e+13 2.0523e+13 1.9014e+13 1.3280e+13 5.7343e+12 42.65586 8.25 0.04358 0.79647 0.67831 103.41180 38.87292 29.17793 0.64474 0.55892 86.94939 37.57359 11.60845 0.7572 1.983e+13 1.328e+13
89 109 2.7163e+12 241.45 212.46 326.329 76.909 58 26.31193 11.75979 42.51266 504.38 -68.47 99.62 2.506e+12 -3.289e+13 3.704e+12 0.07442 76.90920 2.7163e+12 3.9235e+12 1.8108e+12 0.0000e+00 0.0000e+00 123.86241 0.00 0.17166 0.41621 0.08617 177.60255 25.30222 -2.30461 0.00000 0.00000 0.00000 0.00000 0.00000 0.7999 1.195e+13 2.716e+12
90 111 6.0361e+11 157.85 0.00 197.660 27.977 50 26.90177 10.91625 42.21251 289.44 652.16 -290.61 0.000e+00 0.000e+00 0.000e+00 0.00000 27.97662 6.0361e+11 6.0361e+11 6.0361e+11 3.0181e+11 0.0000e+00 88.58084 0.00 0.00000 0.00000 0.00000 0.00000 0.00000 0.00000 0.00000 0.00000 0.00000 0.00000 0.00000 0.0000 4.907e+12 3.018e+11
91 110 2.4145e+12 243.68 137.39 313.765 52.177 61 28.91300 11.32025 41.97773 319.01 305.53 -181.94 1.234e+13 -1.097e+12 -4.262e+11 0.06415 52.17651 2.4145e+12 3.3199e+12 1.8108e+12 6.0361e+11 0.0000e+00 48.94282 0.00 0.07798 0.58174 0.27281 35.58157 -76.67487 83.47958 0.00000 0.00000 0.00000 0.00000 0.00000 0.3587 6.693e+12 1.811e+12
92 203 9.0542e+11 171.31 53.87 226.264 44.502 40 31.08604 11.59120 41.91997 195.20 239.22 -91.40 -1.136e+12 -1.266e+12 -7.423e+11 0.02692 44.50185 9.0542e+11 9.0542e+11 6.0361e+11 3.0181e+11 0.0000e+00 77.23765 53.87 0.05989 0.00000 0.00000 0.00000 0.00000 0.00000 0.00000 0.00000 0.00000 0.00000 0.00000 0.4653 4.249e+12 6.036e+11
93 89 1.0261e+13 376.98 340.10 508.239 117.234 46 44.83931 30.39656 73.90701 119.67 -92.05 -36.31 -2.028e+14 7.804e+13 3.553e+12 0.09436 117.23393 1.0563e+13 1.0865e+13 7.5452e+12 3.9235e+12 0.0000e+00 66.71587 19.93 0.12266 0.29073 0.14996 36.18301 -6.01969 95.79139 0.18710 0.01476 60.53563 -42.08521 110.03465 0.6018 9.262e+12 9.054e+12
94 91 1.6901e+13 496.91 460.08 600.211 70.579 77 46.08652 30.34263 73.31455 -174.29 -62.42 -131.95 7.222e+13 -4.011e+13 2.526e+12 0.01888 70.57890 1.6901e+13 1.6901e+13 1.5392e+13 1.3581e+13 3.6217e+12 22.91362 0.00 0.02030 0.92252 0.78857 0.32139 80.79453 64.85262 0.80542 0.57356 21.37649 58.03474 71.43069 0.5733 1.854e+13 1.026e+13
95 90 2.0825e+13 470.50 433.26 643.464 169.754 68 43.07040 30.05120 74.74945 331.77 85.80 -276.28 -5.534e+13 2.670e+14 -1.085e+14 0.04081 169.75398 2.0825e+13 2.2937e+13 1.6298e+13 7.2434e+12 2.4145e+12 129.70439 4.28 0.05092 0.41645 0.17244 149.79622 78.39607 15.98400 0.31330 0.22600 66.92313 36.44455 58.86275 0.5921 1.994e+13 2.203e+13
96 88 1.0563e+13 368.54 326.94 513.174 170.753 64 43.51518 30.26728 74.67126 -17.84 -101.72 -358.62 1.335e+14 -2.779e+12 -3.398e+13 0.06014 170.75282 1.0563e+13 1.2374e+13 8.4506e+12 4.2253e+12 0.0000e+00 69.93722 33.00 0.07407 0.55191 0.22086 -106.39150 23.15099 122.98419 0.48161 0.02625 85.52903 -5.87661 -70.52389 0.5433 1.043e+13 1.328e+13
97 92 5.0704e+13 620.43 659.72 865.655 328.562 247 86.36485 14.30633 0.27913 -123.67 74.86 143.35 -2.868e+12 1.054e+14 9.060e+13 0.00408 298.69281 5.0704e+13 5.3420e+13 3.9839e+13 2.4748e+13 9.3560e+12 144.78140 65.19 0.00547 0.47725 0.30117 124.03745 -18.48385 -55.12247 0.61298 0.31985 86.01266 -15.72794 -42.68853 0.6757 4.522e+13 6.398e+13
98 95 5.3420e+13 695.93 737.79 880.845 118.781 238 39.34187 5.17740 5.68770 -70.78 289.67 -33.17 2.165e+14 -2.231e+15 2.059e+15 0.08777 132.36607 5.3420e+13 5.6136e+13 4.7384e+13 3.3501e+13 1.4789e+13 110.28304 73.97 0.10985 0.46857 0.30543 -42.59472 65.94460 127.63423 0.31244 0.27901 -46.28430 66.34890 110.24241 0.6862 4.868e+13 3.350e+13
99 93 4.8289e+12 296.34 214.96 395.319 83.691 29 31.00161 13.06609 6.26117 -372.29 116.10 214.95 1.382e+13 -4.199e+12 1.119e+13 0.03009 83.69069 5.1307e+12 4.8289e+12 3.6217e+12 6.0361e+11 0.0000e+00 71.89788 0.00 0.03621 0.06032 0.00000 60.70952 -72.84942 142.59300 0.00000 0.00000 0.00000 0.00000 0.00000 0.4323 4.714e+12 4.225e+12
100 94 6.9416e+12 318.62 396.79 446.153 166.684 183 33.21751 13.17511 6.60759 -542.46 -281.05 413.64 -4.745e+13 7.651e+13 1.203e+14 0.12023 166.68413 6.9416e+12 7.8470e+12 1.5090e+12 0.0000e+00 0.0000e+00 167.45943 120.36 0.16264 0.62545 0.28709 159.12747 122.32115 -24.28207 0.00000 0.00000 0.00000 0.00000 0.00000 1.4955 2.180e+13 1.539e+13
101 96 4.4366e+13 605.24 607.71 827.969 273.036 227 52.75203 44.07669 44.43693 -7.86 -242.79 36.67 -2.679e+14 2.742e+14 -5.441e+14 0.02576 219.05980 4.4366e+13 4.5573e+13 3.8330e+13 1.9617e+13 6.0361e+12 68.12381 16.85 0.03273 0.36287 0.23352 -52.47976 -73.56924 145.22508 0.40378 0.30363 -46.70166 -65.63406 81.47269 0.6340 3.941e+13 5.161e+13
102 97 6.0361e+12 416.00 320.70 425.845 25.105 30 79.03413 85.85790 5.36619 -6.53 133.10 196.16 -2.186e+13 -5.741e+13 4.319e+12 0.09102 25.10524 6.9416e+12 6.0361e+12 6.0361e+12 5.1307e+12 3.3199e+12 47.87667 20.28 0.08416 0.82298 0.67377 59.23369 -31.96687 31.76768 0.80429 0.64179 56.40256 3.39518 35.27496 0.4762 8.199e+12 2.113e+12
103 98 5.9154e+13 695.39 670.42 911.298 201.586 196 79.43498 85.78058 5.17704 -57.22 207.50 177.04 3.029e+14 -2.002e+14 2.472e+14 0.01135 169.71173 5.9154e+13 6.0663e+13 5.3722e+13 2.7163e+13 1.0261e+13 78.96471 64.96 0.01338 0.71259 0.44669 120.84799 -47.62560 -79.53080 0.61740 0.46720 -61.44771 1.35823 70.38754 0.5990 5.546e+13 5.493e+13
104 99 2.7766e+13 531.32 538.72 708.224 149.050 151 78.21565 74.12862 55.72931 -453.30 -179.60 -277.09 -4.872e+13 -3.115e+14 -1.481e+14 0.03051 149.04985 2.7766e+13 2.9879e+13 2.4446e+13 1.4789e+13 5.4325e+12 58.61847 0.00 0.03742 0.77104 0.53803 117.81136 -47.12177 -19.23206 0.69270 0.65988 80.69083 -45.94931 -12.87221 0.6344 2.536e+13 2.445e+13
105 100 2.7163e+12 237.21 188.78 326.329 91.855 59 80.77050 73.51291 54.98167 -626.73 -21.35 12.87 5.781e+12 8.197e+12 2.137e+12 0.03345 91.85514 2.7163e+12 3.6217e+12 1.8108e+12 9.0542e+11 0.0000e+00 69.29049 0.00 0.05304 0.72573 0.10531 -57.65389 82.00842 -2.63547 0.52373 0.05380 -31.75344 93.19580 32.60508 0.6046 3.843e+12 3.320e+12
106 101 7.5452e+12 326.35 306.63 458.728 200.193 139 91.30807 45.91405 58.06773 -387.83 -504.62 145.92 2.240e+13 8.140e+12 3.235e+12 0.01284 200.19345 7.5452e+12 7.5452e+12 5.1307e+12 1.5090e+12 0.0000e+00 125.67101 34.21 0.02266 0.90050 0.42928 4.94107 127.55733 36.57129 0.56097 0.38922 89.80744 55.77537 -22.54323 0.7375 1.114e+13 1.177e+13
107 106 3.4708e+13 586.80 576.06 762.911 160.162 186 39.22433 83.83707 96.28209 232.19 184.22 35.40 -2.799e+14 -1.217e+14 -4.633e+13 0.01971 134.81273 3.4708e+13 3.8330e+13 2.8068e+13 1.9617e+13 8.1488e+12 16.81920 37.05 0.02286 0.94229 0.45662 90.76091 14.89704 76.46368 0.88711 0.41328 71.61601 -18.47472 59.69790 0.6049 3.255e+13 2.837e+13
108 7 2.1127e+13 530.68 612.50 646.558 79.338 205 71.49548 23.42563 4.25247 167.75 -393.30 -53.79 -4.403e+13 2.230e+14 1.745e+14 0.02037 79.33805 2.1127e+13 2.4145e+13 1.6599e+13 1.3883e+13 3.9235e+12 89.51379 0.00 0.04854 0.63015 0.47833 82.92885 -30.18760 -72.23627 0.53102 0.28895 -69.75899 21.24922 74.94636 0.9092 2.599e+13 1.237e+13
109 104 4.0442e+13 603.58 649.96 802.805 246.253 181 69.34754 37.65300 55.57668 -25.24 -273.07 -5.94 -2.205e+14 7.204e+14 -2.480e+14 0.03212 166.19498 4.0442e+13 4.1951e+13 3.6217e+13 2.4446e+13 6.3380e+12 153.36963 23.53 0.04552 0.43445 0.32790 61.51806 107.38542 -55.66645 0.32284 0.14090 53.64613 88.74345 -40.49379 0.7222 3.825e+13 4.618e+13
110 112 3.8933e+13 600.90 560.69 792.693 195.379 199 37.61849 10.83413 9.13408 -185.82 302.15 -56.54 6.006e+14 -6.718e+14 4.001e+14 0.05508 154.54565 3.8933e+13 4.2555e+13 3.3199e+13 2.2032e+13 3.6217e+12 46.43107 38.33 0.06028 0.46021 0.31350 139.50107 -26.89101 -85.57365 0.34152 0.21302 113.87403 -31.44845 -71.21162 0.5419 3.781e+13 3.863e+13
111 102 3.7424e+13 582.24 563.86 782.316 214.355 171 78.47916 25.06589 79.28815 -195.37 -226.19 -32.39 -5.488e+14 -7.087e+14 7.054e+13 0.05145 175.42670 3.7424e+13 3.9235e+13 3.3501e+13 1.7505e+13 7.8470e+12 38.49184 10.99 0.05872 0.86213 0.58597 104.24401 -33.52168 -72.63255 0.70289 0.49294 82.79546 -32.96969 -42.50603 0.5705 3.402e+13 4.014e+13
112 129 4.2253e+12 270.14 178.02 378.109 139.725 68 61.42050 9.36073 87.16167 210.45 138.57 224.86 -3.186e+12 -2.167e+13 1.567e+13 0.04657 139.72450 4.2253e+12 5.4325e+12 0.0000e+00 0.0000e+00 0.0000e+00 198.70993 14.44 0.06669 0.21435 0.06524 29.94979 145.30933 210.16133 0.00000 0.00000 0.00000 0.00000 0.00000 0.4829 8.556e+12 6.338e+12
113 130 1.4185e+13 408.93 356.85 566.162 172.640 96 62.57993 9.77383 88.97684 83.22 156.68 -51.74 2.902e+13 -6.189e+13 4.732e+13 0.02341 172.64005 1.4185e+13 1.4487e+13 9.3560e+12 5.7343e+12 2.4145e+12 59.02237 0.00 0.02735 0.60385 0.37556 -62.30799 36.19111 92.69951 0.59134 0.21052 39.09879 -10.15841 51.88071 0.5201 1.523e+13 1.811e+13
114 71 3.7424e+13 592.30 600.08 782.316 176.561 170 1.39020 19.44997 52.97121 -223.61 323.93 -155.97 -4.340e+13 -5.451e+14 3.342e+14 0.03524 153.86499 3.7726e+13 3.9235e+13 3.3199e+13 2.1730e+13 6.9416e+12 72.51740 11.07 0.04185 0.75059 0.44733 2.67896 142.18483 18.53928 0.85924 0.50269 -21.27053 98.89951 29.84296 0.6212 3.385e+13 3.501e+13
115 122 2.9275e+13 569.59 602.22 720.829 108.228 185 90.20964 12.80533 99.55094 -148.15 411.97 219.39 -3.689e+13 -1.210e+13 2.947e+14 0.02207 108.22756 2.9275e+13 3.1992e+13 2.7163e+13 1.6599e+13 9.3560e+12 38.43885 0.00 0.02923 0.78396 0.48652 116.67645 -7.85068 12.78245 0.92121 0.58455 83.74374 8.81987 4.07035 0.7054 2.737e+13 1.811e+13
116 118 2.8370e+13 574.96 560.76 713.320 96.071 179 46.99360 93.74140 76.29347 243.93 51.79 47.87 1.383e+14 -1.296e+14 -7.817e+13 0.01699 96.07126 2.8370e+13 3.1388e+13 2.2334e+13 1.8410e+13 8.4506e+12 65.11230 6.41 0.02125 0.60362 0.40137 121.99358 -14.59881 -59.72686 0.62760 0.45154 94.63922 -20.18024 -47.45950 0.6583 2.637e+13 1.720e+13
117 113 2.2636e+13 556.19 515.94 661.600 72.303 120 30.07999 24.03708 15.45332 264.77 -450.41 42.50 -2.355e+14 -9.426e+13 2.558e+13 0.03324 72.30282 2.2636e+13 2.3541e+13 1.9014e+13 1.3280e+13 7.8470e+12 47.60677 0.00 0.03849 0.65827 0.30605 99.08960 -34.86218 -45.43201 0.72619 0.41168 70.66769 -31.27036 -3.80085 0.6168 2.069e+13 1.026e+13
118 114 8.7524e+12 361.45 300.08 481.993 101.742 58 32.67497 23.83082 16.65095 77.01 -407.68 -69.67 2.852e+12 -8.173e+12 2.231e+13 0.01446 101.74198 8.7524e+12 9.0542e+12 7.8470e+12 1.2072e+12 0.0000e+00 89.11840 16.08 0.01760 0.27496 0.20584 116.83688 -7.89062 61.74495 0.53220 0.16515 73.36079 -21.93503 42.47359 0.5306 8.246e+12 7.847e+12
119 105 2.3541e+13 538.15 483.23 670.306 92.204 172 66.45051 93.13520 27.42896 191.57 306.85 42.90 7.768e+11 -2.268e+13 -1.179e+14 0.01617 92.20375 2.3541e+13 2.5050e+13 2.0221e+13 1.5392e+13 6.9416e+12 63.65196 0.00 0.01698 0.83783 0.41638 68.19738 53.35360 -74.77523 0.91667 0.55437 21.92939 64.24254 51.67961 0.5373 2.856e+13 1.418e+13
120 108 3.4104e+13 547.65 543.29 758.463 362.379 155 52.48379 52.45301 38.98753 234.81 -102.30 -177.63 4.478e+12 -2.308e+14 -2.861e+14 0.02331 232.30615 3.4104e+13 3.7122e+13 2.8370e+13 1.5996e+13 5.7343e+12 29.27336 16.94 0.02803 0.80411 0.34286 65.83575 -82.51262 78.11293 0.53986 0.26488 -30.82148 78.05220 -65.35847 0.5973 3.094e+13 4.587e+13
121 126 3.2897e+13 578.97 580.29 749.406 148.829 167 61.53332 27.26578 87.03551 290.69 -275.82 96.57 -2.530e+14 -2.688e+14 -2.545e+14 0.03102 128.74704 3.2897e+13 3.4406e+13 2.9577e+13 1.9919e+13 7.5452e+12 31.91933 14.60 0.03630 0.93449 0.54481 107.76709 -46.33337 -8.79558 0.48827 0.35523 74.83746 -44.35040 26.21637 0.6195 3.169e+13 2.837e+13
122 119 3.1086e+13 578.29 554.38 735.395 182.168 166 81.79203 29.65142 66.84985 -60.04 -73.03 -28.56 5.237e+14 -2.895e+14 1.993e+14 0.04933 113.52769 3.1086e+13 3.1388e+13 2.8370e+13 1.8712e+13 4.5271e+12 104.11759 7.13 0.05612 0.68823 0.66645 110.76832 62.92606 28.02574 0.65008 0.30635 91.78022 42.93327 17.25582 0.5921 2.940e+13 3.109e+13
123 124 2.1730e+13 529.15 515.75 652.658 85.256 133 95.95957 29.00429 64.30960 -77.46 153.30 141.11 1.381e+13 -3.202e+14 1.467e+14 0.04857 85.25581 2.1730e+13 2.3541e+13 1.7505e+13 1.5392e+13 6.0361e+12 22.38126 0.00 0.05696 0.64177 0.33301 42.43988 40.07190 86.48798 0.60997 0.32077 40.90582 40.35629 60.40615 0.6302 2.161e+13 1.298e+13
124 125 5.4325e+12 308.82 233.18 411.149 85.730 31 97.30354 31.81453 63.77294 -293.97 -87.08 170.14 -1.830e+13 1.095e+13 1.521e+13 0.03593 85.73021 5.4325e+12 5.4325e+12 4.8289e+12 1.8108e+12 0.0000e+00 7.82472 17.62 0.04266 0.67426 0.23303 34.25425 -53.95235 137.67679 0.39784 0.05171 -28.38507 -44.46711 99.28275 0.4711 4.897e+12 4.527e+12
125 123 3.5010e+13 605.80 601.52 765.116 101.441 164 90.12410 91.60561 23.05972 -45.74 384.80 -30.90 5.972e+13 -1.355e+14 2.499e+14 0.01920 113.57785 3.5010e+13 3.6217e+13 3.1992e+13 2.5050e+13 1.0563e+13 55.65139 36.70 0.02120 0.60959 0.53608 -23.59369 48.84658 106.75114 0.65095 0.46332 -10.78241 44.05718 80.59429 0.6003 3.621e+13 2.082e+13
126 134 2.7766e+13 522.96 538.54 708.224 169.953 159 57.47414 29.60296 29.01473 86.72 -117.98 585.08 8.325e+13 -2.564e+14 1.533e+14 0.02577 169.95328 2.7766e+13 2.8974e+13 2.3541e+13 1.5392e+13 2.4145e+12 96.04863 0.00 0.03331 0.57352 0.32120 101.76592 94.45010 -46.40326 0.91433 0.51612 61.50034 67.86207 -38.61753 0.6595 2.504e+13 2.716e+13
127 132 2.4145e+13 555.64 542.93 675.987 82.359 154 81.04872 15.78902 2.05694 -237.43 200.19 -25.03 -1.265e+13 -3.274e+13 -4.953e+13 0.00648 82.35875 2.4446e+13 2.5654e+13 1.9014e+13 1.5996e+13 7.2434e+12 48.19679 11.40 0.00823 0.76605 0.44575 114.05099 -39.15546 -9.27037 0.80737 0.39871 -64.34733 59.90779 -37.01854 0.6744 2.431e+13 1.268e+13
128 135 2.6861e+13 522.92 516.52 700.441 153.162 138 75.48774 30.35423 8.41625 -382.25 -464.12 -117.55 1.822e+13 6.601e+14 -7.033e+13 0.05990 153.16194 2.6861e+13 2.7766e+13 2.4446e+13 1.3883e+13 3.3199e+12 93.08855 5.26 0.07538 0.55798 0.37484 85.18583 32.27575 123.92690 0.58861 0.45426 -65.48492 49.33029 68.40806 0.6393 2.464e+13 2.445e+13
129 133 2.6257e+13 547.98 523.10 695.154 105.819 153 39.04213 52.02926 42.56385 329.88 -161.68 -54.86 -1.467e+14 -1.856e+14 2.425e+14 0.03247 105.81918 2.6257e+13 2.8068e+13 2.2334e+13 1.2676e+13 6.3380e+12 43.40084 9.30 0.03994 0.80124 0.46878 5.13245 -62.20364 82.04246 0.55027 0.38470 9.84469 -19.31771 73.26771 0.6333 2.457e+13 1.479e+13
130 131 3.1992e+13 540.54 520.73 742.466 310.486 150 52.15165 40.18182 48.24904 103.00 -273.93 -95.62 -7.142e+14 2.998e+14 -2.981e+14 0.06000 205.28145 3.1992e+13 3.4406e+13 2.7464e+13 1.5090e+13 5.4325e+12 116.98802 8.03 0.07040 0.36341 0.23904 -56.28351 -3.69741 127.81579 0.36321 0.28062 -43.91990 -1.19257 86.76477 0.5707 2.891e+13 4.195e+13
131 140 2.4446e+13 542.38 486.31 678.792 95.798 125 38.44804 26.85090 49.95615 482.98 -170.38 -154.42 -2.662e+14 9.639e+13 -2.200e+13 0.03535 95.79768 2.4446e+13 2.6861e+13 2.1127e+13 1.6298e+13 5.7343e+12 26.67293 0.00 0.03771 0.78497 0.70234 -48.20074 66.16090 89.49162 0.81954 0.63390 81.14249 -38.83184 -38.34711 0.5386 2.324e+13 1.630e+13
132 139 2.6257e+13 510.19 529.88 695.154 176.657 72 42.82836 1.93212 23.48085 97.81 358.77 109.97 6.642e+13 2.188e+12 5.279e+13 0.00669 176.65695 2.6257e+13 2.6861e+13 2.2937e+13 1.1167e+13 3.6217e+12 192.33263 0.00 0.01001 0.22110 0.14934 175.20715 20.29651 -60.86963 0.41600 0.39569 67.47326 21.32345 38.28418 0.7264 2.417e+13 2.626e+13
133 138 9.9596e+12 476.35 408.95 503.206 33.394 45 42.39388 1.85449 23.63289 553.69 368.76 -62.59 9.266e+13 -9.110e+13 3.540e+12 0.06705 33.39356 9.9596e+12 1.0261e+13 7.8470e+12 6.3380e+12 4.2253e+12 63.27140 0.00 0.07710 0.70333 0.45422 1.65056 71.05577 -35.57191 0.89109 0.51789 -25.53152 57.84842 -11.36965 0.6304 1.152e+13 4.225e+12
134 137 4.2253e+12 272.34 306.97 378.109 120.056 28 41.40961 1.86590 24.08760 509.49 401.40 -86.96 -4.230e+13 5.215e+13 1.788e+13 0.09184 120.05553 4.2253e+12 4.2253e+12 1.8108e+12 6.0361e+11 0.0000e+00 55.66577 0.00 0.17207 0.27686 0.02820 40.13758 52.74291 101.52163 0.00000 0.00000 0.00000 0.00000 0.00000 1.2855 3.808e+12 4.527e+12
135 144 1.3280e+13 466.21 418.56 553.850 60.160 104 41.59143 21.74043 14.22736 -1.36 -265.90 166.84 1.138e+14 -6.838e+13 -1.661e+13 0.04378 60.15985 1.3280e+13 1.4789e+13 1.2072e+13 9.6578e+12 2.4145e+12 51.76519 7.78 0.04914 0.73492 0.57060 68.93741 40.83649 81.77140 0.60788 0.34446 66.81374 69.19754 43.13937 0.5856 1.440e+13 7.243e+12
136 141 2.3541e+13 500.10 501.76 670.306 147.334 127 99.17945 25.13622 71.14116 -343.53 42.94 58.67 -1.237e+14 1.756e+14 -2.020e+13 0.02312 147.33356 2.3843e+13 2.5352e+13 1.7807e+13 9.9596e+12 6.0361e+12 89.74867 10.72 0.03051 0.82490 0.52899 -10.88414 -49.75034 96.42463 0.85792 0.65656 69.43645 14.18494 20.92568 0.6639 2.303e+13 1.932e+13
137 227 1.5090e+12 190.96 99.63 268.266 112.572 134 86.26257 48.14822 78.67789 -43.63 -269.26 -332.24 4.220e+11 -6.834e+11 -8.186e+12 0.05175 112.57169 1.5090e+12 1.5090e+12 0.0000e+00 0.0000e+00 0.0000e+00 77.52151 57.91 0.11330 0.27466 0.00000 32.30228 164.38399 -50.61134 0.00000 0.00000 0.00000 0.00000 0.00000 0.6075 7.593e+12 1.811e+12
138 148 1.8712e+13 521.74 479.45 620.924 68.016 131 2.72687 1.93954 0.89618 -136.47 523.60 -44.54 2.076e+13 -1.706e+13 -8.375e+13 0.01688 68.01578 1.8712e+13 1.9617e+13 1.5996e+13 1.3280e+13 6.0361e+12 38.68608 5.14 0.01824 0.66539 0.54871 -16.09260 -42.99557 97.01360 0.78428 0.40580 -29.09719 -12.16072 73.82347 0.5737 1.922e+13 9.658e+12
139 146 1.1469e+13 408.93 376.86 527.436 88.628 80 24.91014 61.74033 36.07716 281.83 -25.25 67.06 -1.817e+13 -6.816e+13 -5.396e+12 0.02883 88.62786 1.1469e+13 1.1469e+13 1.0261e+13 7.2434e+12 2.1127e+12 59.68252 0.00 0.03317 0.82012 0.43734 19.33934 97.87771 11.80237 0.65987 0.19359 -3.59897 79.28587 -24.19246 0.5696 1.141e+13 8.451e+12
140 147 3.3199e+12 279.18 220.01 348.904 48.865 32 23.74254 64.13847 37.60952 234.75 -106.34 -135.02 1.106e+13 2.410e+13 3.655e+12 0.07070 48.86467 3.3199e+12 3.3199e+12 2.4145e+12 1.8108e+12 0.0000e+00 26.23937 63.15 0.09906 0.78727 0.00521 10.05421 8.34267 79.79009 0.61938 0.00000 8.59745 6.35726 64.46171 0.6088 5.331e+12 1.811e+12
141 158 1.9617e+13 511.68 483.49 630.782 82.176 129 41.88461 29.11670 50.70348 267.06 -303.66 -271.24 -1.527e+14 -1.744e+14 1.746e+14 0.04487 82.17611 1.9617e+13 2.0825e+13 1.5996e+13 1.2374e+13 3.6217e+12 68.89946 12.38 0.05561 0.65538 0.56508 -50.85036 97.58769 50.82957 0.63143 0.51266 -24.93542 96.51437 26.16973 0.6453 1.891e+13 1.207e+13
142 80 6.0361e+11 141.50 0.00 197.660 69.783 127 67.42819 25.26837 13.56387 85.66 12.25 -17.30 8.895e+11 6.926e+11 -4.019e+11 0.02136 69.78287 6.0361e+11 6.0361e+11 0.0000e+00 0.0000e+00 0.0000e+00 138.24997 43.24 0.07591 0.00000 0.00000 0.00000 0.00000 0.00000 0.00000 0.00000 0.00000 0.00000 0.00000 0.0000 9.422e+12 6.036e+11
143 149 5.4325e+12 295.29 188.40 411.149 136.635 122 95.28175 28.11924 70.30833 -81.11 -122.76 -142.76 2.107e+13 1.655e+13 -8.532e+12 0.03659 136.63467 5.4325e+12 9.6578e+12 2.7163e+12 0.0000e+00 0.0000e+00 86.68476 0.00 0.04581 0.44931 0.00137 -54.33246 -100.67954 104.07089 0.00000 0.00000 0.00000 0.00000 0.00000 0.4128 1.449e+13 9.658e+12
144 142 9.0542e+11 160.97 55.72 226.264 98.551 51 31.40149 15.14755 10.14641 202.81 -265.73 -83.96 -9.516e+11 -1.372e+10 -2.947e+12 0.18418 98.55067 9.0542e+11 9.0542e+11 3.0181e+11 3.0181e+11 0.0000e+00 73.39946 48.26 0.09994 0.00000 0.00000 0.00000 0.00000 0.00000 0.00000 0.00000 0.00000 0.00000 0.00000 13.2991 4.390e+12 2.113e+12
145 155 1.2676e+13 481.09 410.62 545.328 48.066 57 71.93951 79.38120 17.43719 -217.89 244.12 80.31 6.129e+13 1.496e+13 -2.613e+12 0.02469 48.06643 1.2676e+13 1.3280e+13 1.2374e+13 9.3560e+12 3.0181e+12 30.12172 0.00 0.02506 0.66304 0.42243 55.97081 82.68108 26.05422 0.45064 0.32489 72.45302 50.29762 7.70261 0.5325 1.442e+13 6.640e+12
146 156 1.0563e+13 471.08 419.24 513.174 38.405 60 72.86036 80.89702 18.39470 -299.88 79.62 -66.42 -5.330e+13 -5.976e+12 -6.632e+12 0.02781 38.40514 1.0563e+13 1.1469e+13 1.0261e+13 9.0542e+12 4.5271e+12 51.68808 0.00 0.02906 0.80493 0.59688 72.17861 11.48432 -40.03333 0.60875 0.34375 -39.12555 -30.04270 54.96876 0.5838 1.305e+13 4.527e+12
147 81 1.5090e+13 420.48 413.63 577.961 161.065 99 66.65378 25.66298 15.59204 93.91 -84.97 -145.19 1.004e+13 -5.200e+13 6.361e+13 0.01966 161.06494 1.5090e+13 1.5694e+13 1.1770e+13 7.2434e+12 3.0181e+12 42.72918 7.51 0.02456 0.76159 0.61279 -38.00085 -1.65553 108.31194 0.68863 0.34458 24.74911 73.89158 46.35551 0.6155 1.616e+13 1.630e+13
148 152 6.0361e+11 170.01 0.00 197.660 19.456 44 68.44433 82.73565 43.43677 -300.22 99.57 53.58 0.000e+00 0.000e+00 0.000e+00 0.00000 19.45590 6.0361e+11 6.0361e+11 6.0361e+11 0.0000e+00 0.0000e+00 125.10086 0.00 0.00000 0.00000 0.00000 0.00000 0.00000 0.00000 0.00000 0.00000 0.00000 0.00000 0.00000 0.0000 3.691e+12 0.000e+00
149 153 1.2072e+12 182.73 202.84 249.036 63.438 72 69.29116 85.62841 41.30314 -372.40 41.05 118.77 -1.561e+12 4.384e+12 -1.472e+13 0.31457 63.43760 1.2072e+12 1.2072e+12 0.0000e+00 0.0000e+00 0.0000e+00 74.52445 111.47 0.30850 0.17069 0.00000 27.96764 -75.69004 147.55409 0.00000 0.00000 0.00000 0.00000 0.00000 3.3148 6.586e+12 1.207e+12
150 151 2.8370e+13 559.83 541.44 713.320 111.388 116 25.75934 57.99598 25.72415 248.86 -98.91 178.64 7.406e+13 -1.422e+14 7.408e+13 0.01614 111.38752 2.8370e+13 2.8974e+13 2.5050e+13 1.5392e+13 7.8470e+12 55.68261 0.00 0.01830 0.65780 0.36775 -53.99404 -55.21571 108.42736 0.82979 0.48622 -23.59201 -50.38424 69.89869 0.5923 2.632e+13 1.901e+13
151 154 1.7505e+13 468.89 440.21 607.273 104.708 114 62.26959 75.99198 31.77428 -67.55 100.55 50.93 2.065e+14 1.116e+14 6.313e+13 0.04892 104.70798 1.7505e+13 1.8108e+13 1.4789e+13 1.1167e+13 3.0181e+12 84.46655 0.00 0.05633 0.64382 0.44241 -38.11760 92.67122 29.05920 0.66593 0.19595 -34.61165 60.74071 25.29361 0.5836 1.588e+13 1.328e+13
152 160 2.6559e+13 512.60 481.85 697.808 175.764 114 4.73242 12.21768 9.86926 -181.45 -190.80 -320.94 8.181e+13 -1.248e+14 9.410e+13 0.01771 175.76436 2.6559e+13 2.7464e+13 2.3843e+13 1.4487e+13 3.6217e+12 43.95633 0.00 0.02041 0.66396 0.27764 20.08219 0.61444 132.29483 0.41471 0.14081 34.97947 15.04329 85.62067 0.5551 2.412e+13 2.656e+13
153 127 1.4185e+13 436.67 401.31 566.162 98.298 108 96.23839 96.55152 92.90580 81.58 546.44 413.69 1.877e+13 3.564e+12 9.167e+13 0.02803 98.29794 1.4185e+13 1.5090e+13 1.1770e+13 8.1488e+12 3.9235e+12 54.48276 0.00 0.03081 0.67834 0.45421 92.51974 37.45685 -6.69971 0.53858 0.15381 77.45316 45.85353 1.26878 0.5416 1.472e+13 9.960e+12
154 161 2.5955e+13 533.75 508.48 692.481 120.728 107 58.21287 0.50860 67.21989 289.39 42.94 -41.63 2.085e+14 1.745e+14 -4.011e+13 0.02933 120.72799 2.5955e+13 2.5955e+13 2.2937e+13 1.3581e+13 6.3380e+12 68.73032 0.00 0.03304 0.76524 0.47428 -28.05042 -11.52066 105.01527 0.73897 0.38531 13.97544 20.97496 79.53616 0.5745 2.377e+13 1.871e+13
155 162 2.3239e+13 487.78 477.99 667.429 176.979 105 78.68890 10.41448 62.35232 -135.35 188.10 -33.31 4.043e+13 3.309e+13 2.217e+13 0.00691 176.97870 2.3239e+13 2.4446e+13 1.8410e+13 1.2072e+13 5.1307e+12 37.91829 0.00 0.00820 0.49897 0.43298 -71.22257 94.50246 3.79034 0.23648 0.18246 -44.02385 87.91108 5.55780 0.5896 2.079e+13 2.445e+13
156 150 2.3239e+13 491.33 462.75 667.429 164.729 104 22.67083 13.72801 29.69452 221.45 -21.46 36.32 -1.690e+14 3.372e+14 2.815e+14 0.05951 164.72905 2.3239e+13 2.5352e+13 1.9617e+13 1.1469e+13 3.9235e+12 69.79160 0.00 0.06801 0.58597 0.36912 35.01053 12.98309 116.24045 0.61816 0.26407 30.20453 24.51731 84.89687 0.5524 2.164e+13 2.294e+13
157 163 1.5392e+13 488.92 407.07 581.788 63.684 103 85.07365 71.54784 10.26147 -306.57 216.94 110.89 -5.541e+13 -2.634e+13 5.220e+13 0.02245 63.68419 1.5392e+13 1.6298e+13 1.3581e+13 9.0542e+12 5.1307e+12 22.98956 0.00 0.02313 0.89550 0.62509 86.96961 -4.85580 34.14988 0.82714 0.59598 62.81759 36.19155 5.94370 0.5043 1.473e+13 7.545e+12
158 164 1.8108e+13 533.15 505.72 614.175 58.044 103 26.15262 38.21005 29.27300 269.91 -253.57 57.77 -1.281e+14 -9.257e+13 -2.583e+13 0.03283 58.04406 1.8108e+13 1.8712e+13 1.7505e+13 1.5090e+13 6.3380e+12 49.22805 0.00 0.03508 0.69012 0.48929 -26.01424 97.62842 47.81643 0.62289 0.38146 -25.24190 84.76558 51.59079 0.6102 2.135e+13 9.658e+12
159 165 2.2032e+13 625.86 633.38 655.666 42.153 102 45.34428 86.14185 74.55161 250.67 319.03 45.33 1.178e+14 1.897e+12 -6.006e+13 0.01849 42.15272 2.2032e+13 2.2334e+13 2.1730e+13 1.9014e+13 1.1770e+13 48.35257 0.00 0.02089 0.61645 0.44409 76.45220 5.75305 -59.28803 0.50588 0.30770 65.38943 5.66428 -58.52160 0.7047 2.946e+13 9.356e+12
160 216 7.5452e+12 346.41 302.49 458.728 91.926 61 14.86259 47.00648 54.16329 -117.52 -301.82 -2.40 5.730e+13 2.817e+13 7.949e+13 0.07855 91.92559 7.5452e+12 9.3560e+12 6.3380e+12 3.6217e+12 1.8108e+12 43.25222 9.64 0.09606 0.57643 0.19207 -34.90432 79.73682 9.86450 0.44215 0.14811 30.12032 -34.41439 49.03914 0.5603 8.631e+12 5.734e+12
161 157 2.2334e+13 601.63 563.96 658.646 50.282 101 56.40497 55.29990 25.64714 8.11 -61.24 267.34 -8.603e+13 1.154e+14 3.040e+14 0.04418 50.28189 2.2334e+13 2.3239e+13 2.1127e+13 1.5090e+13 9.0542e+12 91.24848 0.00 0.05193 0.77016 0.51118 -64.05035 77.12984 -37.66197 0.59485 0.53067 31.48018 65.09014 40.30257 0.6716 2.255e+13 9.356e+12
162 172 1.7203e+13 484.57 467.65 603.763 83.198 85 23.79555 31.81920 54.41034 214.11 -114.30 11.41 1.317e+14 -2.800e+13 1.007e+13 0.02861 83.19843 1.7203e+13 1.9316e+13 1.6599e+13 1.0865e+13 4.5271e+12 117.61838 0.00 0.03222 0.64825 0.38935 12.86101 -15.88391 103.27988 0.70928 0.41882 64.69666 -27.92927 10.75996 0.5951 1.698e+13 1.087e+13
163 167 2.0825e+13 526.17 511.75 643.464 80.463 98 69.84767 25.71471 18.57191 -340.42 -45.17 -168.35 -2.913e+13 2.923e+13 1.678e+14 0.02431 80.46253 2.0825e+13 2.2032e+13 1.8108e+13 1.0563e+13 5.7343e+12 90.26952 0.00 0.02998 0.50862 0.38911 94.27470 -9.03332 -58.91834 0.72986 0.46939 66.38261 17.12745 -26.06842 0.6552 1.919e+13 1.056e+13
164 166 1.8108e+13 475.53 434.48 614.175 104.080 96 53.63605 38.33941 52.51390 -209.05 19.92 -94.58 8.289e+13 7.687e+13 -5.965e+13 0.02556 104.08038 1.8108e+13 1.9316e+13 1.5090e+13 1.0865e+13 4.2253e+12 103.53202 0.00 0.02799 0.77269 0.49161 74.33702 5.95100 73.54472 0.78452 0.36800 -10.47553 -37.61342 68.52460 0.5419 1.648e+13 1.268e+13
165 171 1.1469e+13 397.42 345.96 527.436 107.411 93 21.74934 0.90176 36.35488 156.32 445.10 25.37 -6.400e+13 -1.082e+14 6.024e+12 0.04947 107.41067 1.1469e+13 1.2072e+13 1.0865e+13 4.5271e+12 0.0000e+00 113.49069 0.00 0.05902 0.63080 0.27233 103.57069 49.14449 49.32949 0.29043 0.00662 68.17986 -14.43153 -55.87044 0.5556 1.187e+13 9.960e+12
166 177 1.4487e+13 478.35 429.54 570.149 62.900 93 2.64955 12.03161 8.90327 -62.17 -154.19 -150.24 8.023e+13 -8.657e+13 -1.369e+13 0.03292 62.90014 1.4487e+13 1.5392e+13 1.4185e+13 7.8470e+12 5.4325e+12 50.16671 8.02 0.03774 0.91161 0.31358 92.85187 19.62919 40.70987 0.58142 0.14322 64.52171 11.67105 60.12452 0.5982 1.432e+13 7.243e+12
167 173 2.1127e+13 500.28 469.71 646.558 110.007 92 60.54441 83.08612 33.82916 362.08 -14.81 52.04 -1.031e+14 2.316e+13 -2.500e+14 0.03985 110.00747 2.1127e+13 2.1127e+13 1.9316e+13 1.3883e+13 3.9235e+12 22.95122 0.00 0.04597 0.96562 0.91517 -77.74699 86.94180 -2.05930 0.90744 0.55135 -54.07773 35.02677 71.30996 0.5878 1.950e+13 1.539e+13
168 176 1.1469e+13 403.77 359.84 527.436 96.136 92 31.52046 65.34933 13.98918 281.11 -56.56 -79.25 -3.343e+13 1.049e+13 -3.173e+13 0.01925 96.13647 1.1469e+13 1.2072e+13 9.0542e+12 7.2434e+12 0.0000e+00 56.78703 0.00 0.02216 0.73492 0.54219 81.12488 5.26080 -66.33199 0.71396 0.38871 65.77284 -14.64697 -59.19889 0.5564 1.062e+13 8.752e+12
169 174 4.2253e+12 271.85 244.56 378.109 123.438 91 19.74776 31.46918 64.68892 82.22 -218.65 -145.38 -1.104e+13 -3.636e+13 -8.912e+11 0.05215 123.43785 4.2253e+12 4.8289e+12 2.4145e+12 0.0000e+00 0.0000e+00 102.39709 20.09 0.09411 0.82299 0.49132 118.68816 78.10989 -30.01211 0.00000 0.00000 0.00000 0.00000 0.00000 0.7132 7.196e+12 5.734e+12
170 178 1.7505e+13 501.15 483.92 607.273 72.540 88 49.96315 53.88477 38.17439 671.11 -88.65 171.58 -6.831e+13 6.027e+13 -5.435e+12 0.01893 72.54033 1.7505e+13 1.8712e+13 1.5996e+13 1.2676e+13 5.1307e+12 55.84723 0.00 0.02115 0.88446 0.55444 -16.95018 88.55836 40.32696 0.73443 0.40804 5.27302 21.85302 77.88548 0.6123 1.814e+13 1.026e+13
171 170 1.6298e+13 455.28 415.71 592.979 106.011 85 61.51445 41.18378 67.56937 -56.11 -248.64 -342.73 7.092e+13 2.488e+13 -1.063e+14 0.03027 106.01091 1.6298e+13 1.6298e+13 1.2978e+13 9.3560e+12 4.5271e+12 20.32530 0.00 0.03397 0.61340 0.33107 -73.19770 -55.58144 60.46740 0.50018 0.35591 64.59139 23.44611 -49.92498 0.5515 1.445e+13 1.147e+13
172 115 8.7524e+12 349.53 333.93 481.993 139.554 85 76.10315 31.74328 61.68967 151.21 -137.63 -80.07 -3.472e+13 5.557e+13 2.152e+13 0.03451 139.55353 8.7524e+12 9.0542e+12 6.3380e+12 4.8289e+12 0.0000e+00 101.88207 0.00 0.05074 0.23402 0.09360 -22.22261 -48.66283 160.79956 0.09874 0.05684 -3.48237 -50.39182 159.08351 0.6695 9.513e+12 9.658e+12
173 169 1.6298e+13 556.57 506.30 592.979 40.663 85 50.85627 63.68882 15.33230 156.54 -50.85 288.38 -2.234e+13 8.872e+13 2.809e+13 0.02446 40.66331 1.6298e+13 1.6901e+13 1.5996e+13 1.2978e+13 6.9416e+12 53.67736 0.00 0.02498 0.67232 0.58717 38.76778 28.52617 75.73413 0.64583 0.44872 28.78251 24.75054 68.24796 0.5995 1.891e+13 6.640e+12
174 193 6.9416e+12 436.01 399.99 446.153 26.264 66 0.22877 21.44336 79.59986 -71.94 -445.35 -434.61 -2.289e+13 4.077e+12 -7.859e+12 0.02243 26.26412 7.8470e+12 8.4506e+12 6.9416e+12 5.4325e+12 3.9235e+12 44.84602 24.43 0.02657 0.65614 0.48856 33.80434 65.44326 30.02744 0.52927 0.30789 29.32077 67.86349 21.99207 0.6844 9.694e+12 2.113e+12
175 187 1.5392e+13 481.43 423.92 581.788 68.574 81 85.94229 21.48787 97.61516 -78.21 -357.64 272.75 -1.563e+13 -2.055e+14 -3.696e+11 0.05490 68.57401 1.5392e+13 1.5996e+13 1.5090e+13 1.0865e+13 3.3199e+12 13.84759 6.79 0.05917 0.25781 0.17379 62.23899 25.66465 93.34864 0.17344 0.08411 47.61567 22.26006 77.42107 0.5523 1.791e+13 8.149e+12
176 228 2.4145e+12 233.53 195.66 313.765 70.322 79 53.21551 91.31152 67.91277 104.19 331.20 34.39 4.070e+12 -1.297e+13 -1.534e+13 0.03270 70.32230 2.4145e+12 2.4145e+12 6.0361e+11 0.0000e+00 0.0000e+00 56.35973 0.00 0.12902 0.48235 0.00000 -57.25044 79.62625 151.70790 0.00000 0.00000 0.00000 0.00000 0.00000 0.9194 8.467e+12 2.113e+12
177 180 9.0542e+11 165.16 55.20 226.264 60.792 79 48.99665 11.24401 29.28469 -45.75 390.05 223.39 -2.051e+12 -1.162e+12 1.120e+12 0.03486 60.79173 9.0542e+11 9.0542e+11 6.0361e+11 0.0000e+00 0.0000e+00 72.04715 55.20 0.08423 0.00000 0.00000 0.00000 0.00000 0.00000 0.00000 0.00000 0.00000 0.00000 0.00000 0.5121 4.346e+12 9.054e+11
178 181 1.5694e+13 443.76 406.18 585.566 114.395 78 73.82759 57.89113 50.65279 -731.54 241.89 68.95 -2.425e+13 -1.408e+14 -2.465e+12 0.02865 114.39489 1.5694e+13 1.5996e+13 1.4789e+13 5.4325e+12 0.0000e+00 7.93472 0.00 0.03972 0.41576 0.07511 74.88630 186.22449 1.23291 0.52715 0.03807 37.35865 180.11417 22.26732 0.6509 1.514e+13 1.358e+13
179 184 8.4506e+12 469.04 383.43 476.388 27.287 59 47.94543 61.46046 69.10471 72.18 -16.70 -102.32 3.189e+13 -2.280e+13 -6.515e+13 0.05928 27.28691 8.4506e+12 8.7524e+12 8.1488e+12 6.9416e+12 3.6217e+12 34.82909 0.00 0.05931 0.36159 0.23171 32.27653 10.39042 77.34941 0.30809 0.20816 30.62234 9.77433 70.58730 0.5565 1.092e+13 3.622e+12
180 -1 1.5090e+12 199.75 181.22 268.266 59.917 78 69.67349 74.70467 18.20374 -319.32 249.50 78.34 2.950e+12 7.229e+12 -1.815e+11 0.02431 59.91720 1.5090e+12 1.5090e+12 6.0361e+11 6.0361e+11 0.0000e+00 85.14213 0.00 0.10757 0.43634 0.05374 89.74034 -22.62188 159.89258 0.00000 0.00000 0.00000 0.00000 0.00000 1.0831 4.740e+12 9.054e+11
181 179 1.7807e+13 513.05 507.94 610.744 66.983 78 53.25069 21.09567 33.63901 -97.68 274.11 290.44 -6.505e+13 -4.152e+13 -1.447e+13 0.01583 66.98331 1.7807e+13 1.8410e+13 1.7505e+13 1.2978e+13 5.7343e+12 51.38927 0.00 0.01768 0.87996 0.63592 -31.87119 88.11111 14.71801 0.60629 0.36489 -26.02621 72.08019 9.88461 0.6300 2.029e+13 9.960e+12
182 182 1.7203e+13 496.66 454.72 603.763 73.276 77 99.08071 18.14945 79.03764 -32.74 331.57 136.36 9.492e+12 3.134e+13 -4.421e+13 0.01159 73.27621 1.7203e+13 1.8108e+13 1.5090e+13 9.6578e+12 5.1307e+12 24.94383 0.00 0.01312 0.44030 0.37190 -4.51781 100.01224 13.90550 0.40825 0.35044 -10.97050 78.79978 -6.17665 0.5871 1.577e+13 9.658e+12
183 159 1.9919e+13 508.51 477.79 634.000 87.659 77 21.15761 12.70145 44.47024 391.91 29.80 -137.99 1.217e+14 3.413e+13 -6.411e+13 0.02361 87.65926 2.0221e+13 2.0523e+13 1.8410e+13 1.3280e+13 3.3199e+12 23.78117 10.61 0.02648 0.65486 0.31042 -65.98973 73.03751 85.63779 0.48190 0.08733 87.29711 -38.27177 -55.88259 0.5856 1.947e+13 1.328e+13
184 186 1.2374e+13 536.76 407.51 540.965 30.122 75 93.07375 98.32632 13.46920 34.00 359.01 37.30 -5.820e+13 4.097e+13 -6.260e+13 0.03898 30.12189 1.2374e+13 1.2676e+13 1.1167e+13 8.1488e+12 5.4325e+12 45.30769 11.79 0.03915 0.75321 0.33994 -52.34113 60.72325 20.42654 0.67591 0.35605 58.71785 -28.28177 -24.71124 0.5375 1.538e+13 5.131e+12
185 195 5.7343e+12 313.06 249.63 418.626 90.310 75 33.01905 60.59337 4.50073 400.07 118.83 112.98 1.008e+13 -5.546e+12 4.984e+12 0.01565 90.31033 5.7343e+12 6.0361e+12 4.8289e+12 3.3199e+12 0.0000e+00 37.05856 31.16 0.01866 0.68523 0.11279 103.97890 23.00966 13.87765 0.75626 0.31151 51.53296 70.63947 -44.78941 0.5082 6.224e+12 4.829e+12
186 191 1.4487e+13 447.30 435.80 570.149 89.231 75 2.02103 1.37770 4.16159 -22.43 356.39 -199.58 6.971e+13 3.552e+13 1.017e+14 0.03514 89.23079 1.4487e+13 1.4487e+13 1.3883e+13 9.9596e+12 2.1127e+12 70.40266 0.00 0.04076 0.69437 0.42646 13.22231 114.49532 49.86176 0.59831 0.24920 11.66541 96.99680 16.28866 0.6038 1.509e+13 1.056e+13
187 185 1.2072e+12 183.13 182.69 249.036 62.100 74 25.01770 5.34515 98.51453 -181.99 372.53 452.93 1.005e+12 -1.001e+13 -1.229e+13 0.19874 62.09969 1.5090e+12 1.2072e+12 3.0181e+11 0.0000e+00 0.0000e+00 106.24940 68.80 0.31734 0.32056 0.18419 130.87654 -79.55192 56.48945 0.00000 0.00000 0.00000 0.00000 0.00000 1.9102 3.927e+12 1.207e+12
188 183 2.1127e+12 213.91 313.30 300.106 118.790 74 98.28026 98.90256 11.03548 78.92 404.07 95.85 -1.447e+13 5.060e+12 1.783e+13 0.20092 118.78977 2.1127e+12 2.7163e+12 0.0000e+00 0.0000e+00 0.0000e+00 78.30410 57.19 0.18485 0.13995 0.00000 173.56772 -71.92972 -59.17628 0.00000 0.00000 0.00000 0.00000 0.00000 2.6346 4.800e+12 4.225e+12
189 201 1.7203e+13 565.77 507.42 603.763 41.665 73 0.26193 95.34958 15.10800 -321.09 540.10 -176.88 -2.993e+14 3.972e+13 -4.326e+13 0.06726 41.66518 1.7203e+13 1.7203e+13 1.6599e+13 1.3581e+13 5.7343e+12 23.60205 0.00 0.07275 0.81190 0.41602 -61.35163 69.37133 -17.09311 0.40098 0.34016 -59.65406 67.37144 -15.35666 0.6181 1.947e+13 6.036e+12
190 189 3.6217e+12 270.30 211.78 359.172 73.825 73 30.85260 1.55058 94.80090 37.71 220.53 291.92 -1.801e+13 7.857e+12 1.412e+13 0.04666 73.82487 3.6217e+12 4.8289e+12 3.3199e+12 3.0181e+11 0.0000e+00 75.65753 0.00 0.07748 0.84662 0.29954 21.71897 30.93416 128.25970 0.00000 0.00000 0.00000 0.00000 0.00000 0.6557 5.436e+12 3.320e+12
191 199 2.1127e+12 218.34 87.05 300.106 83.591 72 87.28030 48.32650 54.99180 -135.06 -320.84 289.85 -7.880e+12 -6.340e+12 -1.585e+12 0.05728 83.59093 2.1127e+12 3.3199e+12 0.0000e+00 0.0000e+00 0.0000e+00 67.92690 42.32 0.08049 0.56405 0.09872 153.02197 -40.61127 57.58493 0.00000 0.00000 0.00000 0.00000 0.00000 0.3309 9.191e+12 2.113e+12
192 27 8.7524e+12 355.86 263.89 481.993 115.806 72 52.69549 25.37199 34.43270 462.82 100.20 474.58 2.532e+13 -6.733e+11 4.931e+13 0.03684 115.80624 8.7524e+12 9.3560e+12 7.8470e+12 3.6217e+12 0.0000e+00 58.85587 0.00 0.04078 0.83154 0.35845 90.78805 121.54448 66.19113 0.09943 0.00000 73.74746 161.65015 44.81819 0.4226 8.766e+12 8.451e+12
193 194 6.9416e+12 321.40 365.92 446.153 141.283 72 69.96136 24.24453 7.65099 51.46 -89.90 -295.81 -2.425e+13 8.174e+13 7.332e+13 0.04429 141.28278 6.9416e+12 8.4506e+12 5.4325e+12 0.0000e+00 0.0000e+00 145.28781 13.01 0.12174 0.05282 0.00000 -130.25917 133.97527 247.73999 0.00000 0.00000 0.00000 0.00000 0.00000 1.1115 1.014e+13 1.026e+13
194 202 1.3280e+13 503.86 433.36 553.850 42.976 70 69.92509 83.05186 13.04119 -52.00 123.77 238.32 4.828e+13 -4.176e+13 1.233e+13 0.02387 42.97589 1.3280e+13 1.3581e+13 1.2978e+13 1.0261e+13 5.1307e+12 49.44218 0.00 0.02388 0.81026 0.51430 6.38403 92.81494 -23.10654 0.60384 0.40633 -1.48208 80.82145 4.88957 0.5457 1.459e+13 5.131e+12
195 200 1.1770e+13 404.45 351.72 532.022 101.668 70 53.27263 66.01231 18.57279 171.71 -112.38 120.21 -1.047e+12 -2.867e+13 -9.137e+13 0.03663 101.66824 1.1770e+13 1.2374e+13 1.0261e+13 4.5271e+12 0.0000e+00 51.36599 8.50 0.04300 0.92100 0.34639 48.20136 71.51268 67.28380 0.84182 0.25222 15.43186 51.65711 69.43196 0.5502 1.071e+13 9.356e+12
196 197 6.6398e+12 314.03 238.34 439.591 162.902 70 87.26883 24.18328 33.57386 -228.82 -280.40 111.26 -3.099e+13 -1.641e+13 4.167e+13 0.05272 162.90184 6.6398e+12 6.6398e+12 4.5271e+12 1.8108e+12 0.0000e+00 77.63280 10.04 0.06349 0.66296 0.03656 36.16285 -60.19876 113.42118 0.78061 0.65768 93.18977 52.35080 27.58017 0.4540 7.334e+12 8.752e+12
197 198 2.1127e+12 225.68 147.06 300.106 62.029 70 48.24801 61.65816 18.90890 391.81 12.58 163.81 -3.783e+11 1.192e+13 6.324e+12 0.07765 62.02874 2.1127e+12 2.4145e+12 1.8108e+12 9.0542e+11 0.0000e+00 64.07749 41.96 0.10615 0.47828 0.05479 -5.20126 104.70870 9.60336 0.47338 0.04593 5.64411 87.17880 38.21431 0.4590 5.118e+12 1.811e+12
198 192 9.9596e+12 438.06 338.44 503.206 46.968 67 59.45824 0.70262 63.41391 168.68 -18.79 165.57 6.043e+13 2.108e+13 8.145e+12 0.03695 46.96832 9.9596e+12 9.9596e+12 8.1488e+12 5.7343e+12 3.3199e+12 33.81552 0.00 0.03827 0.66864 0.56968 75.23434 44.15293 8.80474 0.85306 0.72615 28.24343 38.91860 41.41939 0.4905 9.324e+12 4.225e+12
199 204 5.1307e+12 302.83 180.47 403.389 84.466 67 64.50985 96.70531 43.72651 116.30 -98.43 -45.99 3.917e+13 6.299e+12 2.175e+10 0.06589 84.46606 5.1307e+12 5.4325e+12 4.8289e+12 1.5090e+12 0.0000e+00 18.21323 0.00 0.07109 0.49339 0.14773 14.38985 101.94028 51.14138 0.56568 0.21871 54.54908 -21.15295 20.38761 0.3080 5.574e+12 4.527e+12
200 190 9.3560e+12 473.28 390.87 492.828 30.966 67 69.08744 90.30238 12.90915 83.56 180.17 221.03 7.603e+12 1.016e+13 8.915e+13 0.05726 30.96588 9.3560e+12 9.3560e+12 8.4506e+12 6.6398e+12 4.8289e+12 33.92488 0.00 0.05928 0.88151 0.70809 -0.75059 71.61424 -28.03928 0.81895 0.79948 -35.89173 -13.38542 51.13928 0.5685 1.198e+13 3.320e+12
201 188 1.6599e+13 486.34 437.55 596.617 75.796 67 56.99527 48.29434 17.08595 -10.06 -206.44 256.35 5.050e+13 -5.787e+12 9.856e+12 0.01226 75.79600 1.6599e+13 1.6901e+13 1.5996e+13 1.0865e+13 3.9235e+12 55.65656 0.00 0.01311 0.60914 0.41993 -15.68274 94.54252 -37.49939 0.38151 0.19844 -16.09365 73.88449 -30.26106 0.5438 1.701e+13 9.658e+12
202 206 9.0542e+12 408.47 309.28 487.471 54.100 66 46.89799 28.04350 68.11015 -8.65 33.12 -54.64 -2.855e+13 -2.043e+12 -1.555e+13 0.02233 54.09953 9.0542e+12 9.0542e+12 9.0542e+12 6.3380e+12 0.0000e+00 23.60738 0.00 0.02265 0.87155 0.35820 -65.14266 5.60700 99.30905 0.52384 0.06980 -40.75411 42.03065 88.62686 0.4449 9.917e+12 5.433e+12
203 207 3.6217e+12 261.76 326.66 359.172 98.170 65 72.95154 1.32256 23.73379 -354.40 448.22 353.51 -2.093e+13 6.053e+13 4.597e+12 0.14598 98.16997 3.6217e+12 3.9235e+12 1.5090e+12 0.0000e+00 0.0000e+00 36.19480 0.00 0.20559 0.12638 0.03201 63.97910 -135.22531 171.30368 0.00000 0.00000 0.00000 0.00000 0.00000 1.5085 8.670e+12 3.923e+12
204 205 1.6298e+13 462.47 428.87 592.979 96.109 65 47.13516 44.52136 77.42266 -64.21 -251.91 -79.91 2.617e+12 -1.464e+13 -1.454e+14 0.03453 96.10856 1.6298e+13 1.6298e+13 1.5090e+13 1.0865e+13 3.9235e+12 57.49679 0.00 0.03814 0.83861 0.78596 61.66368 75.94113 -36.45126 0.82040 0.61473 -11.72787 24.83823 73.08533 0.5583 1.580e+13 1.177e+13
205 210 3.6217e+12 291.52 179.28 359.172 46.652 64 43.06909 76.66943 3.32938 148.79 79.51 -38.21 7.590e+11 1.154e+13 9.102e+12 0.04413 46.65224 3.6217e+12 4.2253e+12 3.3199e+12 2.4145e+12 0.0000e+00 40.79588 27.49 0.04712 0.87040 0.75734 78.95331 4.22516 57.80325 0.88536 0.67918 68.72359 34.19898 69.09012 0.3522 5.721e+12 2.414e+12
206 213 1.1770e+13 429.52 369.38 532.022 71.048 63 38.71671 34.49598 66.97229 281.60 -363.70 -153.61 -5.260e+13 -2.164e+13 -6.526e+12 0.02328 71.04781 1.1770e+13 1.2978e+13 1.0261e+13 6.9416e+12 2.4145e+12 60.10390 0.00 0.02571 0.44617 0.28993 60.27490 6.54673 77.08082 0.41958 0.34964 43.28939 -10.84657 60.36295 0.5317 1.108e+13 6.640e+12
207 219 1.0261e+13 486.99 389.03 508.239 32.205 62 2.85860 99.61821 2.10230 -101.41 854.31 32.15 1.200e+13 3.814e+13 -9.576e+12 0.02339 32.20549 1.0563e+13 1.0261e+13 9.3560e+12 6.6398e+12 5.1307e+12 35.24479 22.84 0.02320 0.61525 0.34612 -56.31957 63.86331 -34.31578 0.53546 0.19689 67.12782 -44.08593 44.69313 0.5215 1.273e+13 3.923e+12
208 208 5.4325e+12 293.63 196.83 411.149 153.428 61 76.41792 30.42406 59.30138 -71.22 156.78 110.00 -1.104e+13 -6.272e+12 -1.001e+13 0.02044 153.42798 5.4325e+12 6.6398e+12 2.4145e+12 3.0181e+11 0.0000e+00 15.71151 8.46 0.02633 0.20862 0.07420 -93.97885 102.54070 107.02663 0.00000 0.00000 0.00000 0.00000 0.00000 0.4354 7.395e+12 9.658e+12
209 211 6.6398e+12 331.54 278.79 439.591 88.895 34 60.60629 79.66037 32.50811 329.89 150.83 -18.51 -5.885e+12 1.919e+12 8.442e+12 0.00994 88.89523 6.6398e+12 6.9416e+12 5.1307e+12 3.6217e+12 1.8108e+12 37.03955 0.00 0.01220 0.50712 0.10924 -70.08716 -26.50499 104.80174 0.41552 0.26549 58.07679 81.37608 -2.09225 0.5529 6.538e+12 5.131e+12
210 212 6.0361e+11 141.08 0.00 197.660 74.965 26 60.62077 80.99355 33.06570 284.21 126.44 1.16 3.595e+11 4.821e+12 1.179e+12 0.30075 74.96524 6.0361e+11 2.1127e+12 0.0000e+00 0.0000e+00 0.0000e+00 162.74696 176.56 0.31564 0.00000 0.00000 0.00000 0.00000 0.00000 0.00000 0.00000 0.00000 0.00000 0.00000 0.0000 3.326e+12 1.811e+12
211 209 7.8470e+12 334.87 304.17 464.764 146.768 60 92.56467 12.25787 8.01123 -144.80 -14.13 -225.17 4.799e+13 -5.051e+13 -2.226e+13 0.03572 146.76776 7.8470e+12 9.9596e+12 5.1307e+12 6.0361e+11 0.0000e+00 141.70837 0.00 0.06455 0.00000 0.00000 29.23584 89.40220 -58.11691 0.00000 0.00000 0.00000 0.00000 0.00000 0.7406 8.831e+12 1.056e+13
212 218 1.1469e+13 388.58 354.50 527.436 129.243 59 58.97107 41.65090 13.63402 -34.04 -275.96 262.32 -3.070e+12 -5.475e+13 9.003e+12 0.02022 129.24327 1.1469e+13 1.1469e+13 8.7524e+12 5.1307e+12 0.0000e+00 118.63316 0.00 0.02605 0.48609 0.33811 99.60690 -63.27560 0.16878 0.07720 0.00000 91.47543 -18.22245 24.74284 0.6072 1.062e+13 1.117e+13
213 223 9.9596e+12 545.59 381.47 503.206 20.561 58 48.98956 63.19199 0.80856 -25.12 -2.07 206.40 2.067e+13 2.234e+13 5.261e+13 0.03961 20.56100 9.9596e+12 9.9596e+12 9.3560e+12 6.3380e+12 5.7343e+12 72.74413 0.00 0.03605 0.78805 0.72665 34.65139 66.49086 -1.30009 0.77521 0.58680 29.94062 54.47934 -17.62795 0.4843 1.662e+13 3.018e+12
214 220 9.0542e+11 172.10 72.45 226.264 43.074 58 62.59816 26.80361 20.66945 288.29 -53.83 308.77 4.226e+11 -3.619e+12 -7.373e+11 0.04145 43.07441 9.0542e+11 9.0542e+11 6.0361e+11 3.0181e+11 0.0000e+00 88.89733 72.45 0.11996 0.00000 0.00000 0.00000 0.00000 0.00000 0.00000 0.00000 0.00000 0.00000 0.00000 0.6869 3.049e+12 6.036e+11
215 214 8.1488e+12 363.82 302.50 470.648 80.560 57 73.42086 32.34872 55.99405 -153.90 11.06 210.15 -6.660e+13 7.961e+13 3.662e+13 0.07688 80.55963 8.1488e+12 9.6578e+12 6.6398e+12 3.6217e+12 0.0000e+00 43.20241 22.81 0.09121 0.44910 0.32377 87.23695 -63.76183 6.29209 0.52680 0.34039 -68.55917 74.03246 -7.33067 0.5384 9.414e+12 5.131e+12
216 215 2.7163e+12 256.86 207.85 326.329 50.098 57 71.96010 93.30785 38.18404 -251.13 144.25 -100.02 4.567e+11 -1.143e+12 -5.022e+11 0.00475 50.09814 2.7163e+12 2.7163e+12 1.8108e+12 1.5090e+12 0.0000e+00 113.93082 21.48 0.00687 0.25896 0.04820 85.46088 -26.18128 86.08287 0.00000 0.00000 75.05798 -35.33936 81.81381 0.5907 3.774e+12 1.509e+12
217 128 6.3380e+12 376.54 263.26 432.827 40.519 56 97.32211 98.18700 93.80389 20.06 377.11 283.84 5.394e+12 1.022e+13 -1.006e+13 0.01814 40.51869 6.3380e+12 7.2434e+12 4.8289e+12 3.9235e+12 0.0000e+00 69.24351 0.00 0.01930 0.71243 0.57266 45.49723 91.56480 -5.49951 0.48638 0.13912 32.10407 84.32353 -56.05161 0.4622 8.315e+12 2.716e+12
218 230 7.8470e+12 405.22 307.34 464.764 43.091 55 67.60931 31.68302 51.06379 -74.76 38.98 86.14 4.700e+13 -3.204e+12 2.234e+13 0.04435 43.09148 7.8470e+12 8.1488e+12 5.7343e+12 5.1307e+12 2.7163e+12 82.94051 0.00 0.04601 0.45560 0.16225 113.34660 -51.54922 -12.23118 0.61841 0.07908 86.20849 -51.37730 18.51234 0.4798 8.323e+12 4.225e+12
219 221 6.0361e+11 163.53 0.00 197.660 23.322 55 76.89175 4.22734 17.45810 -104.10 160.57 108.60 0.000e+00 0.000e+00 0.000e+00 0.00000 23.32177 6.0361e+11 6.0361e+11 6.0361e+11 3.0181e+11 0.0000e+00 99.63982 0.00 0.00000 0.00000 0.00000 0.00000 0.00000 0.00000 0.00000 0.00000 0.00000 0.00000 0.00000 0.0000 4.453e+12 0.000e+00
220 224 8.7524e+12 461.26 387.34 481.993 30.687 54 21.75819 31.49323 48.63175 221.57 -182.33 248.17 5.270e+12 5.024e+12 1.604e+13 0.01236 30.68746 8.7524e+12 9.3560e+12 7.8470e+12 6.6398e+12 3.9235e+12 37.55828 0.00 0.01296 0.55495 0.20182 -7.08303 78.26773 43.40242 0.49309 0.17678 -2.40073 77.81017 40.53363 0.5883 1.158e+13 3.923e+12
221 71 6.0361e+11 143.94 0.00 197.660 54.492 53 1.70073 20.08074 51.01736 -207.39 -10.40 391.92 1.794e+11 -2.327e+12 1.123e+12 0.08406 54.49191 6.0361e+11 6.0361e+11 3.0181e+11 0.0000e+00 0.0000e+00 131.59383 99.33 0.16428 0.00000 0.00000 0.00000 0.00000 0.00000 0.00000 0.00000 0.00000 0.00000 0.00000 0.0000 4.529e+12 6.036e+11
222 225 9.9596e+12 467.31 372.95 503.206 35.972 52 76.30107 97.29940 62.61567 -306.05 198.01 -75.15 2.260e+13 1.883e+13 -3.755e+13 0.02795 35.97200 9.9596e+12 1.0865e+13 9.0542e+12 7.2434e+12 3.9235e+12 42.00248 11.73 0.02829 0.56279 0.54544 20.57479 73.22891 38.26180 0.65032 0.48280 22.97870 50.86216 47.51176 0.5307 1.133e+13 3.923e+12
223 217 1.2072e+12 179.01 61.72 249.036 81.597 52 65.65144 49.49472 47.42406 -11.22 28.19 26.12 -6.450e+10 -1.444e+12 1.958e+12 0.02088 81.59690 1.2072e+12 1.8108e+12 3.0181e+11 0.0000e+00 0.0000e+00 98.03787 55.69 0.04862 0.83668 0.04829 37.27338 -66.43218 120.26302 0.00000 0.00000 0.00000 0.00000 0.00000 0.6009 5.942e+12 1.811e+12
224 222 5.7343e+12 336.38 234.88 418.626 57.323 52 47.31458 22.66100 47.65849 -167.57 68.21 -527.23 2.800e+12 5.932e+12 8.865e+11 0.01015 57.32319 5.7343e+12 5.7343e+12 5.7343e+12 3.9235e+12 0.0000e+00 22.42018 0.00 0.00985 0.80741 0.42113 -9.90911 81.63165 84.44295 0.14813 0.00000 29.09129 -16.89536 107.67612 0.3676 6.214e+12 3.622e+12
225 232 2.1127e+12 236.83 202.40 300.106 45.396 51 46.05181 18.50706 43.16132 -214.30 201.79 13.79 2.550e+12 -6.189e+12 -1.075e+11 0.02742 45.39606 2.1127e+12 3.3199e+12 1.5090e+12 1.2072e+12 0.0000e+00 121.20319 0.00 0.05263 0.43982 0.04180 -64.85857 -12.94325 100.67947 0.65498 0.07986 92.25903 2.25688 -61.61419 0.7300 4.575e+12 1.509e+12
226 229 2.7163e+12 233.94 164.45 326.329 112.134 47 70.65282 12.49916 66.81278 -74.22 128.53 45.71 6.881e+12 -4.315e+12 8.510e+12 0.03529 112.13402 2.7163e+12 3.3199e+12 6.0361e+11 3.0181e+11 0.0000e+00 138.38058 52.99 0.06083 0.71668 0.31775 122.39000 30.65542 -64.66193 0.00000 0.00000 0.00000 0.00000 0.00000 0.5868 3.752e+12 3.622e+12
227 231 1.8108e+12 208.36 99.87 285.075 75.548 47 58.49398 75.66409 28.25923 350.44 71.83 179.32 3.314e+12 -3.040e+10 8.468e+11 0.02828 75.54836 1.8108e+12 2.1127e+12 1.5090e+12 9.0542e+11 0.0000e+00 17.44715 24.98 0.03477 0.25617 0.15798 57.36038 31.26447 138.96016 0.62845 0.11376 81.60162 23.59574 -57.47529 0.2677 5.170e+12 1.811e+12
228 263 6.0361e+12 357.03 241.95 425.845 47.136 46 46.34497 91.11015 57.79705 232.43 101.93 -115.41 4.746e+12 5.381e+12 -9.840e+12 0.01733 47.13608 6.0361e+12 6.0361e+12 5.7343e+12 4.5271e+12 0.0000e+00 44.19896 0.00 0.01664 0.62284 0.57928 18.68170 90.02573 -27.12996 0.54752 0.17506 17.57314 72.40767 -69.02528 0.3764 6.697e+12 3.320e+12
229 281 5.1307e+12 309.79 211.59 403.389 72.009 45 78.59306 20.22842 71.32108 -146.37 161.66 -23.17 4.947e+12 -2.431e+12 -1.412e+13 0.02481 72.00852 5.1307e+12 5.7343e+12 4.8289e+12 3.0181e+12 0.0000e+00 29.42018 0.00 0.02715 0.63904 0.32217 134.13130 -32.05208 -45.39229 0.30718 0.12952 112.21242 -86.67641 -1.97374 0.4012 5.042e+12 3.923e+12
230 240 9.0542e+11 166.94 34.49 226.264 54.685 45 67.16563 60.97332 44.16258 4.32 156.22 318.15 2.993e+12 -2.032e+12 -1.151e+12 0.05237 54.68518 9.0542e+11 1.5090e+12 0.0000e+00 0.0000e+00 0.0000e+00 132.54773 84.31 0.12251 0.00000 0.00000 0.00000 0.00000 0.00000 0.00000 0.00000 0.00000 0.00000 0.00000 1.7271 4.691e+12 9.054e+11
231 234 5.7343e+12 336.08 266.94 418.626 57.595 44 74.65881 13.08547 58.07210 -43.31 42.15 106.03 1.821e+13 8.044e+12 -2.665e+13 0.04537 57.59480 5.7343e+12 6.0361e+12 5.7343e+12 3.3199e+12 1.5090e+12 18.70093 0.00 0.04952 0.81064 0.38953 5.10348 -39.91080 94.48191 0.77597 0.38692 56.36039 -51.63326 42.96301 0.4979 5.947e+12 3.320e+12
232 239 6.0361e+11 141.84 0.00 197.660 66.693 44 67.21017 9.29194 72.97772 -173.54 -44.26 -146.36 -2.920e+12 -5.274e+12 -2.558e+12 0.50228 66.69299 6.0361e+11 1.5090e+12 0.0000e+00 0.0000e+00 0.0000e+00 171.86871 301.58 0.41536 0.00000 0.00000 0.00000 0.00000 0.00000 0.00000 0.00000 0.00000 0.00000 0.00000 0.0000 5.071e+12 1.207e+12
233 -1 5.1307e+12 290.81 195.13 403.389 126.377 44 69.67084 64.38795 46.54923 -233.46 -201.47 442.67 -2.615e+13 6.308e+12 -4.158e+12 0.03901 126.37653 5.4325e+12 5.1307e+12 2.1127e+12 0.0000e+00 0.0000e+00 45.23925 0.00 0.04877 0.07734 0.00909 57.57965 210.12212 178.08865 0.00000 0.00000 0.00000 0.00000 0.00000 0.3976 4.998e+12 6.338e+12
234 242 4.8289e+12 287.99 282.18 395.319 108.535 43 59.10021 3.52684 77.85542 109.43 169.93 -191.99 1.009e+13 -2.466e+13 1.757e+13 0.03142 108.53479 4.8289e+12 6.9416e+12 3.3199e+12 3.0181e+11 0.0000e+00 67.28033 0.00 0.06326 0.97357 0.51034 -57.49806 102.80766 37.75658 0.00000 0.00000 0.00000 0.00000 0.00000 0.7971 7.227e+12 6.036e+12
235 243 3.9235e+12 266.50 163.40 368.884 112.144 43 29.93415 56.03926 82.47205 212.12 -75.59 -19.91 6.868e+12 -4.286e+12 8.807e+12 0.02580 112.14371 3.9235e+12 3.9235e+12 1.8108e+12 3.0181e+11 0.0000e+00 70.61268 0.00 0.03352 0.44474 0.13086 139.08647 -66.52370 -30.60643 0.00000 0.00000 0.00000 0.00000 0.00000 0.3902 3.941e+12 3.923e+12
236 241 6.0361e+11 142.01 0.00 197.660 65.283 43 64.51255 80.21008 7.43653 -85.51 241.78 327.97 -3.272e+12 -1.332e+12 -5.896e+10 0.17334 65.28251 6.0361e+11 6.0361e+11 0.0000e+00 0.0000e+00 0.0000e+00 172.98982 142.92 0.22413 0.00000 0.00000 0.00000 0.00000 0.00000 0.00000 0.00000 0.00000 0.00000 0.00000 0.0000 3.712e+12 9.054e+11
237 235 9.0542e+11 161.00 46.45 226.264 97.183 43 61.01390 80.02389 6.02756 28.20 232.47 340.51 -6.213e+11 -1.143e+11 6.234e+11 0.00652 97.18330 9.0542e+11 9.0542e+11 6.0361e+11 0.0000e+00 0.0000e+00 118.58729 114.77 0.02864 0.00000 0.00000 0.00000 0.00000 0.00000 0.00000 0.00000 0.00000 0.00000 0.00000 1.1766 2.598e+12 1.509e+12
238 248 3.0181e+12 257.46 159.60 337.993 63.707 42 66.79000 79.31780 17.43548 133.41 41.15 112.68 3.660e+11 -4.248e+12 1.717e+12 0.01751 63.70708 3.0181e+12 3.0181e+12 3.0181e+12 1.8108e+12 0.0000e+00 48.89134 0.00 0.01994 0.48556 0.23778 -92.28539 -81.05187 102.42098 0.28827 0.09888 0.31902 -76.19735 99.40366 0.3520 4.745e+12 2.414e+12
239 245 5.7343e+12 323.55 226.23 418.626 71.736 42 3.85339 21.97337 10.75257 -139.02 -511.17 -160.29 3.131e+11 2.100e+12 2.022e+13 0.02496 71.73574 5.7343e+12 6.0361e+12 5.1307e+12 1.2072e+12 0.0000e+00 41.02743 0.00 0.03027 0.82797 0.14080 100.82980 54.02443 3.36497 0.53840 0.00000 59.68248 47.95432 -24.70880 0.4686 6.101e+12 3.018e+12
240 238 4.5271e+12 286.14 202.44 386.906 91.562 41 22.34368 17.96120 0.51788 21.19 -467.91 294.12 3.057e+13 2.102e+13 -2.902e+13 0.07993 91.56202 4.5271e+12 4.8289e+12 3.3199e+12 0.0000e+00 0.0000e+00 31.75294 27.52 0.10397 0.76320 0.59651 115.35468 21.86019 153.53160 0.00000 0.00000 0.00000 0.00000 0.00000 0.4676 4.859e+12 4.527e+12
241 246 2.4145e+12 224.46 119.75 313.765 112.481 41 89.57172 65.61879 95.63948 -131.39 60.65 230.58 4.090e+12 -7.869e+12 -7.413e+12 0.05022 112.48143 2.4145e+12 2.4145e+12 9.0542e+11 0.0000e+00 0.0000e+00 119.75437 52.45 0.07274 0.49871 0.07336 79.10698 143.18799 -39.64822 0.00000 0.00000 0.00000 0.00000 0.00000 0.4332 4.021e+12 3.320e+12
242 249 3.3199e+12 269.17 172.53 348.904 60.487 41 85.19070 26.45347 55.19932 -60.47 -15.54 197.00 -7.761e+12 -8.108e+12 5.423e+12 0.03793 60.48743 3.3199e+12 3.3199e+12 3.3199e+12 6.0361e+11 0.0000e+00 34.23543 0.00 0.04614 0.57890 0.31091 98.03191 -65.85755 -79.03428 0.00000 0.00000 0.00000 0.00000 0.00000 0.4021 3.850e+12 2.113e+12
243 250 9.0542e+12 384.32 323.30 487.471 74.144 41 15.55338 32.13389 65.45246 8.98 -194.84 -65.02 1.146e+14 -1.125e+13 -1.046e+13 0.07014 74.14372 9.0542e+12 9.3560e+12 8.4506e+12 5.4325e+12 0.0000e+00 42.96515 9.17 0.08036 0.88783 0.77746 -22.28262 -62.78663 114.18655 0.62624 0.51836 104.24363 -38.51683 -55.35148 0.5273 8.907e+12 6.338e+12
244 258 1.0563e+13 513.64 423.91 513.174 27.689 41 7.45597 88.10017 39.59317 -83.50 334.69 -83.30 -6.289e+13 -8.533e+12 1.715e+13 0.03948 27.68866 1.0563e+13 1.1167e+13 1.0261e+13 9.0542e+12 6.6398e+12 22.31029 0.00 0.03535 0.84437 0.79546 55.91956 -43.89839 24.61052 0.74573 0.58366 -50.61576 52.74326 -2.75688 0.5175 1.603e+13 3.018e+12
245 253 3.0181e+12 244.05 169.90 337.993 103.486 40 64.24654 67.79434 34.34914 -291.43 5.42 268.71 -8.364e+12 -1.929e+13 -4.607e+12 0.06649 103.48604 3.0181e+12 3.0181e+12 2.4145e+12 0.0000e+00 0.0000e+00 77.20014 15.93 0.09339 0.26525 0.00000 46.81185 180.75523 61.55515 0.00000 0.00000 0.00000 0.00000 0.00000 0.4944 3.594e+12 3.622e+12
246 252 6.0361e+11 187.11 0.00 197.660 13.117 40 82.67261 82.21230 1.56459 -151.89 444.61 531.36 0.000e+00 0.000e+00 0.000e+00 0.00000 13.11748 6.0361e+11 6.0361e+11 6.0361e+11 6.0361e+11 0.0000e+00 48.58366 0.00 0.00000 0.00000 0.00000 0.00000 0.00000 0.00000 0.00000 0.00000 0.00000 0.00000 0.00000 0.0000 4.721e+12 3.018e+11
247 254 1.5090e+12 194.97 121.74 268.266 75.632 40 79.11761 6.28812 14.92498 -184.29 19.73 -7.91 -3.207e+12 1.012e+13 -1.230e+12 0.06400 75.63227 1.5090e+12 2.1127e+12 3.0181e+11 0.0000e+00 0.0000e+00 131.03712 35.62 0.14722 0.43571 0.08341 -31.80696 182.81068 79.99303 0.00000 0.00000 0.00000 0.00000 0.00000 0.6652 4.536e+12 1.509e+12
248 251 2.1127e+12 214.80 214.01 300.106 106.365 39 73.58777 91.38777 61.88638 -235.06 315.61 -305.38 -1.788e+13 2.023e+13 1.372e+13 0.13403 106.36543 2.1127e+12 2.1127e+12 1.5090e+12 0.0000e+00 0.0000e+00 47.46759 116.56 0.23809 0.34787 0.27142 163.38539 72.13438 -67.42626 0.00000 0.00000 0.00000 0.00000 0.00000 1.3868 3.666e+12 3.018e+12
249 257 6.0361e+11 173.23 0.00 197.660 17.920 39 66.93786 77.06209 16.24981 54.54 214.30 296.31 0.000e+00 0.000e+00 0.000e+00 0.00000 17.91992 6.0361e+11 1.5090e+12 6.0361e+11 3.0181e+11 0.0000e+00 65.74540 0.00 0.00000 0.00000 0.00000 0.00000 0.00000 0.00000 0.00000 0.00000 0.00000 0.00000 0.00000 0.0000 3.194e+12 3.018e+11
250 262 6.0361e+11 143.15 0.00 197.660 58.196 39 57.67079 18.89762 8.14427 152.58 41.59 79.54 3.616e+12 -3.253e+12 2.101e+12 0.24464 58.19609 6.0361e+11 1.5090e+12 0.0000e+00 0.0000e+00 0.0000e+00 189.78658 153.41 0.33606 0.00000 0.00000 0.00000 0.00000 0.00000 0.00000 0.00000 0.00000 0.00000 0.00000 0.0000 4.225e+12 9.054e+11
251 247 1.2072e+12 186.00 65.46 249.036 54.260 38 71.70383 19.45179 69.76121 -13.72 30.02 76.28 -2.978e+11 -3.588e+12 3.247e+11 0.04561 54.25952 1.2072e+12 1.2072e+12 6.0361e+11 0.0000e+00 0.0000e+00 95.50587 0.00 0.07221 0.57086 0.00000 8.68322 12.27978 134.29764 0.00000 0.00000 0.00000 0.00000 0.00000 0.2005 3.099e+12 9.054e+11
252 259 6.0361e+11 141.33 0.00 197.660 71.671 38 75.26807 25.86600 23.03704 -322.93 -228.26 -152.01 1.751e+12 -5.716e+11 4.011e+12 0.24308 71.67067 6.0361e+11 6.0361e+11 3.0181e+11 0.0000e+00 0.0000e+00 137.35545 168.55 0.27999 0.00000 0.00000 0.00000 0.00000 0.00000 0.00000 0.00000 0.00000 0.00000 0.00000 0.0000 2.421e+12 9.054e+11
253 260 3.0181e+12 241.58 227.69 337.993 123.611 37 88.30079 28.34216 99.50204 -168.53 -754.20 50.42 -2.349e+13 -2.280e+12 2.417e+13 0.06157 123.61097 3.0181e+12 3.6217e+12 1.5090e+12 6.0361e+11 0.0000e+00 65.96889 30.79 0.14655 0.46103 0.09881 76.93472 21.11246 102.73301 0.00000 0.00000 0.00000 0.00000 0.00000 0.8213 4.376e+12 5.131e+12
254 -1 1.5090e+12 197.55 188.19 268.266 66.016 37 77.41029 77.84059 57.23854 -273.28 -292.83 -248.19 -1.140e+13 7.949e+12 -6.492e+12 0.13327 66.01609 1.5090e+12 1.5090e+12 6.0361e+11 3.0181e+11 0.0000e+00 59.04249 102.22 0.21127 0.31129 0.00000 -1.27712 77.84852 30.62175 0.00000 0.00000 0.00000 0.00000 0.00000 1.6088 2.154e+12 1.509e+12
255 261 5.7343e+12 313.85 227.70 418.626 88.544 37 41.14837 89.21240 98.41246 207.00 118.67 -40.77 4.953e+13 -5.743e+12 -4.425e+12 0.06831 88.54383 5.7343e+12 6.3380e+12 4.8289e+12 3.0181e+12 1.5090e+12 36.14444 0.00 0.07451 0.66424 0.37636 -36.92163 -27.27318 92.09843 0.24573 0.02798 -19.28176 107.95866 13.43748 0.4132 6.451e+12 4.829e+12
256 255 4.8289e+12 303.34 195.91 395.319 70.944 37 62.89099 19.84201 8.07751 306.41 77.18 2.64 1.207e+12 1.080e+13 -2.063e+13 0.03744 70.94376 4.8289e+12 5.1307e+12 4.8289e+12 3.0181e+11 0.0000e+00 38.14345 22.41 0.04622 0.88914 0.86351 -9.55533 -43.16061 116.66397 0.00000 0.00000 0.00000 0.00000 0.00000 0.4356 4.940e+12 3.018e+12
257 264 6.0361e+11 146.76 0.00 197.660 45.217 36 39.85842 65.83879 46.32433 323.14 -29.03 -149.98 -1.369e+12 -3.874e+11 5.770e+11 0.03211 45.21668 6.0361e+11 1.5090e+12 0.0000e+00 0.0000e+00 0.0000e+00 146.69440 73.91 0.09738 0.00000 0.00000 0.00000 0.00000 0.00000 0.00000 0.00000 0.00000 0.00000 0.00000 0.0000 2.750e+12 3.018e+11
258 265 1.0261e+13 508.06 430.18 508.239 27.546 36 28.48216 58.60084 33.55161 224.37 -21.56 94.21 -2.111e+13 -5.809e+13 -1.652e+13 0.03697 27.54591 1.0261e+13 1.0261e+13 9.9596e+12 9.0542e+12 4.8289e+12 64.08357 13.66 0.03611 0.69729 0.44952 31.36823 2.02423 76.81435 0.65136 0.43070 33.17009 -2.98086 67.62181 0.5675 1.374e+13 4.225e+12
259 267 6.0361e+11 154.26 0.00 197.660 31.912 35 68.48824 12.54114 69.47319 13.85 17.06 -21.27 -5.946e+11 2.933e+11 1.822e+12 0.08288 31.91214 6.0361e+11 2.4145e+12 6.0361e+11 0.0000e+00 0.0000e+00 110.52610 126.87 0.12301 0.00000 0.00000 0.00000 0.00000 0.00000 0.00000 0.00000 0.00000 0.00000 0.00000 0.0000 2.986e+12 3.018e+11
260 256 3.0181e+12 243.54 121.96 337.993 106.654 34 17.68560 31.82080 64.95897 0.96 -140.24 -167.17 -1.852e+12 -1.698e+13 3.217e+12 0.06510 106.65378 3.0181e+12 3.0181e+12 2.1127e+12 9.0542e+11 0.0000e+00 55.55900 25.28 0.07542 0.75792 0.00622 -2.20981 19.93914 80.95125 0.43588 0.17836 -33.66843 70.57925 -30.17037 0.2381 4.765e+12 3.923e+12
261 105 1.2072e+12 184.71 134.50 249.036 57.475 34 67.27981 94.80818 26.43200 0.81 162.28 306.21 4.848e+12 -9.727e+12 -4.604e+12 0.18849 57.47486 1.5090e+12 1.2072e+12 3.0181e+11 3.0181e+11 0.0000e+00 125.03438 178.04 0.23582 0.83001 0.03598 100.41748 -36.81587 92.65567 0.00000 0.00000 0.00000 0.00000 0.00000 2.2817 4.069e+12 1.207e+12
262 268 3.3199e+12 256.50 256.17 348.904 87.213 34 96.04337 20.53149 1.47440 -617.70 -383.43 -72.52 -3.676e+13 1.014e+12 -1.683e+13 0.04655 87.21281 3.3199e+12 3.3199e+12 3.0181e+11 0.0000e+00 0.0000e+00 56.98986 0.00 0.14969 0.39908 0.14985 -111.24478 132.14583 11.89148 0.00000 0.00000 0.00000 0.00000 0.00000 1.1077 3.654e+12 3.320e+12
263 274 3.3199e+12 249.83 150.85 348.904 122.673 33 25.73890 68.61670 37.05864 85.69 -155.73 9.20 4.108e+12 9.117e+12 4.343e+12 0.03307 122.67258 3.3199e+12 3.3199e+12 2.1127e+12 9.0542e+11 0.0000e+00 99.61887 17.87 0.04035 0.18004 0.00000 66.00539 18.45206 84.21725 0.43163 0.27920 82.18326 -29.75897 21.62787 0.3778 3.465e+12 4.225e+12
264 271 4.2253e+12 281.14 202.91 378.109 85.449 33 38.30262 19.87101 10.82588 -14.75 -388.34 267.52 4.107e+12 1.951e+13 -1.073e+13 0.03980 85.44884 4.2253e+12 4.2253e+12 1.8108e+12 6.0361e+11 0.0000e+00 23.03172 0.00 0.05606 0.78308 0.61394 25.79522 102.96497 16.26922 0.00000 0.00000 0.00000 0.00000 0.00000 0.5303 4.666e+12 3.622e+12
265 269 4.8289e+12 283.14 223.19 395.319 138.279 32 99.59129 17.79768 86.47338 20.71 -57.78 -45.21 2.496e+13 -7.975e+12 -8.321e+12 0.03645 138.27930 4.8289e+12 5.1307e+12 1.8108e+12 9.0542e+11 0.0000e+00 40.78248 24.38 0.05450 0.48375 0.04999 45.39816 92.02500 12.56672 0.66462 0.08310 78.57153 -50.60468 -10.25527 0.5900 6.187e+12 7.847e+12
266 270 4.5271e+12 301.27 221.74 386.906 63.315 32 99.42454 11.73406 8.79361 56.09 -80.29 -129.08 4.043e+12 2.239e+13 -4.469e+12 0.04470 63.31514 4.8289e+12 4.5271e+12 3.0181e+12 2.1127e+12 0.0000e+00 68.73594 32.76 0.05117 0.46272 0.23917 47.86551 -44.07078 99.76424 0.91585 0.13535 -46.56461 40.43547 22.74999 0.4561 4.637e+12 2.716e+12
267 -1 6.0361e+11 167.59 0.00 197.660 20.762 32 89.48698 46.93677 59.21557 137.96 -477.61 -114.48 -5.088e+11 -8.992e+11 1.212e+12 0.03909 20.76198 9.0542e+11 6.0361e+11 6.0361e+11 0.0000e+00 0.0000e+00 107.02523 75.01 0.10100 0.00000 0.00000 0.00000 0.00000 0.00000 0.00000 0.00000 0.00000 0.00000 0.00000 0.0000 1.716e+12 0.000e+00
268 275 3.9235e+12 270.99 157.40 368.884 92.860 32 88.39602 21.31998 54.38732 -0.28 184.12 -3.99 -1.079e+13 2.370e+09 1.985e+12 0.02660 92.86016 3.9235e+12 3.9235e+12 3.0181e+12 0.0000e+00 0.0000e+00 117.52738 0.00 0.03075 0.43801 0.12303 101.12507 31.17889 -95.54867 0.00000 0.00000 0.00000 0.00000 0.00000 0.3375 4.731e+12 3.923e+12
269 289 1.5090e+12 219.31 262.54 268.266 33.588 31 64.16309 99.45758 68.12872 -99.10 230.26 -150.63 -2.723e+12 8.184e+12 3.201e+12 0.11004 33.58817 1.5090e+12 1.5090e+12 1.5090e+12 6.0361e+11 0.0000e+00 116.55986 0.00 0.12672 0.91310 0.00163 70.38393 14.36811 60.99830 0.00000 0.00000 0.00000 0.00000 0.00000 1.9627 2.849e+12 6.036e+11
270 277 1.8108e+12 210.28 93.28 285.075 69.063 31 39.86537 33.02911 53.05287 367.11 -529.10 -120.18 -7.516e+11 9.518e+11 2.896e+11 0.00896 69.06261 1.8108e+12 1.8108e+12 9.0542e+11 0.0000e+00 0.0000e+00 55.46428 0.00 0.01267 0.75608 0.00000 38.77657 141.81976 -91.53865 0.00000 0.00000 0.00000 0.00000 0.00000 0.3110 3.144e+12 1.811e+12
271 280 3.6217e+12 275.74 225.65 359.172 64.255 31 97.25433 11.63821 8.88575 11.72 -23.57 -160.92 5.054e+12 3.302e+13 -9.804e+12 0.07572 64.25542 3.6217e+12 3.9235e+12 3.3199e+12 1.5090e+12 0.0000e+00 25.98666 36.61 0.11147 0.23876 0.15333 40.41352 -34.58207 105.24968 0.53744 0.02634 12.67885 -23.53236 59.33102 0.6292 3.900e+12 3.018e+12
272 226 6.0361e+11 168.17 0.00 197.660 20.434 31 19.70605 13.78605 24.00741 103.90 -73.72 -13.52 0.000e+00 0.000e+00 0.000e+00 0.00000 20.43401 6.0361e+11 9.0542e+11 6.0361e+11 0.0000e+00 0.0000e+00 134.32445 0.00 0.00000 0.00000 0.00000 0.00000 0.00000 0.00000 0.00000 0.00000 0.00000 0.00000 0.00000 0.0000 3.130e+12 0.000e+00
273 276 6.0361e+12 305.59 268.84 425.845 143.639 30 84.78141 30.59791 67.05026 -86.93 -27.64 -10.88 5.293e+13 6.714e+13 -8.946e+12 0.07388 143.63875 6.0361e+12 6.0361e+12 4.2253e+12 0.0000e+00 0.0000e+00 73.99693 0.00 0.11746 0.24676 0.00201 -25.95464 246.37085 -28.96771 0.00000 0.00000 0.00000 0.00000 0.00000 0.6529 5.400e+12 6.640e+12
274 278 8.1488e+12 486.31 358.09 470.648 22.681 30 35.74182 63.05903 10.29888 184.76 34.59 11.01 -8.943e+12 2.971e+13 5.377e+12 0.03051 22.68147 8.1488e+12 8.1488e+12 7.8470e+12 6.9416e+12 5.4325e+12 28.08220 12.31 0.02610 0.83012 0.45689 6.49647 -1.29607 79.02724 0.83800 0.36317 -29.66140 22.85637 63.18506 0.4476 1.320e+13 2.113e+12
275 -1 9.0542e+11 161.82 36.19 226.264 81.600 29 49.39832 29.36924 76.37685 -85.85 52.18 -269.73 7.295e+10 2.590e+12 -1.534e+12 0.03467 81.60011 9.0542e+11 1.8108e+12 0.0000e+00 0.0000e+00 0.0000e+00 177.35248 44.32 0.09716 0.00000 0.00000 0.00000 0.00000 0.00000 0.00000 0.00000 0.00000 0.00000 0.00000 0.5111 3.168e+12 1.811e+12
276 282 9.0542e+11 164.49 56.06 226.264 63.613 29 74.18137 76.90112 12.85000 -118.20 285.01 263.44 1.158e+11 -3.228e+12 -1.753e+11 0.04473 63.61251 9.0542e+11 2.7163e+12 6.0361e+11 3.0181e+11 0.0000e+00 106.07034 56.06 0.10438 0.00000 0.00000 0.00000 0.00000 0.00000 0.00000 0.00000 0.00000 0.00000 0.00000 0.4590 3.039e+12 1.207e+12
277 287 1.2072e+12 190.06 108.06 249.036 46.332 28 3.30416 19.43670 85.31016 -314.75 -209.19 -28.59 -2.420e+12 9.908e+11 4.586e+12 0.05342 46.33208 1.2072e+12 1.2072e+12 1.2072e+12 6.0361e+11 0.0000e+00 72.03365 0.00 0.10547 0.79608 0.30427 6.47931 82.13401 13.46654 0.00000 0.00000 0.00000 0.00000 0.00000 0.5499 3.851e+12 6.036e+11
278 -1 9.0542e+11 163.53 42.12 226.264 68.379 28 3.36111 19.67173 52.02104 -453.84 -62.51 38.35 1.593e+12 7.592e+12 6.637e+12 0.23041 68.37879 9.0542e+11 9.0542e+11 0.0000e+00 0.0000e+00 0.0000e+00 194.32375 154.85 0.32946 0.00000 0.00000 0.00000 0.00000 0.00000 0.00000 0.00000 0.00000 0.00000 0.00000 2.9759 3.322e+12 9.054e+11
279 -1 6.0361e+11 141.64 0.00 197.660 68.471 28 71.67168 4.11781 22.59680 -62.36 -198.91 413.29 -1.459e+11 9.479e+10 1.552e+12 0.07526 68.47114 6.0361e+11 6.0361e+11 3.0181e+11 3.0181e+11 0.0000e+00 56.43738 149.14 0.09904 0.00000 0.00000 0.00000 0.00000 0.00000 0.00000 0.00000 0.00000 0.00000 0.00000 0.0000 2.368e+12 6.036e+11
280 159 2.7163e+12 245.49 221.88 326.329 67.249 28 22.41227 12.62761 44.10217 192.71 73.81 -32.06 -2.320e+13 2.324e+13 5.685e+12 0.06523 67.24905 3.0181e+12 2.7163e+12 2.4145e+12 0.0000e+00 0.0000e+00 122.90942 7.50 0.17233 0.32320 0.00000 162.35301 41.58009 119.54924 0.00000 0.00000 0.00000 0.00000 0.00000 0.8537 3.949e+12 2.414e+12
281 -1 2.1127e+12 246.45 157.83 300.106 36.731 27 54.05751 89.80758 66.05974 124.39 330.99 72.49 -7.975e+12 1.230e+13 -2.459e+12 0.07246 36.73102 2.1127e+12 2.1127e+12 2.1127e+12 0.0000e+00 0.0000e+00 51.11341 0.00 0.11684 0.78875 0.64251 102.28952 -26.69628 54.17978 0.00000 0.00000 0.00000 0.00000 0.00000 0.5698 2.475e+12 3.018e+11
282 -1 6.0361e+11 144.09 0.00 197.660 53.851 27 54.89613 41.36128 60.87247 84.79 -364.54 -698.32 1.680e+10 -1.916e+11 -1.439e+11 0.00840 53.85106 6.0361e+11 1.5090e+12 3.0181e+11 3.0181e+11 0.0000e+00 84.42252 44.24 0.01523 0.00000 0.00000 0.00000 0.00000 0.00000 0.00000 0.00000 0.00000 0.00000 0.00000 0.0000 3.466e+12 6.036e+11
283 285 5.1307e+12 308.71 207.27 403.389 73.674 27 52.36522 40.01376 51.03095 151.33 -494.09 -231.27 -1.649e+13 -2.442e+12 -4.089e+12 0.02957 73.67350 5.4325e+12 5.1307e+12 3.9235e+12 3.0181e+12 0.0000e+00 34.14644 21.95 0.03074 0.47596 0.10744 106.68224 -2.13697 12.17944 0.44949 0.10684 79.72908 20.80858 26.74758 0.3370 4.687e+12 3.320e+12
284 283 6.0361e+11 149.86 0.00 197.660 38.491 26 86.85497 12.22183 8.85012 -91.67 161.63 -192.22 4.005e+10 -1.366e+12 -1.113e+12 0.05482 38.49133 6.0361e+11 6.0361e+11 0.0000e+00 0.0000e+00 0.0000e+00 167.00555 57.51 0.11180 0.00000 0.00000 0.00000 0.00000 0.00000 0.00000 0.00000 0.00000 0.00000 0.00000 0.0000 2.861e+12 0.000e+00
285 293 6.0361e+11 153.98 0.00 197.660 32.261 25 63.37400 87.93065 37.91429 220.81 -10.27 76.62 -2.933e+11 -1.632e+11 3.739e+11 0.00391 32.26117 6.0361e+11 6.0361e+11 6.0361e+11 0.0000e+00 0.0000e+00 149.36136 17.45 0.03187 0.00000 0.00000 0.00000 0.00000 0.00000 0.00000 0.00000 0.00000 0.00000 0.00000 0.0000 2.862e+12 0.000e+00
286 292 3.3199e+12 273.04 159.27 348.904 55.412 25 64.86299 86.49167 43.14654 181.91 3.49 151.56 1.419e+13 4.759e+12 1.138e+13 0.06642 55.41182 3.3199e+12 3.3199e+12 3.3199e+12 2.1127e+12 0.0000e+00 30.66292 0.00 0.06961 0.11034 0.06226 -16.12527 156.87918 -37.49076 0.58329 0.16304 4.08443 103.51037 -23.55832 0.2929 3.509e+12 2.113e+12
287 -1 1.5090e+12 195.50 73.15 268.266 73.341 25 88.78652 12.34530 8.63924 -42.27 121.83 -305.78 4.350e+12 -1.067e+13 -5.029e+12 0.09348 73.34126 1.5090e+12 1.5090e+12 6.0361e+11 0.0000e+00 0.0000e+00 99.32164 104.07 0.17316 0.63299 0.00000 80.19311 -57.32804 -40.49299 0.00000 0.00000 0.00000 0.00000 0.00000 0.5434 4.274e+12 1.509e+12
288 279 9.0542e+11 182.52 60.69 226.264 30.348 25 25.67512 13.31300 34.22740 143.26 18.30 65.74 7.315e+11 8.814e+11 -1.540e+12 0.02862 30.34757 9.0542e+11 9.0542e+11 9.0542e+11 6.0361e+11 0.0000e+00 102.26572 60.69 0.06195 0.00000 0.00000 0.00000 0.00000 0.00000 0.00000 0.00000 0.00000 0.00000 0.00000 0.5022 3.212e+12 6.036e+11
