#ID DescID Mvir Vmax Vrms Rvir Rs Np X Y Z VX VY VZ JX JY JZ Spin rs_klypin Mvir_all M200b M200c M500c M2500c Xoff Voff spin_bullock b_to_a c_to_a A[x] A[y] A[z] b_to_a(500c) c_to_a(500c) A[x](500c) A[y](500c) A[z](500c) T/|U| M_pe_Behroozi M_pe_Diemer
#a = 0.625195
#Om = 0.285000; Ol = 0.715000; h = 0.695000
#FOF linking length: 0.280000
#Unbound Threshold: 0.500000; FOF Refinement Threshold: 0.700000
#Particle mass: 3.01807e+11 Msun/h
#Box size: 100.000000 Mpc/h
#Force resolution assumed: 0.0976562 Mpc/h
#Units: Masses in Msun / h
#Units: Positions in Mpc / h (comoving)
#Units: Velocities in km / s (physical, peculiar)
#Units: Halo Distances, Lengths, and Radii in kpc / h (comoving)
#Units: Angular Momenta in (Msun/h) * (Mpc/h) * km/s (physical)
#Units: Spins are dimensionless
#Np is an internal debugging quantity.
#Rockstar Version: 0.99.9-RC3
0 13 8.3299e+13 747.49 745.64 1034.339 998.654 339 73.88499 19.00988 1.47241 -75.14 369.49 69.18 4.496e+14 1.135e+14 -1.807e+13 0.00626 385.45825 8.3299e+13 8.5411e+13 6.7907e+13 2.9577e+13 1.0865e+13 66.99524 29.36 0.00818 0.75664 0.43693 -87.38993 109.10930 -60.71861 0.83110 0.38742 88.69963 34.51443 -1.28592 0.6353 7.262e+13 1.612e+14
1 12 7.5452e+12 344.48 334.83 464.522 119.658 61 72.75703 17.39743 2.07489 317.47 741.77 29.18 4.364e+12 -6.994e+13 7.887e+13 0.06549 119.65845 7.5452e+12 7.5452e+12 6.0361e+12 4.2253e+12 0.0000e+00 46.67237 21.40 0.10184 0.01151 0.00000 -89.31821 112.13291 -14.91414 0.74711 0.57761 -93.69863 99.05346 -8.85275 0.7047 9.739e+12 7.545e+12
2 15 3.3199e+12 282.70 260.28 353.311 52.822 27 73.28645 20.12773 1.18615 -358.37 226.87 1017.99 -1.566e+12 2.694e+13 -3.149e+12 0.04264 52.82235 3.3199e+12 3.6217e+12 3.0181e+12 0.0000e+00 0.0000e+00 113.88253 0.00 0.10304 0.47483 0.13434 118.18514 -41.65473 -92.43636 0.00000 0.00000 0.00000 0.00000 0.00000 0.8556 3.663e+12 1.509e+12
3 14 1.3310e+14 888.75 886.89 1209.223 619.971 464 72.55182 21.15480 0.98515 182.98 -279.05 249.85 -2.234e+15 3.204e+15 2.114e+15 0.02986 343.19849 1.3310e+14 1.3793e+14 1.1831e+14 6.0060e+13 2.3541e+13 50.79599 91.37 0.03587 0.89758 0.66898 153.11719 -83.74530 15.24443 0.69965 0.61427 108.93163 -36.31124 -31.75791 0.6024 1.188e+14 1.832e+14
4 114 1.5694e+13 454.13 527.47 592.963 116.851 189 71.33397 23.82580 4.27631 146.86 -439.04 2.05 -1.759e+14 9.302e+13 1.378e+14 0.02968 116.85117 1.6298e+13 1.8108e+13 1.4487e+13 8.4506e+12 2.1127e+12 64.52054 22.03 0.06892 0.44263 0.19754 -68.39397 -45.49894 106.00974 0.27529 0.16424 -56.92921 -43.10030 94.19331 0.8934 2.313e+13 1.328e+13
5 83 6.0361e+12 314.77 334.62 431.224 133.745 86 69.79566 24.49416 8.03313 21.55 -167.26 -304.48 8.188e+11 2.386e+13 2.225e+13 0.00990 133.74452 6.0361e+12 6.0361e+12 3.0181e+12 1.5090e+12 0.0000e+00 41.84679 0.00 0.04569 0.56788 0.24088 66.66757 68.29186 54.61932 0.34882 0.11617 68.09743 15.90670 32.91692 0.9615 9.982e+12 7.847e+12
6 16 2.1127e+12 221.35 137.34 303.897 97.354 71 76.21111 18.02007 2.94820 -402.01 -195.84 -416.36 1.643e+12 -1.875e+12 -2.549e+12 0.01639 97.35434 2.1127e+12 2.4145e+12 0.0000e+00 0.0000e+00 0.0000e+00 88.00843 33.80 0.02872 0.33306 0.07677 -97.03027 28.89284 176.84824 0.00000 0.00000 0.00000 0.00000 0.00000 0.5761 5.823e+12 3.320e+12
7 17 3.6217e+12 262.04 462.62 363.709 150.142 97 78.44756 16.58939 2.45663 -167.94 -35.77 -30.28 3.784e+13 -1.554e+13 -5.000e+12 0.20738 150.14194 3.6217e+12 4.2253e+12 3.0181e+11 0.0000e+00 0.0000e+00 50.08820 170.89 0.13518 0.34291 0.12157 -69.47202 175.48836 144.68587 0.00000 0.00000 0.00000 0.00000 0.00000 3.6039 1.179e+13 8.149e+12
8 132 2.1730e+13 480.29 482.32 660.903 219.627 152 81.10670 15.71043 2.08468 -206.55 227.56 -16.31 -1.512e+14 -1.921e+14 2.959e+13 0.03229 219.62727 2.1730e+13 2.4446e+13 1.7505e+13 1.1167e+13 0.0000e+00 80.68210 0.00 0.04077 0.73788 0.47601 -43.98850 143.46315 -0.96658 0.76255 0.32469 -7.40073 110.31689 16.21699 0.6221 2.393e+13 3.109e+13
9 5 2.1127e+12 219.33 130.27 303.897 117.469 46 18.99605 11.06650 3.76746 291.61 -366.76 -251.63 -4.987e+12 2.688e+12 -1.937e+12 0.03081 117.46899 2.1127e+12 3.9235e+12 3.0181e+11 3.0181e+11 0.0000e+00 108.72570 19.54 0.04823 0.67117 0.00000 90.42171 20.61619 31.47966 0.00000 0.00000 0.00000 0.00000 0.00000 0.4506 4.450e+12 4.527e+12
10 4 6.0361e+12 352.71 280.10 431.224 57.209 36 21.14775 9.78061 2.48858 574.13 193.74 310.70 6.316e+12 -6.203e+12 -8.134e+13 0.10038 57.20943 6.9416e+12 6.3380e+12 4.5271e+12 3.9235e+12 0.0000e+00 58.94646 60.47 0.11457 0.87574 0.45636 79.69972 -27.62354 -44.41022 0.89367 0.43260 45.49719 47.52701 43.94920 0.5049 5.445e+12 3.320e+12
11 6 4.2253e+12 279.40 351.88 382.886 119.286 40 20.94816 10.84346 3.20025 265.48 542.12 463.56 3.975e+13 -2.303e+13 -1.134e+13 0.07863 119.28626 4.2253e+12 4.2253e+12 3.3199e+12 0.0000e+00 0.0000e+00 75.65186 36.60 0.12006 0.56168 0.14189 -19.47881 100.62650 157.12692 0.00000 0.00000 0.00000 0.00000 0.00000 1.3957 4.389e+12 4.829e+12
12 7 9.0542e+12 413.47 343.70 493.629 58.074 39 23.60467 11.29207 4.01782 -919.27 -364.28 -434.60 -1.652e+13 -2.662e+13 5.864e+13 0.04621 58.07358 9.0542e+12 9.3560e+12 7.5452e+12 6.6398e+12 2.7163e+12 83.50153 0.00 0.04736 0.65084 0.27416 77.44602 -27.61319 13.72276 0.76235 0.06619 49.71915 -8.63488 42.46429 0.4854 9.236e+12 5.433e+12
13 8 1.4819e+14 929.34 953.47 1253.297 316.312 727 23.12737 11.11932 3.75412 53.61 157.60 223.10 2.676e+15 3.300e+15 -8.143e+14 0.02452 323.15714 1.4819e+14 1.5271e+14 1.2857e+14 8.3902e+13 2.3843e+13 50.91966 148.81 0.02921 0.67721 0.37109 160.40495 69.49957 78.07877 0.68626 0.36413 109.58284 68.77850 59.36130 0.6184 1.298e+14 1.488e+14
14 9 8.4506e+12 353.02 294.21 482.406 144.537 84 27.19511 12.09438 5.23935 -128.57 -74.52 132.27 2.991e+13 4.000e+13 -2.503e+13 0.03419 144.53711 9.9596e+12 9.3560e+12 5.7343e+12 0.0000e+00 0.0000e+00 41.27889 37.68 0.04465 0.47192 0.10058 188.36548 -33.35692 -1.45659 0.00000 0.00000 0.00000 0.00000 0.00000 0.5452 9.933e+12 1.026e+13
15 10 1.9919e+13 582.70 575.14 642.009 52.778 187 29.47526 12.86228 5.93775 -305.78 -22.59 219.62 -2.670e+14 -2.409e+14 2.594e+14 0.07450 52.77833 1.9919e+13 2.0523e+13 1.8712e+13 1.4487e+13 7.5452e+12 86.91090 0.00 0.08488 0.52041 0.33674 110.10747 12.28822 9.88493 0.45769 0.19318 103.49692 9.08943 12.76381 0.6656 2.988e+13 9.054e+12
16 11 5.7343e+12 336.94 245.72 423.914 65.853 26 31.27755 12.92749 6.13581 -384.84 135.74 212.52 2.773e+13 4.283e+12 -8.151e+12 0.03998 65.85289 5.7343e+12 5.7343e+12 5.4325e+12 1.5090e+12 0.0000e+00 23.25037 15.25 0.04456 0.53503 0.04198 106.18940 76.74508 56.66687 0.00000 0.00000 31.13556 15.61546 93.67275 0.4347 5.850e+12 3.923e+12
17 109 8.7524e+12 353.61 510.12 488.082 171.737 133 33.46356 13.23963 6.41180 -399.09 -150.87 258.18 -1.829e+13 6.740e+13 6.762e+13 0.06771 171.73686 8.7524e+12 9.3560e+12 5.1307e+12 2.1127e+12 0.0000e+00 43.67294 0.00 0.07328 0.48627 0.17898 156.55812 -34.14130 63.64485 0.45705 0.04739 86.67184 72.05517 4.52015 1.7111 2.243e+13 1.479e+13
18 3 2.5593e+14 1110.28 1178.95 1503.691 425.805 770 4.55274 5.47655 94.91621 -65.91 92.59 224.08 -9.486e+15 3.304e+13 -7.132e+15 0.02580 405.20392 2.5593e+14 2.6438e+14 2.2726e+14 1.3340e+14 5.0100e+13 36.59734 123.73 0.03223 0.33818 0.27200 -165.05493 17.46434 179.21269 0.38741 0.31384 122.04165 -16.32487 -121.19989 0.6509 2.259e+14 2.765e+14
19 2 4.7082e+13 661.80 735.99 855.201 165.839 215 4.40726 5.50650 95.07504 527.76 215.18 -357.20 -3.277e+14 -3.689e+14 -3.290e+13 0.01621 156.88077 4.7384e+13 4.8893e+13 3.8933e+13 2.8370e+13 1.3581e+13 84.80264 46.08 0.02257 0.40985 0.33712 -101.83412 11.54507 119.74080 0.43870 0.42424 -65.72195 1.60763 95.31911 0.7348 4.291e+13 3.622e+13
20 1 4.7082e+13 622.62 668.14 855.201 234.630 320 6.44872 5.02936 92.21255 -552.61 554.61 644.14 -2.996e+14 -2.903e+13 -8.130e+13 0.01067 275.84186 4.8591e+13 5.1005e+13 3.7424e+13 2.2636e+13 7.2434e+12 97.94786 32.89 0.01423 0.79835 0.55510 -75.15112 31.26112 113.51305 0.91585 0.62350 -43.19500 -9.71463 84.97930 0.6781 4.919e+13 5.161e+13
21 18 1.5996e+13 532.60 560.52 596.740 52.631 58 71.19395 60.35506 49.80804 -134.77 211.57 132.77 2.947e+12 1.843e+14 -1.521e+14 0.05141 52.63086 1.6599e+13 1.5996e+13 1.5392e+13 1.2072e+13 6.0361e+12 58.44857 27.22 0.06592 0.75075 0.58808 88.98397 -34.76315 -19.48409 0.66597 0.56923 78.15504 -27.38465 -29.37412 0.7319 1.786e+13 7.545e+12
22 19 1.6780e+14 987.73 1023.67 1306.326 330.054 576 70.86047 60.93483 49.81273 -252.94 103.78 411.20 8.402e+15 5.116e+15 4.850e+15 0.04661 283.47983 1.6780e+14 1.6992e+14 1.5392e+14 9.2655e+13 2.2032e+13 137.51080 158.17 0.06019 0.41272 0.27009 -41.16227 215.76727 -24.60396 0.33245 0.24825 -16.36755 155.85310 -10.75802 0.6657 1.517e+14 1.684e+14
23 21 1.0231e+14 820.18 825.57 1107.711 297.436 400 71.19102 61.82290 52.31539 42.99 -17.98 -829.77 1.291e+15 -2.641e+15 9.665e+13 0.03189 289.90375 1.0231e+14 1.0684e+14 8.8731e+13 5.1609e+13 2.1428e+13 71.62333 63.67 0.03682 0.48950 0.34963 98.64303 130.65387 -49.96057 0.44866 0.26917 70.72358 105.40413 -24.32012 0.5899 8.997e+13 1.071e+14
24 24 1.3280e+13 443.22 432.43 560.847 90.128 70 39.90379 18.19140 42.89653 450.05 -934.79 -177.60 1.916e+13 2.480e+13 -7.197e+13 0.02248 90.12846 1.3280e+13 1.3280e+13 9.0542e+12 7.8470e+12 3.3199e+12 94.71309 0.00 0.02953 0.74837 0.60343 83.46597 38.41444 -42.61779 0.77997 0.55581 -21.00415 -44.23675 66.11476 0.6631 1.274e+13 7.847e+12
25 23 1.3581e+14 890.94 937.57 1217.393 504.656 509 39.68618 17.38428 42.64535 336.11 309.79 87.03 -7.504e+14 1.548e+15 -2.406e+15 0.01759 364.43835 1.3581e+14 1.4396e+14 1.1620e+14 6.5794e+13 1.9919e+13 68.99235 164.73 0.02310 0.50994 0.38290 115.49924 138.78014 25.86625 0.52002 0.43780 86.99239 88.43726 15.15648 0.6705 1.198e+14 1.720e+14
26 25 5.7645e+13 677.13 765.54 914.895 174.093 181 43.38972 18.59693 43.83897 95.17 227.97 -619.02 -6.024e+14 -2.284e+15 -8.622e+14 0.04496 240.46834 5.7947e+13 5.9758e+13 5.1609e+13 2.8974e+13 1.0563e+13 144.55620 201.16 0.08189 0.47398 0.20544 169.22176 0.41318 -88.97198 0.51899 0.29705 -38.27037 37.38927 98.81820 0.8324 5.076e+13 4.467e+13
27 26 1.8410e+13 501.06 475.30 625.369 92.784 104 43.99044 18.64705 43.64721 -451.41 210.90 80.43 -6.528e+13 -6.480e+13 -9.277e+13 0.02355 92.78441 1.8712e+13 1.9014e+13 1.5694e+13 1.1770e+13 4.5271e+12 35.23413 12.62 0.02852 0.75480 0.50702 85.29175 -23.05404 46.97923 0.58287 0.53872 70.11102 -12.87265 25.54943 0.6211 1.672e+13 1.177e+13
28 40 6.3380e+12 335.63 306.98 438.295 86.447 45 51.00920 17.25754 41.21053 -77.01 -240.61 -635.47 3.348e+13 -2.774e+12 3.414e+12 0.03353 86.44701 6.3380e+12 6.3380e+12 5.4325e+12 3.3199e+12 0.0000e+00 52.85358 0.00 0.04359 0.76722 0.29792 56.95547 40.81987 53.16684 0.78999 0.28833 18.56378 69.09011 -34.66782 0.6110 5.893e+12 5.131e+12
29 39 1.3461e+14 907.05 937.80 1213.775 351.050 421 51.77090 16.09992 40.60052 -271.17 353.18 -47.86 -7.085e+14 -6.291e+15 7.849e+15 0.06377 290.77063 1.3461e+14 1.3612e+14 1.2042e+14 7.0925e+13 1.6298e+13 106.79097 72.37 0.07992 0.47063 0.30978 -74.49969 194.96246 126.35260 0.36130 0.16741 -62.71464 146.69786 116.02055 0.6452 1.189e+14 1.412e+14
30 39 1.7807e+13 489.33 559.12 618.459 98.692 94 51.85312 15.88755 40.41836 -453.44 969.57 272.27 -8.330e+13 -1.868e+14 3.842e+14 0.04526 98.69160 1.8108e+13 1.8410e+13 1.4487e+13 1.0261e+13 4.8289e+12 72.92123 13.51 0.10045 0.62638 0.59627 -33.86695 88.53989 -13.75203 0.74419 0.37236 15.82567 -48.09283 41.64775 0.8856 1.696e+13 1.117e+13
31 42 1.6539e+14 954.85 972.81 1300.031 593.661 604 72.28013 68.08352 52.28652 -136.51 -57.80 -435.50 1.360e+15 3.064e+15 5.668e+15 0.02793 371.95798 1.6539e+14 1.7233e+14 1.4607e+14 6.1569e+13 1.4789e+13 109.95561 192.93 0.03703 0.46017 0.34840 41.28691 225.16978 -37.29281 0.64044 0.46825 -12.49384 125.31936 -58.27813 0.6545 1.471e+14 2.004e+14
32 41 1.0865e+13 566.52 378.95 524.559 22.602 55 72.37753 68.68200 52.31322 -369.04 -540.75 77.28 1.270e+13 1.729e+13 -7.352e+13 0.05513 22.60226 1.2676e+13 1.2072e+13 1.0563e+13 9.3560e+12 7.5452e+12 14.16601 30.21 0.04026 0.48903 0.38984 33.64761 82.77953 -1.29904 0.51562 0.44349 34.85265 71.31870 -7.25675 0.3430 1.758e+13 4.829e+12
33 30 1.0261e+13 385.79 365.74 514.659 119.986 54 71.78104 1.81778 24.55739 -368.98 421.01 349.78 2.528e+13 -1.959e+13 4.843e+11 0.01509 119.98578 1.0261e+13 1.0563e+13 8.7524e+12 5.7343e+12 2.4145e+12 63.88103 0.00 0.01850 0.61261 0.45280 -59.66650 76.84062 31.71233 0.76596 0.46848 55.13862 -27.66269 -41.39742 0.5961 9.932e+12 1.026e+13
34 31 6.4587e+13 756.94 813.15 950.236 133.310 323 71.00852 2.73784 25.93927 148.67 74.51 270.69 7.197e+14 6.012e+14 -4.770e+14 0.02117 145.73122 6.4587e+13 6.6398e+13 6.0060e+13 4.5875e+13 1.1770e+13 128.55489 56.41 0.02835 0.46696 0.42741 -1.25385 118.91383 113.42944 0.31165 0.18809 -3.79211 102.71961 104.17010 0.7207 6.166e+13 4.346e+13
35 32 1.3581e+13 456.51 416.66 565.064 80.077 98 71.06364 3.54979 27.61810 -1.99 -355.43 -158.67 6.284e+13 -3.239e+13 3.436e+12 0.02044 80.07655 1.4185e+13 1.3581e+13 1.2676e+13 6.3380e+12 3.6217e+12 57.10820 13.85 0.02565 0.66925 0.23517 -1.53906 44.20744 87.37769 0.43632 0.18931 7.86905 1.08968 67.44109 0.6233 1.602e+13 7.243e+12
36 27 4.8289e+12 295.24 197.67 400.313 109.240 46 66.96277 5.09450 30.34544 317.22 -63.07 -157.63 -1.015e+13 -1.203e+13 -2.084e+13 0.04214 109.24002 4.8289e+12 4.8289e+12 3.0181e+12 0.0000e+00 0.0000e+00 22.94027 0.00 0.05304 0.68001 0.35761 -136.04044 -36.73450 178.55161 0.00000 0.00000 0.00000 0.00000 0.00000 0.4222 6.467e+12 5.131e+12
37 28 4.2253e+12 275.58 353.87 382.886 169.743 45 70.07920 4.68539 28.22393 226.52 -424.30 -136.45 -2.816e+13 -3.610e+12 3.243e+13 0.08140 169.74261 4.2253e+12 5.1307e+12 2.4145e+12 0.0000e+00 0.0000e+00 96.86163 53.86 0.10936 0.72455 0.21347 79.01931 127.51395 -59.10529 0.00000 0.00000 0.00000 0.00000 0.00000 1.5258 9.205e+12 9.960e+12
38 44 7.8470e+12 352.96 264.67 470.635 109.271 90 52.33535 25.30675 34.07846 465.00 57.05 436.63 8.227e+13 2.523e+11 3.116e+13 0.06298 109.27120 7.8470e+12 8.1488e+12 7.2434e+12 3.0181e+11 0.0000e+00 44.29990 26.73 0.07955 0.72245 0.57077 185.93724 101.45588 83.70969 0.00000 0.00000 0.00000 0.00000 0.00000 0.4993 7.855e+12 7.545e+12
39 45 1.3280e+14 896.68 940.67 1208.308 300.394 493 54.33250 27.68203 35.63280 -81.17 -115.94 -64.49 2.251e+15 2.305e+14 3.164e+15 0.02517 309.14398 1.3280e+14 1.3612e+14 1.1982e+14 7.0019e+13 2.2032e+13 88.44483 37.31 0.03153 0.73092 0.45408 -73.72189 -9.01418 173.36607 0.82021 0.57035 17.00875 31.32751 126.02161 0.6505 1.189e+14 1.325e+14
40 34 1.1378e+14 858.86 906.48 1147.644 296.607 488 92.92223 40.98862 61.19958 -185.44 -315.11 -70.13 2.403e+15 -1.760e+14 -4.908e+15 0.04646 271.45355 1.1378e+14 1.1499e+14 1.0292e+14 6.2474e+13 2.1428e+13 111.69746 72.74 0.05734 0.61808 0.44947 -101.01591 139.51691 -41.01594 0.69050 0.43817 -56.93129 103.08911 -40.61090 0.6492 1.012e+14 1.147e+14
41 37 5.1307e+12 295.69 376.76 408.485 146.368 38 91.33850 44.39474 59.61705 -186.60 -473.96 297.15 -3.578e+13 2.195e+13 -3.379e+13 0.05931 146.36774 5.4325e+12 5.4325e+12 3.0181e+12 2.1127e+12 0.0000e+00 39.66106 16.29 0.09893 0.32217 0.00998 -19.65243 23.64450 194.89703 0.45297 0.11062 -50.20445 90.31821 97.55595 1.2999 5.515e+12 6.942e+12
42 35 5.1307e+12 300.35 295.22 408.485 115.378 43 91.40513 45.48226 58.56210 -322.60 -500.21 106.47 3.145e+13 1.560e+11 9.851e+12 0.02201 115.37770 5.4325e+12 5.4325e+12 0.0000e+00 0.0000e+00 0.0000e+00 89.13964 14.25 0.06049 0.41240 0.01908 76.80823 184.31691 29.63532 0.00000 0.00000 0.00000 0.00000 0.00000 0.8746 4.617e+12 5.433e+12
43 47 1.1439e+14 898.76 925.28 1149.670 189.189 497 57.84644 30.32054 31.76986 -272.98 -345.78 17.05 -1.569e+15 3.365e+14 -2.135e+15 0.02379 197.45105 1.1439e+14 1.2193e+14 1.0382e+14 6.9718e+13 2.7464e+13 40.78406 52.38 0.02776 0.81121 0.49678 -115.07799 -52.38387 92.94540 0.70201 0.47634 -82.32021 -53.45619 78.57315 0.6323 1.021e+14 8.119e+13
44 48 2.4145e+12 262.49 117.79 317.729 40.036 31 52.86880 40.42862 55.07945 287.18 -486.54 253.64 -5.299e+12 1.203e+12 1.984e+12 0.03775 40.03596 2.4145e+12 3.3199e+12 2.1127e+12 1.5090e+12 0.0000e+00 59.85403 0.00 0.03730 0.55797 0.11476 13.56648 12.80514 94.70456 0.56176 0.13359 10.76654 48.02559 85.13410 0.2016 4.502e+12 1.509e+12
45 49 1.0775e+14 897.30 926.11 1126.980 164.633 505 53.65345 40.67827 57.48653 31.49 -238.58 -267.46 3.521e+14 2.127e+14 5.914e+14 0.00708 173.32698 1.0775e+14 1.1046e+14 9.7182e+13 7.5452e+13 2.6861e+13 26.81852 99.22 0.00827 0.67773 0.37158 -4.52684 94.65302 136.75647 0.58986 0.28492 -7.11363 88.98796 103.30664 0.6416 1.015e+14 7.545e+13
46 33 5.7947e+13 669.24 698.68 916.489 345.277 321 73.62273 3.86785 29.87895 -292.52 -59.30 -163.00 7.394e+14 -8.815e+13 -8.000e+14 0.02866 282.72241 5.7947e+13 6.4889e+13 4.9496e+13 2.7766e+13 1.2374e+13 141.01343 59.10 0.03529 0.95168 0.40387 89.31927 53.65679 107.31229 0.82849 0.45220 94.05389 -1.31825 43.88275 0.6327 5.702e+13 8.209e+13
47 108 2.2334e+13 520.96 512.51 666.966 115.166 168 76.38155 4.11891 32.08227 -550.46 38.04 -262.28 3.074e+13 -8.092e+13 1.834e+14 0.02380 115.16642 2.2334e+13 2.4748e+13 2.0221e+13 1.4789e+13 0.0000e+00 38.56602 17.86 0.03208 0.61630 0.35559 -73.08954 84.22202 122.66546 0.48754 0.16682 -76.07346 65.66085 88.43092 0.6751 2.414e+13 1.630e+13
48 50 7.2434e+12 508.68 469.19 458.244 18.000 37 47.10501 27.94399 45.24405 -244.19 -958.13 -215.06 -1.184e+13 -5.145e+13 3.690e+13 0.05441 18.00027 7.8470e+12 7.2434e+12 6.9416e+12 6.0361e+12 4.8289e+12 54.86291 37.90 0.06656 0.68562 0.39384 64.07303 -36.05699 -4.83052 0.57700 0.34267 58.25458 -39.01399 -11.09411 0.7436 1.279e+13 2.716e+12
49 50 9.7786e+13 861.59 919.89 1091.126 169.788 368 47.37281 28.16624 45.36084 49.15 -115.14 -225.56 -2.926e+15 6.743e+13 2.981e+15 0.04395 176.18835 9.7786e+13 9.9295e+13 8.7222e+13 5.9758e+13 2.4145e+13 101.22954 125.82 0.05640 0.85023 0.65356 120.42971 71.92453 57.74966 0.68086 0.59394 108.65126 51.92180 25.21388 0.6955 8.811e+13 6.640e+13
50 51 2.7163e+12 238.83 126.76 330.451 122.889 54 46.63717 31.11001 46.87720 260.83 -644.79 3.29 8.408e+12 -2.121e+12 2.228e+13 0.09582 122.88887 2.7163e+12 3.3199e+12 9.0542e+11 3.0181e+11 0.0000e+00 47.20181 28.47 0.12670 0.85719 0.20229 9.48604 -121.62763 152.95526 0.00000 0.00000 0.00000 0.00000 0.00000 0.3258 5.397e+12 3.923e+12
51 172 6.0361e+12 310.77 295.08 431.224 175.813 35 19.72306 31.64581 64.82788 83.98 -187.38 -127.45 -1.259e+13 1.241e+12 3.720e+13 0.02246 175.81267 6.0361e+12 6.6398e+12 2.7163e+12 3.0181e+11 0.0000e+00 40.63253 44.89 0.05501 0.58328 0.01488 84.07587 97.68428 -60.70693 0.00000 0.00000 0.00000 0.00000 0.00000 0.8444 6.477e+12 8.752e+12
52 72 4.5271e+12 290.33 264.10 391.793 101.680 58 26.24995 29.43247 63.27584 442.60 -179.50 -55.12 -2.459e+13 -2.529e+13 1.654e+13 0.05846 101.67958 4.5271e+12 4.5271e+12 3.3199e+12 1.5090e+12 0.0000e+00 68.58368 13.45 0.08812 0.87589 0.56631 -40.64162 82.73690 36.07227 0.21391 0.00000 -3.97055 57.63074 30.88434 0.6557 7.963e+12 4.527e+12
53 73 1.2374e+13 422.50 337.20 547.799 102.780 62 28.67328 28.63421 63.72117 -117.70 118.41 -353.90 5.530e+13 1.580e+14 2.059e+13 0.05954 102.77999 1.2374e+13 1.2374e+13 1.2072e+13 2.4145e+12 0.0000e+00 39.11398 0.00 0.07139 0.30162 0.19957 -95.18270 -26.16637 122.39308 0.38285 0.03852 94.19279 -6.83570 -87.03238 0.5033 1.223e+13 8.451e+12
54 74 1.8712e+13 466.46 439.34 628.768 161.364 135 27.68029 29.07788 63.58257 113.61 -37.61 -60.62 6.631e+13 3.273e+13 1.736e+13 0.01268 161.36368 1.8712e+13 1.9617e+13 1.6298e+13 6.6398e+12 3.6217e+12 87.15210 11.20 0.01614 0.56564 0.44063 95.56056 13.93269 -52.52617 0.71218 0.56201 69.20908 18.07106 -17.68660 0.6049 3.301e+13 1.962e+13
55 53 1.3883e+13 416.65 449.55 569.219 170.027 121 91.13290 23.45854 0.96615 -110.56 -740.98 -139.51 -1.073e+14 -2.109e+13 3.007e+13 0.01494 170.02682 1.3883e+13 1.7807e+13 9.9596e+12 0.0000e+00 0.0000e+00 104.95915 17.16 0.03964 0.14319 0.05347 -131.55515 177.15509 -66.69241 0.00000 0.00000 0.00000 0.00000 0.00000 0.8961 2.889e+13 1.811e+13
56 54 1.3280e+13 415.55 386.74 560.847 145.780 81 91.89192 22.72948 1.10425 -327.78 -240.13 -53.19 9.975e+13 8.543e+13 -1.008e+12 0.03210 145.78011 1.3280e+13 1.3883e+13 1.0261e+13 0.0000e+00 0.0000e+00 125.24873 19.33 0.04942 0.43889 0.12837 -30.87446 168.90894 168.25865 0.00000 0.00000 0.00000 0.00000 0.00000 0.6874 1.762e+13 1.358e+13
57 55 2.3843e+13 570.29 490.06 681.662 80.665 109 94.38482 21.38564 1.24991 -548.04 -329.81 -53.79 -3.759e+13 -3.272e+13 1.866e+13 0.00641 80.66526 2.3843e+13 2.4446e+13 1.8108e+13 9.9596e+12 6.3380e+12 53.57518 0.00 0.00755 0.81590 0.47691 15.02592 83.88068 -51.15725 0.64975 0.56430 -6.53953 -42.96270 48.81430 0.5804 2.100e+13 9.658e+12
58 56 4.3762e+13 619.90 623.17 834.608 209.559 199 96.57075 23.48896 51.02378 -77.85 -196.38 380.36 -3.196e+14 3.119e+13 -6.582e+13 0.01450 211.72757 4.3762e+13 4.5271e+13 3.8631e+13 2.4748e+13 9.3560e+12 43.44837 13.75 0.01690 0.72424 0.59216 112.61497 -66.79721 -43.62848 0.55971 0.49620 83.82431 -42.77913 -49.13968 0.5956 3.896e+13 4.406e+13
59 57 2.0523e+13 486.84 442.40 648.430 149.122 124 97.11813 23.47310 52.83648 -70.62 -50.39 -120.49 9.871e+13 8.913e+13 3.354e+14 0.05792 149.12184 2.0523e+13 2.1428e+13 1.9014e+13 1.0563e+13 3.6217e+12 19.09916 0.00 0.06572 0.73647 0.51779 -13.24438 64.83785 97.51622 0.82889 0.50325 -4.37418 42.45503 67.77941 0.5307 1.880e+13 1.962e+13
60 58 6.0361e+11 147.03 0.00 200.157 57.175 32 96.27864 24.94058 55.31316 -73.42 -137.87 -59.57 -1.855e+12 4.688e+11 1.113e+12 0.24177 57.17550 6.0361e+11 6.0361e+11 3.0181e+11 3.0181e+11 0.0000e+00 61.82046 221.64 0.14383 0.00000 0.00000 0.00000 0.00000 0.00000 0.00000 0.00000 0.00000 0.00000 0.00000 0.0000 3.038e+12 6.036e+11
61 63 5.1911e+13 683.29 696.40 883.492 138.574 298 99.28435 22.50771 75.94942 -7.74 41.88 43.03 1.173e+15 3.573e+14 -3.680e+14 0.04217 162.71301 5.2514e+13 5.3722e+13 4.7384e+13 3.3802e+13 1.1469e+13 87.70726 59.07 0.04967 0.65024 0.33459 38.34393 -75.47410 108.43533 0.53999 0.33237 27.86580 -61.15948 86.61433 0.6284 4.729e+13 3.742e+13
62 195 2.1127e+12 232.00 306.09 303.897 61.287 25 99.66608 21.78311 78.05020 -87.72 -14.69 -311.85 5.298e+12 -9.838e+12 2.919e+13 0.23301 61.28716 2.1127e+12 2.1127e+12 2.1127e+12 0.0000e+00 0.0000e+00 49.10730 0.00 0.25177 0.66634 0.07596 -71.68931 -43.57064 79.47826 0.00000 0.00000 0.00000 0.00000 0.00000 2.0629 2.947e+12 9.054e+11
63 84 1.1469e+13 391.18 375.71 534.098 158.245 74 70.97321 26.98860 5.77689 122.02 -458.28 47.28 5.614e+12 2.792e+13 3.761e+13 0.01111 158.24533 1.1469e+13 1.2072e+13 6.0361e+12 1.2072e+12 0.0000e+00 107.63107 0.00 0.02267 0.46182 0.13215 96.18825 -39.96613 -90.21387 0.14771 0.00000 87.98036 -31.00670 -6.37782 0.8060 1.426e+13 1.388e+13
64 84 3.9235e+12 275.80 213.94 373.543 100.730 34 71.13980 27.07597 5.67755 -170.75 -549.70 295.57 8.205e+12 -1.084e+13 -6.441e+12 0.02686 100.72990 3.9235e+12 3.9235e+12 1.8108e+12 0.0000e+00 0.0000e+00 93.39197 0.00 0.04320 0.34951 0.10432 32.79769 137.72539 25.57436 0.00000 0.00000 0.00000 0.00000 0.00000 0.6239 3.584e+12 3.923e+12
65 89 7.2434e+12 351.38 334.13 458.244 89.521 53 71.89758 29.28408 5.99332 -81.34 -306.86 370.79 -1.532e+13 -1.046e+14 1.066e+13 0.06576 89.52074 7.5452e+12 8.4506e+12 6.6398e+12 2.1127e+12 0.0000e+00 19.73964 51.07 0.10976 0.51554 0.01932 34.55792 -49.79778 78.13227 0.53828 0.00000 31.19875 -22.01972 61.26081 0.7334 7.573e+12 6.036e+12
66 91 3.8631e+13 600.90 647.36 800.627 192.191 90 71.89128 30.11595 6.21007 -20.20 -761.51 193.00 -1.240e+14 6.034e+14 -4.915e+13 0.02459 184.67119 3.8631e+13 4.2253e+13 3.4104e+13 1.8108e+13 5.1307e+12 98.04562 95.51 0.03922 0.64483 0.34485 134.03091 -52.67224 66.17999 0.86252 0.32266 6.53237 86.57494 50.88974 0.7713 3.691e+13 3.652e+13
67 90 1.2676e+13 457.67 408.13 552.217 68.467 67 72.40653 30.00636 6.42476 -469.38 -557.24 -148.09 -3.261e+13 -4.240e+13 4.046e+12 0.01992 68.46749 1.3280e+13 1.2676e+13 1.1167e+13 8.7524e+12 2.4145e+12 57.23727 9.19 0.02181 0.47905 0.38335 93.62582 -64.52516 -53.19237 0.22060 0.12311 81.66759 -41.33213 -38.78099 0.5541 1.296e+13 8.149e+12
68 60 6.3983e+13 698.37 718.08 947.266 277.970 294 42.75923 41.16495 81.27541 197.19 -257.48 -215.24 -2.822e+14 -1.145e+12 8.570e+13 0.00647 259.52460 6.3983e+13 6.7001e+13 5.4024e+13 3.2897e+13 8.4506e+12 39.07235 52.32 0.00807 0.51184 0.37585 -6.87459 122.64984 112.76748 0.69386 0.48877 1.67140 78.09199 84.79217 0.6372 5.636e+13 7.002e+13
69 78 6.5492e+13 694.54 722.17 954.655 280.268 288 39.28417 23.17290 60.18136 182.34 192.14 -253.91 4.967e+14 -2.499e+14 -1.231e+14 0.01194 311.40860 6.5492e+13 6.7605e+13 5.3722e+13 3.3802e+13 1.2676e+13 69.80457 46.23 0.01500 0.47252 0.39703 -17.25656 -11.24614 141.64980 0.55085 0.49613 8.12960 -8.50406 100.24908 0.6392 5.727e+13 7.002e+13
70 68 2.8672e+13 618.64 598.99 724.883 78.008 173 4.69832 5.24848 77.94095 -60.57 458.23 149.84 -2.835e+14 -4.707e+14 1.166e+13 0.04904 78.00825 2.8672e+13 3.0181e+13 2.4145e+13 1.6901e+13 9.0542e+12 38.40880 2.63 0.05734 0.76603 0.52172 6.57386 -5.30290 105.39684 0.72261 0.54661 29.37741 -27.58894 67.93790 0.6405 2.806e+13 1.479e+13
71 69 2.2334e+13 480.66 474.79 666.966 271.974 113 4.41677 6.50666 76.35191 -101.87 79.07 418.88 -1.493e+14 1.695e+14 4.242e+13 0.02927 271.97379 2.2334e+13 2.5352e+13 1.7505e+13 8.7524e+12 4.2253e+12 16.26931 4.01 0.03635 0.58858 0.40234 30.20567 -6.01096 113.48879 0.91352 0.56176 56.98362 44.45560 -5.78442 0.6051 2.221e+13 3.380e+13
72 61 5.7343e+12 312.97 351.38 423.914 114.361 35 86.95526 47.95338 70.86691 -87.12 143.21 -223.26 -7.595e+13 -4.598e+13 9.193e+13 0.05803 114.36111 5.7343e+12 6.3380e+12 4.5271e+12 2.1127e+12 0.0000e+00 33.95809 0.00 0.19492 0.27468 0.19191 63.33785 133.09373 -18.14236 0.60976 0.46661 61.96814 122.97863 -12.53282 1.0724 5.761e+12 6.338e+12
73 61 1.6599e+13 491.27 426.95 604.154 82.668 56 86.94605 48.30056 71.03065 -19.91 -167.57 -209.50 9.758e+13 -3.951e+13 6.310e+13 0.02876 82.66780 1.6599e+13 1.7203e+13 1.5392e+13 1.2374e+13 0.0000e+00 59.93508 0.00 0.03184 0.69827 0.50320 0.53502 140.67043 58.88644 0.57705 0.46317 4.44358 121.46823 1.77376 0.5482 1.693e+13 1.056e+13
74 62 3.0181e+13 563.57 564.39 737.383 147.496 170 87.09320 51.23471 70.03303 -181.09 -443.43 -251.12 -3.892e+12 1.410e+14 6.147e+12 0.01115 147.49606 3.0181e+13 3.0483e+13 2.8068e+13 1.7505e+13 5.4325e+12 79.27039 0.00 0.01352 0.80974 0.51695 -21.26905 -23.04329 131.55974 0.44946 0.34445 -46.69650 50.06740 85.11629 0.6250 2.786e+13 2.565e+13
75 59 5.6136e+13 688.78 737.89 906.841 159.212 277 34.80947 7.27833 40.80615 103.50 438.83 2.58 -1.321e+14 1.730e+14 -2.010e+14 0.00760 189.99141 5.6136e+13 5.7947e+13 5.1005e+13 2.9577e+13 9.0542e+12 116.30186 27.92 0.01009 0.77040 0.40513 59.52340 -74.04591 112.27179 0.70380 0.33685 48.13320 -2.94148 100.83751 0.6949 5.210e+13 4.286e+13
76 64 5.2213e+13 640.25 665.24 885.201 340.444 276 64.81672 4.85474 71.42307 -48.26 115.69 -128.60 -1.990e+14 -2.493e+14 2.987e+14 0.01379 323.09271 5.2213e+13 5.4627e+13 4.1649e+13 2.5654e+13 1.1167e+13 36.85621 20.85 0.01679 0.56558 0.47086 69.65231 120.25628 38.58294 0.72066 0.54860 41.31709 87.82772 26.86972 0.6201 4.628e+13 6.851e+13
77 65 6.3380e+12 327.85 304.38 438.295 104.098 25 43.13903 82.32854 45.08857 316.43 504.51 119.02 3.870e+13 3.396e+13 -3.611e+13 0.04378 104.09786 6.3380e+12 6.3380e+12 5.7343e+12 0.0000e+00 0.0000e+00 21.48973 37.25 0.08118 0.22488 0.03438 -94.62679 -145.83823 147.03214 0.00000 0.00000 0.00000 0.00000 0.00000 0.7606 5.748e+12 5.734e+12
78 66 1.0865e+13 387.76 406.63 524.559 139.645 57 43.10914 83.38293 45.37059 155.50 418.67 90.23 1.323e+13 -1.218e+14 -1.856e+13 0.03327 139.64456 1.0865e+13 1.1469e+13 6.6398e+12 4.2253e+12 0.0000e+00 73.48431 0.00 0.06515 0.59680 0.38576 -78.17476 96.54690 3.79709 0.53842 0.10654 52.10952 -23.36081 55.44435 0.8168 1.074e+13 1.147e+13
79 67 4.4366e+13 617.29 632.94 838.428 252.730 190 42.98671 85.55905 45.68057 218.24 43.33 -30.34 2.489e+14 -5.569e+14 -1.299e+14 0.02448 233.23698 4.4366e+13 4.4969e+13 3.8330e+13 2.4446e+13 6.3380e+12 39.05204 25.36 0.03143 0.68974 0.47871 152.66785 23.28823 32.87842 0.43033 0.36245 108.46913 30.35610 49.75330 0.6466 3.902e+13 4.919e+13
80 70 2.8370e+13 523.74 520.31 722.331 250.096 196 34.32969 14.37295 42.88778 451.12 166.59 -155.87 -1.404e+14 3.501e+13 -2.264e+13 0.01186 250.09625 2.8370e+13 2.9275e+13 2.4145e+13 1.2676e+13 0.0000e+00 128.34448 1.62 0.01555 0.62967 0.42646 153.68507 59.61490 -44.28687 0.68011 0.39876 106.95619 45.96343 -23.99992 0.6323 2.983e+13 3.923e+13
81 71 4.8289e+12 290.97 190.66 400.313 132.579 71 35.84020 15.58574 43.14085 376.90 8.63 -606.64 -2.430e+12 1.513e+13 2.394e+13 0.04439 132.57941 5.1307e+12 5.1307e+12 0.0000e+00 0.0000e+00 0.0000e+00 91.14334 33.85 0.05773 0.48555 0.02578 100.63068 237.98875 67.60772 0.00000 0.00000 0.00000 0.00000 0.00000 0.4287 8.030e+12 5.433e+12
82 100 4.4969e+13 654.03 680.27 842.213 137.689 219 66.42865 95.91485 66.32184 -79.76 351.59 -193.02 9.697e+13 -7.403e+13 -1.158e+14 0.00666 150.96407 4.4969e+13 4.6177e+13 3.9235e+13 2.6559e+13 1.0865e+13 92.33170 26.79 0.00829 0.48607 0.36538 -65.95966 105.90233 40.70815 0.37216 0.33423 -57.59180 88.11277 27.79410 0.6645 4.034e+13 3.018e+13
83 75 2.9577e+13 530.86 532.49 732.434 255.607 108 53.50098 55.41061 37.21987 -39.76 -41.12 -8.99 1.420e+14 -1.190e+13 2.935e+14 0.02343 255.60651 2.9577e+13 3.1086e+13 2.3843e+13 9.9596e+12 3.3199e+12 147.96724 0.00 0.03232 0.49643 0.19693 -45.26164 -79.18985 96.81686 0.19652 0.02719 -41.34374 -31.07434 71.97247 0.6655 2.678e+13 3.410e+13
84 77 7.5452e+12 350.95 289.35 464.522 101.452 37 53.68073 55.72699 36.98155 -347.70 -266.79 426.54 -4.192e+13 1.990e+13 5.153e+13 0.05153 101.45234 7.5452e+12 7.5452e+12 5.7343e+12 3.0181e+11 0.0000e+00 24.77322 0.00 0.06694 0.10757 0.05322 59.62046 197.41183 -57.45774 0.00000 0.00000 0.00000 0.00000 0.00000 0.5570 6.873e+12 6.640e+12
85 76 1.3883e+13 525.74 469.75 569.219 43.573 99 52.80211 56.29936 37.05697 521.41 -447.78 83.13 5.960e+12 -4.000e+13 -3.021e+13 0.01333 43.57292 1.3883e+13 1.5996e+13 1.1469e+13 8.4506e+12 4.5271e+12 46.81987 0.00 0.01764 0.65995 0.47941 9.76210 39.51797 82.50665 0.75455 0.70664 21.82800 26.34162 58.86997 0.7029 2.760e+13 5.433e+12
86 103 5.2816e+13 693.49 714.86 888.599 142.235 201 79.48991 85.63316 5.04169 -53.72 184.18 208.00 4.516e+14 -3.073e+14 2.081e+14 0.01756 154.26274 5.2816e+13 5.4325e+13 4.9195e+13 3.4406e+13 9.3560e+12 95.07280 39.21 0.02203 0.43006 0.25878 117.46627 -32.06920 -79.12325 0.31395 0.22264 82.89681 -31.57439 -67.74380 0.6648 4.984e+13 3.893e+13
87 103 6.3380e+12 452.14 381.68 438.295 22.143 26 79.15166 85.74192 5.25058 -548.77 267.91 318.78 -1.584e+13 -2.148e+13 -2.193e+12 0.03591 22.14289 7.2434e+12 6.3380e+12 6.3380e+12 5.4325e+12 3.6217e+12 5.10937 35.75 0.03456 0.75434 0.66972 -35.58302 26.91549 53.55626 0.69149 0.50669 -41.68272 12.57920 51.24830 0.5606 1.037e+13 2.113e+12
88 85 1.1770e+13 457.49 382.47 538.743 59.348 62 42.81062 29.98425 74.93698 370.86 126.48 -241.88 4.996e+13 5.137e+13 -9.088e+13 0.05002 59.34789 1.1770e+13 1.2072e+13 1.0563e+13 8.7524e+12 0.0000e+00 22.07169 0.00 0.05324 0.56606 0.33023 111.65176 52.47545 -5.93862 0.38132 0.19619 92.48357 40.87265 2.81214 0.5241 1.595e+13 6.338e+12
89 86 9.0542e+12 366.04 329.95 493.629 127.274 60 43.43830 30.38486 74.94679 39.75 -88.64 -411.05 9.264e+13 -8.248e+13 -6.959e+13 0.08179 127.27362 9.0542e+12 9.0542e+12 7.5452e+12 4.2253e+12 0.0000e+00 88.94852 42.35 0.10132 0.73362 0.58608 103.34520 -54.26980 19.87370 0.46435 0.15032 90.85848 -32.46556 34.72351 0.5690 8.081e+12 9.054e+12
90 87 7.5452e+12 340.20 320.44 464.522 137.738 43 44.73424 30.39052 73.99390 113.95 -92.09 -55.14 -1.252e+14 4.784e+12 4.095e+13 0.08061 137.73766 7.5452e+12 7.8470e+12 5.4325e+12 3.9235e+12 0.0000e+00 69.59158 49.10 0.12725 0.81362 0.65237 69.48193 87.38124 -50.48537 0.46738 0.08108 46.73383 82.97503 38.50212 0.7055 7.013e+12 8.451e+12
91 88 1.3581e+13 567.24 488.83 565.064 31.478 71 46.24902 30.37372 73.41515 -171.83 -76.04 -148.07 5.753e+13 -1.269e+13 5.050e+12 0.02041 31.47761 1.3581e+13 1.4789e+13 1.2676e+13 9.6578e+12 6.9416e+12 27.20446 0.00 0.02143 0.73135 0.70958 69.69296 -37.93086 -13.19785 0.87343 0.62732 62.32000 -21.75592 -15.87092 0.6180 1.739e+13 5.433e+12
92 93 3.9839e+13 611.90 631.30 808.881 199.679 236 52.62501 44.28012 44.53946 30.76 -245.43 47.03 -7.703e+14 4.208e+14 -4.914e+14 0.04858 174.86513 3.9839e+13 4.1046e+13 3.4406e+13 2.3843e+13 5.7343e+12 90.07924 68.31 0.06065 0.61505 0.41079 16.23377 111.32455 -74.22754 0.50713 0.31344 6.68685 79.01019 -72.94751 0.6480 3.493e+13 3.893e+13
93 104 6.0361e+11 168.04 0.00 200.157 23.288 196 69.22357 77.48392 47.81502 248.90 85.59 350.55 0.000e+00 0.000e+00 0.000e+00 0.00000 23.28768 6.0361e+11 6.0361e+11 6.0361e+11 0.0000e+00 0.0000e+00 123.96063 0.00 0.00000 0.00000 0.00000 0.00000 0.00000 0.00000 0.00000 0.00000 0.00000 0.00000 0.00000 0.0000 5.972e+12 0.000e+00
94 81 3.3199e+12 262.89 191.89 353.311 88.093 76 28.67579 11.10574 42.10973 326.00 302.15 -200.35 8.807e+12 -8.319e+12 -4.820e+13 0.12011 88.09253 3.3199e+12 4.2253e+12 1.2072e+12 9.0542e+11 0.0000e+00 43.18151 0.00 0.18847 0.74487 0.41103 76.38593 -12.63401 99.12986 0.59513 0.49704 24.19307 97.07774 7.63279 0.5704 5.696e+12 3.320e+12
95 82 5.1307e+13 677.58 680.73 880.055 192.782 219 65.56397 64.39922 39.44508 -74.13 -16.40 232.21 -3.178e+14 -7.394e+14 4.231e+14 0.03236 167.09796 5.1307e+13 5.3420e+13 4.7082e+13 3.1388e+13 1.4185e+13 88.37722 25.93 0.03596 0.97472 0.82521 -62.95502 -41.98984 93.10435 0.88699 0.64356 66.34044 25.23421 60.34237 0.5910 4.730e+13 4.708e+13
96 95 1.2072e+12 182.21 434.14 252.182 94.389 43 67.87953 24.95668 12.83268 233.17 63.27 59.19 2.876e+12 1.828e+13 2.711e+13 1.38775 94.38899 1.2072e+12 1.2072e+12 0.0000e+00 0.0000e+00 0.0000e+00 97.24957 196.00 0.67191 0.59702 0.41319 140.91331 -8.33609 -57.54428 0.00000 0.00000 0.00000 0.00000 0.00000 11.3146 5.639e+12 1.811e+12
97 96 3.0181e+12 264.54 136.13 342.263 63.292 55 67.26215 25.36863 13.95171 31.10 3.66 -66.32 2.041e+12 2.530e+12 2.397e+12 0.01532 63.29175 3.0181e+12 3.9235e+12 2.7163e+12 0.0000e+00 0.0000e+00 78.27177 11.00 0.01795 0.56518 0.31486 -81.70293 8.83084 156.65274 0.00000 0.00000 0.00000 0.00000 0.00000 0.2876 7.870e+12 2.113e+12
98 97 1.2676e+13 404.00 383.86 552.217 166.018 124 66.58107 25.69440 15.65642 53.62 -83.67 -138.07 1.871e+13 -3.809e+13 -6.385e+13 0.02270 166.01846 1.2676e+13 1.4789e+13 1.0261e+13 3.9235e+12 1.5090e+12 79.74538 31.76 0.03117 0.48691 0.44306 -51.66700 54.83143 106.28141 0.59092 0.41833 54.12592 -23.57244 -43.52686 0.6374 1.401e+13 1.660e+13
99 98 4.4667e+13 624.66 653.81 840.325 244.179 218 86.38668 14.32261 0.27741 -153.80 3.80 104.24 -4.824e+13 4.130e+13 -2.269e+14 0.00973 211.47292 4.4969e+13 4.4969e+13 3.8631e+13 2.4145e+13 1.0563e+13 74.60246 33.08 0.01174 0.46060 0.25541 115.75570 5.77030 -46.65875 0.50834 0.21341 85.75770 16.75536 -43.68391 0.6300 3.934e+13 4.950e+13
100 94 4.8893e+13 635.38 661.48 866.028 514.777 121 39.53771 4.79137 5.39469 22.51 404.95 117.60 2.020e+14 -2.085e+15 1.884e+15 0.08401 251.13510 4.8893e+13 5.1609e+13 3.8028e+13 2.1730e+13 5.7343e+12 138.11203 81.20 0.12076 0.42641 0.21868 -91.44235 86.25924 115.26595 0.63847 0.21151 -34.40242 42.80122 93.05563 0.7064 4.383e+13 6.459e+13
101 94 2.0523e+13 515.00 509.41 648.430 101.174 94 39.34320 5.02943 5.75625 -127.71 37.77 -322.00 1.792e+14 -1.357e+14 2.806e+14 0.05167 101.17416 2.0523e+13 2.1127e+13 1.7505e+13 1.3581e+13 0.0000e+00 37.85619 12.93 0.06549 0.64207 0.42177 -18.96689 118.26196 91.77930 0.80302 0.37330 -51.51620 90.90737 54.52190 0.6579 1.971e+13 1.539e+13
102 139 2.7464e+13 553.55 568.57 714.563 130.167 212 90.29665 12.66204 99.52180 -148.35 376.34 176.21 -2.881e+13 7.025e+13 2.961e+14 0.02518 130.16745 2.7464e+13 2.8370e+13 2.5955e+13 1.2978e+13 4.5271e+12 125.03980 0.00 0.03426 0.47963 0.41517 -16.94588 114.87086 86.36720 0.26055 0.24066 -39.16366 73.49255 81.31678 0.6919 2.678e+13 2.233e+13
103 101 2.1730e+13 549.20 545.20 660.903 80.867 160 78.65006 74.30053 55.95535 -499.11 -182.91 -252.62 -1.009e+12 -5.638e+13 5.351e+13 0.01080 80.86704 2.1730e+13 2.2636e+13 1.9617e+13 1.5694e+13 6.3380e+12 59.32565 0.00 0.01287 0.57968 0.50332 124.52396 -12.31518 6.97371 0.42391 0.38475 102.80762 13.20720 22.34668 0.6519 2.178e+13 1.388e+13
104 102 1.8108e+12 225.55 141.75 288.676 49.755 51 80.92655 73.68107 55.03064 -560.08 -35.67 20.61 3.246e+12 2.121e+12 3.387e+12 0.03730 49.75510 1.8108e+12 1.8108e+12 1.8108e+12 6.0361e+11 0.0000e+00 45.62516 0.00 0.05363 0.52681 0.00000 53.12656 -32.02282 -19.89681 0.00000 0.00000 0.00000 0.00000 0.00000 0.4599 3.701e+12 9.054e+11
105 111 7.8470e+12 369.88 402.86 470.635 78.206 72 66.56525 24.27618 89.65341 6.35 200.67 231.58 3.793e+13 6.226e+13 -9.472e+12 0.00981 78.20586 7.8470e+12 8.7524e+12 6.3380e+12 4.2253e+12 2.1127e+12 44.24232 149.86 0.06648 0.74109 0.45670 -20.04687 80.06097 -53.30970 0.43061 0.31257 -12.48046 -49.39002 62.43265 0.9864 9.264e+12 5.131e+12
106 112 3.5915e+13 588.97 598.60 781.404 221.926 116 66.66103 24.75252 89.45895 244.00 -207.97 61.48 -6.826e+14 3.711e+14 -3.691e+14 0.05079 173.93251 3.6217e+13 3.7424e+13 3.2595e+13 2.0221e+13 6.0361e+12 87.80315 56.95 0.06165 0.74503 0.56174 43.41856 98.83057 -77.42611 0.94132 0.58820 49.75003 40.84820 67.76952 0.6303 3.290e+13 3.833e+13
107 106 3.4104e+13 581.96 599.45 768.044 168.811 156 1.65741 19.28807 53.05509 -195.22 320.51 -147.64 -5.617e+13 -4.252e+14 3.724e+14 0.03493 163.92389 3.4104e+13 3.5010e+13 3.1086e+13 1.6901e+13 7.8470e+12 60.68111 25.08 0.04437 0.61347 0.34333 -46.92671 113.49508 42.13945 0.62932 0.45230 -15.79309 88.00502 8.55250 0.6586 3.093e+13 3.169e+13
108 105 4.2253e+12 276.04 229.71 382.886 153.715 36 0.90749 20.33857 53.60818 -21.25 -29.54 -175.84 3.965e+13 -1.848e+13 -2.447e+13 0.07751 153.71527 4.2253e+12 4.8289e+12 1.8108e+12 6.0361e+11 0.0000e+00 72.97251 40.87 0.12716 0.16734 0.04219 61.46099 101.67931 65.44103 0.00000 0.00000 0.00000 0.00000 0.00000 0.6352 4.166e+12 6.338e+12
109 152 1.4185e+13 462.33 465.23 573.314 82.060 111 66.61420 84.46863 46.56411 131.62 -56.26 -83.69 4.805e+13 7.977e+13 2.946e+13 0.02453 82.06020 1.4185e+13 1.5392e+13 1.2374e+13 8.7524e+12 4.5271e+12 85.02193 0.00 0.03292 0.78480 0.46545 -5.71802 72.70130 77.77897 0.67020 0.47432 -18.91493 58.82807 64.87067 0.6930 1.631e+13 8.752e+12
110 169 1.5090e+13 479.53 395.41 585.262 76.943 79 65.67049 85.98977 45.15886 227.19 -76.40 90.29 1.863e+14 -6.175e+13 5.699e+13 0.05911 76.94320 1.5090e+13 1.5090e+13 1.3280e+13 9.0542e+12 0.0000e+00 12.50775 0.00 0.06215 0.55030 0.43499 -9.39457 143.41681 -49.79830 0.04532 0.00000 -17.38035 151.17287 -27.19862 0.4830 1.381e+13 9.054e+12
111 110 4.4064e+13 624.61 608.67 836.523 256.390 181 37.74052 10.65609 9.13585 -169.32 313.24 -74.35 1.030e+15 -7.614e+14 8.213e+14 0.06972 201.89899 4.4064e+13 4.5875e+13 3.8330e+13 2.0221e+13 1.1167e+13 22.45143 53.33 0.07755 0.63962 0.33802 114.21214 -36.98733 -52.65328 0.64309 0.27116 94.70448 -20.47613 -0.00831 0.5529 3.855e+13 4.859e+13
112 99 4.7082e+13 634.43 615.36 855.201 391.669 176 89.78852 34.73574 66.08070 -9.29 -168.68 -268.56 -6.806e+14 -1.684e+13 3.376e+13 0.02720 219.53305 4.7082e+13 4.7686e+13 4.2555e+13 2.0825e+13 1.0865e+13 35.75400 56.48 0.03111 0.83030 0.47138 36.22660 117.22138 -29.42033 0.92666 0.46521 14.83826 72.23351 40.46741 0.5698 4.242e+13 5.312e+13
113 116 4.0442e+13 628.66 637.93 812.946 200.409 173 69.40555 37.88349 55.49747 -27.18 -250.40 -13.66 -4.781e+14 4.747e+14 -1.973e+13 0.03285 149.82622 4.0442e+13 4.3158e+13 3.6821e+13 2.6257e+13 9.0542e+12 78.41737 53.39 0.03963 0.58864 0.39050 81.48611 123.06602 -31.73870 0.40702 0.38797 66.29802 95.31760 -37.85432 0.6345 3.676e+13 4.044e+13
114 117 2.8672e+13 583.07 577.96 724.883 105.229 171 90.17651 91.26107 22.98119 -54.88 398.35 -15.36 -5.631e+13 9.795e+13 1.065e+14 0.01458 105.22887 2.8672e+13 2.9879e+13 2.8068e+13 1.9919e+13 7.8470e+12 63.05832 0.00 0.01620 0.93457 0.52728 37.71001 79.00227 77.70702 0.62928 0.45234 60.00247 66.76190 24.39792 0.6046 2.953e+13 1.992e+13
115 121 2.2937e+13 554.25 470.79 672.922 86.104 168 66.28130 92.87605 27.34346 200.15 293.32 28.80 3.187e+14 -1.204e+14 -2.133e+14 0.05580 86.10357 2.2937e+13 2.3541e+13 1.6599e+13 1.1167e+13 7.5452e+12 42.94448 15.18 0.06082 0.77415 0.41962 -15.21654 -8.34692 111.99241 0.67613 0.49944 -25.18779 -57.36110 57.18726 0.5295 2.497e+13 1.117e+13
116 122 2.5654e+13 620.90 600.62 698.500 62.681 147 67.50791 81.80486 47.29544 -2.15 73.37 -170.72 1.574e+14 3.216e+13 2.120e+14 0.02903 62.68073 2.5654e+13 2.7163e+13 2.3541e+13 2.0221e+13 6.0361e+12 28.35073 0.00 0.03340 0.80653 0.49113 -17.43311 106.65077 39.03242 0.78543 0.37189 -3.25728 87.84460 48.48803 0.6517 2.763e+13 1.358e+13
117 120 3.0784e+13 584.85 577.16 742.267 90.747 163 39.07605 83.66220 96.26999 223.37 205.61 46.51 -2.506e+14 -1.074e+14 4.690e+13 0.02201 121.43301 3.0784e+13 3.0784e+13 2.7766e+13 1.8108e+13 7.8470e+12 57.96113 5.61 0.02564 0.71602 0.40641 57.81575 105.99416 22.19373 0.62272 0.42146 51.96524 61.07051 50.33424 0.6137 2.869e+13 1.750e+13
118 107 3.6217e+12 264.23 174.89 363.709 121.499 161 17.06933 9.84832 1.74564 299.62 164.30 172.62 -3.066e+13 -7.494e+12 9.450e+12 0.08067 121.49917 3.6217e+12 3.6217e+12 1.8108e+12 6.0361e+11 0.0000e+00 57.31302 10.53 0.10808 0.00000 0.00000 0.12016 55.16434 109.25555 0.00000 0.00000 0.00000 0.00000 0.00000 0.4283 1.647e+13 6.036e+12
119 136 3.2595e+13 554.01 553.69 756.545 279.428 130 52.47165 52.49408 39.13562 217.58 -110.68 -159.94 1.187e+14 -3.063e+14 -4.315e+13 0.02290 224.65285 3.2595e+13 3.3199e+13 2.7464e+13 1.7505e+13 5.1307e+12 66.21915 8.67 0.02791 0.92495 0.33131 95.68587 -71.66228 43.72244 0.76163 0.27617 -66.93630 -26.31529 71.43643 0.6074 2.868e+13 3.682e+13
120 138 3.0181e+13 580.12 559.91 737.383 121.751 155 61.31080 27.40290 86.93218 294.83 -268.67 124.38 -1.123e+14 -5.221e+14 -2.065e+12 0.04318 121.75130 3.0181e+13 3.1388e+13 2.5955e+13 1.9617e+13 4.8289e+12 39.52893 3.75 0.05115 0.79451 0.55588 -69.59598 -18.63040 111.02229 0.91865 0.50217 28.89371 -35.38122 95.76270 0.6118 2.692e+13 2.143e+13
121 125 2.0221e+13 485.36 474.99 645.236 146.039 137 99.44963 25.02829 71.05673 -378.02 81.08 101.05 -8.070e+13 7.653e+13 -1.756e+14 0.03119 146.03868 2.0221e+13 2.1428e+13 1.7505e+13 9.0542e+12 3.9235e+12 114.30850 11.17 0.03881 0.89394 0.75877 -64.15251 -25.47875 87.45928 0.85701 0.66244 60.56793 -24.78048 -43.78621 0.6143 1.810e+13 1.841e+13
122 130 9.0542e+11 172.38 111.94 229.122 51.784 62 61.30274 9.25740 87.07869 213.17 109.76 142.31 -3.627e+12 -6.232e+12 2.230e+12 0.32746 51.78391 9.0542e+11 1.8108e+12 0.0000e+00 0.0000e+00 0.0000e+00 83.31486 121.90 0.24956 0.00000 0.00000 0.00000 0.00000 0.00000 0.00000 0.00000 0.00000 0.00000 0.00000 7.8157 8.712e+12 6.036e+11
123 131 1.5694e+13 454.68 380.97 592.963 115.851 91 62.49546 9.67299 89.00352 94.42 177.97 -15.18 -3.460e+12 -4.029e+13 9.872e+13 0.02667 115.85053 1.5694e+13 1.7203e+13 9.6578e+12 5.1307e+12 3.9235e+12 52.30807 0.00 0.03039 0.39248 0.24037 69.46912 -15.94933 -68.25298 0.51539 0.06279 -33.06978 34.10933 40.39421 0.4995 1.470e+13 1.026e+13
124 201 3.9235e+12 285.13 196.92 373.543 75.414 41 60.37795 79.58343 32.49353 346.85 134.21 13.88 9.943e+12 2.489e+13 4.984e+12 0.05941 75.41368 3.9235e+12 4.2253e+12 3.9235e+12 3.0181e+11 0.0000e+00 39.04673 0.00 0.07826 0.23948 0.20020 26.12934 108.96204 27.43502 0.00000 0.00000 0.00000 0.00000 0.00000 0.4892 5.617e+12 2.716e+12
125 171 1.5996e+13 442.14 378.79 596.740 155.094 89 60.34348 83.14810 33.81208 342.73 -15.61 9.86 -1.047e+11 -4.037e+13 -1.512e+14 0.03582 155.09436 1.5996e+13 1.6901e+13 1.3883e+13 5.7343e+12 0.0000e+00 30.86891 0.00 0.04319 0.69936 0.20233 11.85871 135.83168 16.00513 0.09189 0.01098 -18.80504 102.03719 30.34897 0.5429 1.461e+13 1.630e+13
126 126 1.9617e+13 511.33 508.27 638.750 95.250 101 29.82400 24.36263 15.38988 273.03 -454.08 46.38 -1.127e+14 -1.616e+13 -3.886e+13 0.02001 95.25017 1.9617e+13 2.0221e+13 1.7807e+13 1.4185e+13 5.1307e+12 52.48231 0.00 0.02363 0.66121 0.23006 99.65375 -37.06918 -42.39054 0.67554 0.20132 75.86039 -33.79532 -43.90427 0.6312 1.902e+13 1.418e+13
127 127 7.2434e+12 341.57 286.47 458.244 112.368 51 32.65843 24.07671 16.72334 76.11 -367.67 -47.66 2.248e+13 5.337e+12 -1.027e+13 0.01998 112.36772 7.2434e+12 7.5452e+12 5.1307e+12 3.9235e+12 0.0000e+00 19.91493 0.00 0.02613 0.06415 0.00000 284.19586 -46.88020 64.50117 0.30526 0.14698 55.91228 -12.92727 137.06285 0.5667 6.744e+12 7.243e+12
128 140 1.3280e+13 469.14 425.55 560.847 66.420 98 96.18720 96.14916 92.62057 51.35 552.23 381.88 -4.020e+13 -9.826e+12 2.107e+13 0.01521 66.41978 1.3280e+13 1.4185e+13 1.2676e+13 8.4506e+12 2.7163e+12 63.11729 0.00 0.01747 0.68540 0.52520 85.94971 60.21561 40.59927 0.76103 0.65599 83.52578 5.96641 -9.97060 0.5925 1.435e+13 7.243e+12
129 141 4.2253e+12 321.11 237.87 382.886 44.772 47 97.19118 97.91133 93.51105 78.52 370.61 286.68 -5.199e+13 -6.711e+12 1.371e+13 0.11047 44.77228 4.2253e+12 4.5271e+12 3.6217e+12 3.3199e+12 0.0000e+00 84.45948 46.77 0.13748 0.30481 0.04513 60.00204 135.95938 47.02380 0.17952 0.06741 45.16154 109.20975 32.33376 0.5402 7.001e+12 1.509e+12
130 149 3.1690e+13 566.17 553.47 749.474 219.925 144 52.08805 40.45511 48.27032 125.03 -270.52 -108.23 -6.647e+14 4.325e+13 -1.905e+14 0.04899 163.81995 3.1690e+13 3.1992e+13 2.7464e+13 1.5996e+13 3.0181e+12 156.04074 4.71 0.06117 0.36285 0.13804 -53.07206 -23.18763 146.66023 0.13049 0.04164 -51.04296 -15.99710 126.30973 0.6186 2.857e+13 3.350e+13
131 151 1.1469e+13 443.99 409.83 534.098 65.227 121 75.71180 30.59078 8.32467 -361.05 -387.71 31.43 4.865e+13 1.902e+14 -2.248e+13 0.08191 65.22748 1.1469e+13 1.2676e+13 1.1167e+13 8.4506e+12 2.1127e+12 52.81156 0.00 0.09492 0.26558 0.20376 123.73519 -8.81642 49.71410 0.21258 0.03447 126.75961 14.22456 25.09631 0.6034 1.867e+13 6.338e+12
132 137 2.4748e+13 568.53 560.10 690.184 88.264 139 46.81549 93.75521 76.29234 258.76 53.94 63.17 1.062e+14 -6.952e+12 -1.390e+13 0.01207 88.26404 2.4748e+13 2.5352e+13 2.2636e+13 1.5392e+13 7.8470e+12 126.27975 0.00 0.01430 0.80310 0.48751 -76.91117 22.77984 85.24998 0.78135 0.54068 74.05882 -28.88577 -36.44828 0.6390 2.299e+13 1.328e+13
133 113 3.5010e+13 606.91 613.15 774.782 152.141 139 78.53718 25.24546 79.37341 -162.79 -237.83 -63.33 -4.804e+14 -6.353e+14 5.273e+13 0.04781 131.39722 3.5010e+13 3.5915e+13 3.1690e+13 2.2032e+13 3.3199e+12 90.69866 23.26 0.05969 0.44517 0.26718 -47.18821 -13.53554 166.10039 0.27916 0.02785 -90.11254 -6.73071 159.43915 0.6528 3.286e+13 2.958e+13
134 142 2.0523e+13 523.77 465.80 648.430 91.971 135 57.49106 29.69122 28.68309 62.96 -114.67 506.74 1.889e+14 -2.502e+13 1.268e+14 0.03451 91.97097 2.0825e+13 2.3239e+13 1.7203e+13 8.7524e+12 6.3380e+12 70.11584 13.53 0.04169 0.60132 0.39652 84.96417 76.59097 -82.02184 0.49751 0.38214 20.18127 60.78032 73.24961 0.5995 2.203e+13 1.056e+13
135 133 2.0825e+13 492.18 493.84 651.593 142.553 101 96.09189 28.92058 64.26475 -92.85 127.57 143.12 1.611e+13 -1.969e+14 5.362e+13 0.02955 142.55267 2.0825e+13 2.2032e+13 1.8410e+13 1.1167e+13 5.4325e+12 33.55437 0.00 0.03640 0.34203 0.27541 97.85979 34.04495 116.09007 0.55592 0.50926 61.64360 5.51331 63.50975 0.6283 1.896e+13 1.871e+13
136 134 4.2253e+12 293.31 211.96 382.886 75.328 32 97.50948 31.91041 63.69064 -258.00 -105.23 143.87 -2.209e+12 2.341e+13 2.069e+12 0.04287 75.32805 4.2253e+12 4.5271e+12 4.2253e+12 0.0000e+00 0.0000e+00 33.29347 27.99 0.05990 0.12398 0.00000 67.94452 -83.35221 160.84982 0.00000 0.00000 0.00000 0.00000 0.00000 0.5429 4.225e+12 2.716e+12
137 147 8.7524e+12 361.42 297.63 488.082 127.634 43 42.01277 1.57849 23.62403 481.35 324.19 14.92 1.858e+12 -6.650e+12 4.019e+13 0.02750 127.63391 8.7524e+12 8.7524e+12 6.3380e+12 3.6217e+12 0.0000e+00 78.37924 7.01 0.03074 0.25768 0.11804 -32.71786 -51.28066 75.31516 0.32822 0.13979 -19.54281 -31.91531 53.96424 0.4706 7.641e+12 8.752e+12
138 148 1.5996e+13 524.18 457.26 596.740 56.381 89 42.75303 1.67522 23.35147 -16.39 357.67 148.95 -1.884e+13 6.753e+13 -6.633e+13 0.02605 56.38050 1.5996e+13 1.7505e+13 1.5694e+13 1.2072e+13 6.3380e+12 38.86902 11.21 0.02663 0.52157 0.38149 114.87582 -9.55678 -25.76927 0.51813 0.47145 83.59882 -22.28774 -26.52009 0.5401 1.642e+13 6.640e+12
139 143 2.0825e+13 525.74 509.17 651.593 92.985 131 38.75763 52.04356 42.60760 336.09 -121.70 -37.78 2.230e+13 -1.394e+14 9.458e+13 0.02482 92.98522 2.0825e+13 2.2032e+13 1.8712e+13 1.2676e+13 5.4325e+12 50.44995 17.03 0.03020 0.70253 0.51468 26.68271 -61.09268 77.38046 0.64538 0.50239 -5.95705 73.29375 -27.91088 0.6385 2.206e+13 1.268e+13
140 -1 3.6217e+12 263.98 325.62 363.709 123.578 126 97.32602 37.23164 63.11925 -483.36 -239.73 -110.66 3.843e+13 -3.423e+12 -1.027e+13 0.08932 123.57798 3.6217e+12 3.9235e+12 2.4145e+12 0.0000e+00 0.0000e+00 85.55474 41.38 0.13099 0.16076 0.01786 177.09010 -1.39392 66.76404 0.00000 0.00000 0.00000 0.00000 0.00000 1.4762 7.089e+12 4.829e+12
141 150 1.9919e+13 514.39 517.57 642.009 95.255 116 2.87430 1.52506 0.89734 -132.79 532.72 -44.90 -9.325e+13 -8.547e+13 -1.230e+14 0.02827 95.25503 1.9919e+13 2.0523e+13 1.9617e+13 1.2978e+13 5.7343e+12 91.36580 0.00 0.03378 0.76945 0.61317 11.34159 -63.02137 83.37698 0.50327 0.37223 -30.63987 -59.71600 66.59713 0.6381 2.033e+13 1.328e+13
142 135 2.8370e+13 587.43 538.52 722.331 98.775 114 81.79783 29.79114 66.96602 -55.61 -83.86 -18.95 4.716e+14 -2.821e+14 2.261e+14 0.05688 98.77534 2.8370e+13 2.8974e+13 2.8068e+13 1.9316e+13 4.5271e+12 17.02502 0.00 0.06309 0.93715 0.71902 106.51233 81.59023 -23.91210 0.54617 0.36327 -64.53516 51.77651 85.73438 0.5712 2.955e+13 1.781e+13
143 160 6.0361e+11 174.55 0.00 200.157 19.527 47 31.27679 15.33468 10.10475 247.29 -355.22 -117.48 0.000e+00 0.000e+00 0.000e+00 0.00000 19.52708 6.0361e+11 6.0361e+11 6.0361e+11 0.0000e+00 0.0000e+00 126.54693 0.00 0.00000 0.00000 0.00000 0.00000 0.00000 0.00000 0.00000 0.00000 0.00000 0.00000 0.00000 0.0000 4.671e+12 0.000e+00
144 145 1.2374e+13 435.75 391.88 547.799 84.702 81 41.63165 21.84256 14.10838 -22.30 -254.19 173.75 3.899e+13 -8.581e+13 -4.447e+13 0.03701 84.70236 1.2374e+13 1.3280e+13 9.3560e+12 6.3380e+12 3.9235e+12 69.47054 0.00 0.04411 0.69233 0.45686 66.22916 26.68129 -61.69706 0.76348 0.49810 67.67760 28.77502 -15.22001 0.5871 1.253e+13 7.243e+12
145 146 4.5271e+12 288.45 270.16 391.793 109.020 31 42.88062 22.60177 14.40862 -196.20 -273.43 79.84 2.734e+13 4.336e+12 -4.972e+13 0.06451 109.01987 4.5271e+12 5.1307e+12 3.6217e+12 0.0000e+00 0.0000e+00 25.46589 0.00 0.12869 0.79900 0.01625 -64.76750 145.87621 31.71740 0.00000 0.00000 0.00000 0.00000 0.00000 0.7706 4.431e+12 5.131e+12
146 144 2.2937e+13 512.58 453.24 672.922 137.973 110 38.11638 27.00352 50.02256 483.85 -173.45 -151.29 -1.827e+14 8.623e+13 -1.119e+14 0.03281 137.97281 2.2937e+13 2.3541e+13 1.9919e+13 1.2374e+13 4.8289e+12 26.91536 0.00 0.03494 0.62299 0.40768 -21.30337 33.76155 113.92997 0.40009 0.32652 24.33345 2.38016 75.20526 0.4999 2.038e+13 1.901e+13
147 153 2.5352e+13 601.07 603.49 695.750 70.791 108 25.67089 58.00520 25.58668 272.81 -92.38 163.07 -5.274e+13 -1.026e+14 1.545e+13 0.01311 70.79149 2.5352e+13 2.5654e+13 2.3843e+13 2.0523e+13 8.7524e+12 82.91435 0.00 0.01491 0.56064 0.28120 91.48559 33.65081 -69.87744 0.34182 0.18494 90.39590 19.27846 -61.69884 0.6509 2.741e+13 1.298e+13
148 158 1.4487e+13 515.33 472.79 577.352 50.909 104 41.62350 29.34449 50.86963 260.96 -288.73 -254.44 -9.551e+13 -5.073e+13 8.123e+13 0.03884 50.90877 1.4487e+13 1.4789e+13 1.2676e+13 1.0865e+13 6.3380e+12 47.95999 7.64 0.04402 0.77363 0.49497 -21.41967 92.99654 -4.08144 0.73436 0.50236 -42.36685 76.59209 -19.40772 0.6275 1.530e+13 6.640e+12
149 161 1.8108e+13 459.27 417.32 621.933 167.375 102 56.43687 55.23449 25.48994 0.25 -61.58 273.79 -9.980e+13 7.184e+13 2.402e+14 0.04270 167.37508 1.8108e+13 1.8712e+13 1.5392e+13 2.7163e+12 0.0000e+00 43.20725 7.11 0.06054 0.28108 0.07716 44.13158 223.97481 -26.26372 0.84702 0.05174 11.81316 70.65019 71.81061 0.6522 1.607e+13 1.901e+13
150 157 3.9235e+12 272.00 148.64 373.543 120.159 100 95.28918 28.16764 70.44542 -120.22 -60.76 -216.01 2.506e+11 5.928e+12 -1.492e+13 0.03542 120.15923 3.9235e+12 3.9235e+12 1.8108e+12 0.0000e+00 0.0000e+00 52.18010 57.23 0.04610 0.50617 0.26418 80.71188 131.00316 -129.38797 0.00000 0.00000 0.00000 0.00000 0.00000 0.3771 1.002e+13 6.036e+12
151 123 5.4325e+12 300.73 296.43 416.343 157.228 62 76.26090 31.69569 62.02979 68.65 -66.97 -200.46 -1.178e+13 3.821e+13 3.609e+12 0.02690 157.22812 5.4325e+12 5.4325e+12 3.9235e+12 0.0000e+00 0.0000e+00 128.11926 23.34 0.06700 0.46185 0.24231 189.59840 -77.54668 81.96770 0.00000 0.00000 0.00000 0.00000 0.00000 0.8587 7.631e+12 1.026e+13
152 124 1.8108e+12 207.83 208.49 288.676 124.742 37 77.98340 30.53850 63.49239 -5.15 -14.23 -19.43 2.715e+11 3.129e+12 -8.576e+11 0.02342 124.74195 1.8108e+12 1.8108e+12 3.0181e+11 3.0181e+11 0.0000e+00 60.12868 98.91 0.03391 0.61740 0.30466 146.91139 -82.85596 -5.67650 0.00000 0.00000 0.00000 0.00000 0.00000 1.7319 5.015e+12 2.414e+12
153 164 2.8068e+13 537.14 480.92 719.760 174.561 98 4.84725 12.36683 10.15004 -163.20 -172.85 -316.88 2.952e+13 1.654e+14 1.208e+13 0.01624 174.56133 2.8068e+13 2.9577e+13 2.3541e+13 1.2978e+13 3.6217e+12 2.93344 0.00 0.01821 0.80019 0.52434 63.79547 0.81557 133.74300 0.72421 0.35527 25.72961 -18.61864 100.02670 0.5166 2.493e+13 2.746e+13
154 -1 2.7163e+12 251.26 163.69 330.451 68.664 51 65.39046 86.59629 53.30317 267.45 98.11 -280.20 2.598e+12 8.482e+12 -1.091e+13 0.05577 68.66431 2.7163e+12 4.2253e+12 1.8108e+12 6.0361e+11 0.0000e+00 85.49960 0.00 0.07452 0.94023 0.54326 9.81239 79.91511 55.10835 0.00000 0.00000 0.00000 0.00000 0.00000 0.4340 4.788e+12 2.113e+12
155 162 1.5392e+13 449.53 402.21 589.138 119.267 97 45.31254 85.93262 74.33785 190.60 308.23 82.13 -3.162e+13 5.864e+13 -5.686e+13 0.02175 119.26711 1.5392e+13 1.5694e+13 1.3883e+13 8.4506e+12 1.5090e+12 97.01836 8.37 0.02577 0.86181 0.27031 -88.82333 -21.49335 93.45400 0.25610 0.03069 41.03201 118.19657 44.91903 0.5727 1.468e+13 1.328e+13
156 159 1.9919e+13 510.39 483.89 642.009 99.612 96 78.79710 10.25091 62.37246 -150.69 180.59 -31.77 -6.875e+13 -8.941e+12 5.556e+13 0.01491 99.61186 1.9919e+13 2.0221e+13 1.5996e+13 1.3280e+13 3.6217e+12 21.86847 0.00 0.01701 0.59434 0.41489 97.60921 -17.76257 -61.72824 0.56391 0.42522 77.67091 -5.04706 -59.18765 0.5873 1.829e+13 1.328e+13
157 166 2.0523e+13 540.48 493.31 648.430 78.146 96 22.49848 13.73232 29.56257 207.10 -21.52 44.28 -1.177e+14 2.390e+14 3.679e+13 0.04358 78.14570 2.0523e+13 2.3843e+13 1.8410e+13 1.1770e+13 6.3380e+12 108.24818 0.00 0.04898 0.90298 0.41359 37.00906 -0.49926 90.11505 0.69196 0.30304 1.36583 -23.69988 81.66579 0.5815 1.992e+13 1.056e+13
158 119 2.3239e+13 525.99 488.88 675.860 119.446 95 57.93744 0.41938 67.15732 285.20 54.51 -20.42 7.829e+13 2.377e+14 8.927e+13 0.03486 119.44595 2.3239e+13 2.4145e+13 2.2334e+13 1.4487e+13 4.8289e+12 19.48004 0.00 0.03934 0.63372 0.42794 1.45398 65.56287 117.00953 0.43389 0.25701 -15.11176 38.75452 92.96867 0.5625 2.218e+13 1.871e+13
159 38 3.6217e+12 268.06 275.94 363.709 100.005 94 91.42575 46.50923 57.58954 -235.44 -458.46 309.09 -3.270e+11 7.247e+11 3.924e+12 0.00157 100.00467 3.6217e+12 3.6217e+12 2.4145e+12 3.0181e+11 0.0000e+00 62.03721 48.06 0.01314 0.15471 0.00221 68.25027 8.53298 139.72215 0.00000 0.00000 0.00000 0.00000 0.00000 0.9864 8.059e+12 3.923e+12
160 128 1.4185e+13 535.90 438.89 573.314 41.838 93 50.72743 63.68816 15.14079 164.76 -64.57 275.97 -3.692e+13 6.279e+13 -9.070e+12 0.02400 41.83821 1.4185e+13 1.4487e+13 1.3280e+13 9.9596e+12 5.4325e+12 23.18422 0.00 0.02474 0.61909 0.51571 4.26482 32.85070 95.74565 0.68977 0.33310 -21.59995 25.86310 72.07706 0.5524 1.482e+13 5.433e+12
161 168 1.9617e+13 507.52 455.95 638.750 99.424 93 70.05523 25.72176 18.68471 -330.60 -23.24 -145.02 -8.622e+13 5.292e+13 1.132e+14 0.02568 99.42426 1.9617e+13 1.9919e+13 1.5392e+13 1.1469e+13 2.4145e+12 69.29694 0.00 0.02982 0.78411 0.47156 80.89558 -63.13155 -56.82446 0.33900 0.19994 80.15108 -53.02661 -61.89971 0.5698 1.758e+13 1.268e+13
162 165 1.6599e+13 457.35 423.52 604.154 129.887 92 85.34422 71.40781 10.09727 -299.06 207.22 117.27 4.835e+13 -1.399e+12 1.133e+13 0.01188 129.88667 1.6599e+13 1.6901e+13 1.5090e+13 9.6578e+12 4.2253e+12 64.99813 0.00 0.01289 0.64748 0.40367 -32.79926 84.02530 -83.69576 0.87916 0.48307 -37.66176 -19.76851 67.59682 0.5188 1.523e+13 1.509e+13
163 163 1.3280e+13 483.61 421.06 560.847 57.554 91 62.25127 75.89925 31.75380 -46.57 87.22 68.41 -9.601e+12 9.198e+13 6.110e+13 0.03674 57.55420 1.3280e+13 1.3581e+13 1.0865e+13 8.7524e+12 3.9235e+12 49.06094 12.94 0.04171 0.82965 0.76149 37.23900 -51.53829 57.46282 0.90242 0.65285 49.73481 -30.16650 36.40817 0.5887 1.300e+13 6.036e+12
164 167 9.9596e+12 512.48 414.11 509.563 28.196 90 2.74960 12.15049 8.94449 -83.26 -136.74 -140.22 -2.389e+13 -6.373e+13 -1.258e+13 0.04011 28.19571 9.9596e+12 1.0261e+13 9.3560e+12 7.2434e+12 4.8289e+12 72.97498 0.00 0.04206 0.64110 0.33210 -53.41769 18.41419 85.31183 0.80287 0.48983 55.91558 -17.97294 -52.27419 0.5845 1.268e+13 4.225e+12
165 170 1.6298e+13 475.50 431.05 600.470 95.341 89 53.81473 38.31205 52.55816 -214.00 34.00 -86.71 5.559e+13 2.015e+13 -2.034e+13 0.01570 95.34057 1.6298e+13 1.7203e+13 1.5090e+13 1.0261e+13 3.9235e+12 73.94329 0.00 0.01672 0.80159 0.33160 40.29499 92.18969 67.17654 0.71181 0.25430 0.41116 90.62937 33.59892 0.5277 1.521e+13 1.117e+13
166 154 1.5090e+13 439.29 383.34 585.262 134.921 88 25.96535 38.28209 29.22721 289.59 -260.51 46.39 3.743e+12 -6.503e+13 -1.218e+14 0.03151 134.92137 1.5090e+13 1.6298e+13 1.4185e+13 9.0542e+11 0.0000e+00 80.67132 0.00 0.04201 0.09367 0.05776 -68.38997 211.70886 47.93260 0.42270 0.09763 -60.22967 56.53825 37.93965 0.6108 1.415e+13 1.479e+13
167 156 1.2072e+12 183.50 234.81 252.182 82.058 87 69.41647 85.00369 41.63519 -376.73 61.80 109.43 -6.976e+12 1.194e+13 2.415e+12 0.33607 82.05782 1.2072e+12 2.1127e+12 0.0000e+00 0.0000e+00 0.0000e+00 86.72423 179.26 0.28738 0.76870 0.16070 23.08186 -91.78657 145.13110 0.00000 0.00000 0.00000 0.00000 0.00000 4.3009 5.998e+12 2.113e+12
168 173 1.2676e+13 422.47 364.81 552.217 109.672 85 85.82436 21.69201 97.37020 -15.08 -348.96 250.96 5.806e+13 -3.497e+12 -4.725e+13 0.02609 109.67164 1.2676e+13 1.3581e+13 1.1770e+13 5.4325e+12 0.0000e+00 75.18012 0.00 0.03047 0.32858 0.24909 157.47614 37.44363 42.29401 0.57376 0.23192 67.24365 37.99980 77.88520 0.5387 1.198e+13 1.117e+13
169 22 5.7343e+12 327.44 205.20 423.914 78.733 84 71.94286 64.45603 51.67509 -20.49 -229.89 -682.39 8.052e+12 -2.287e+13 3.631e+11 0.03753 78.73348 6.0361e+12 6.0361e+12 5.7343e+12 3.3199e+12 0.0000e+00 32.82111 18.85 0.03699 0.77697 0.34268 78.55274 -71.55352 31.10586 0.49050 0.24894 -51.85764 81.24300 -43.37199 0.3053 5.917e+12 4.225e+12
170 176 1.5694e+13 540.04 490.49 592.963 48.058 82 23.67097 31.84115 54.49229 197.29 -108.14 1.37 4.560e+13 2.051e+13 4.666e+13 0.01874 48.05848 1.5694e+13 1.6298e+13 1.5090e+13 1.2978e+13 5.1307e+12 46.92829 0.00 0.01948 0.79736 0.73506 -36.77998 18.13122 91.33430 0.69975 0.53968 6.40531 15.48138 91.87209 0.5878 1.916e+13 6.942e+12
171 177 6.0361e+11 144.70 0.00 200.157 73.867 80 5.43133 14.12332 93.30929 -141.12 -298.77 92.70 4.744e+12 -1.761e+12 1.508e+13 2.49310 73.86738 6.0361e+11 6.0361e+11 0.0000e+00 0.0000e+00 0.0000e+00 184.99899 485.49 1.03392 0.00000 0.00000 0.00000 0.00000 0.00000 0.00000 0.00000 0.00000 0.00000 0.00000 0.0000 8.592e+12 1.207e+12
172 182 4.2253e+12 326.75 273.58 382.886 41.216 59 92.24946 12.34558 8.16396 -28.13 29.43 -282.00 3.866e+13 -4.214e+13 -9.677e+12 0.13149 41.21613 4.2253e+12 5.4325e+12 4.2253e+12 3.0181e+12 1.5090e+12 96.96783 0.00 0.14716 0.87647 0.36940 7.05667 88.28860 13.53930 0.62225 0.25294 4.89782 92.40984 -2.07417 0.5319 7.885e+12 2.113e+12
173 179 1.3883e+13 509.92 396.07 569.219 49.422 78 61.55533 41.36172 67.79432 -52.56 -256.35 -315.35 -1.181e+13 1.361e+14 -3.752e+13 0.04671 49.42165 1.3883e+13 1.4487e+13 1.0865e+13 7.8470e+12 4.8289e+12 33.61568 0.00 0.04950 0.66928 0.46696 -54.76750 -50.94093 65.57829 0.91192 0.64828 58.53764 26.97264 18.59707 0.5106 1.373e+13 4.829e+12
174 180 9.9596e+12 369.23 302.48 509.563 178.771 77 93.00021 98.09704 13.43162 66.28 357.26 30.54 -3.054e+13 1.824e+13 -5.858e+13 0.03543 178.77080 9.9596e+12 9.9596e+12 7.8470e+12 4.8289e+12 1.5090e+12 13.50473 8.73 0.04165 0.35883 0.13557 22.94268 84.79648 -10.08709 0.40360 0.08667 -1.37575 67.64201 -4.50531 0.5016 9.621e+12 1.328e+13
175 196 1.2978e+13 561.84 498.33 556.565 30.382 77 49.54462 54.01942 38.03725 621.13 -112.02 185.86 2.104e+13 -7.124e+11 9.895e+12 0.00877 30.38218 1.2978e+13 1.4487e+13 1.0865e+13 9.6578e+12 8.1488e+12 47.59964 0.00 0.00910 0.56450 0.52060 -5.76163 77.22874 -17.56019 0.53890 0.41146 -0.46768 71.46898 -20.51137 0.6255 1.922e+13 5.131e+12
176 183 1.7203e+13 517.94 482.71 611.390 68.119 75 20.83896 12.72896 44.59181 380.11 32.02 -129.30 7.275e+13 5.147e+13 -5.953e+13 0.02254 68.11868 1.7203e+13 1.8410e+13 1.4185e+13 1.0865e+13 5.7343e+12 32.65077 0.00 0.02619 0.90968 0.36271 72.96364 61.63962 24.00442 0.23719 0.07837 84.97077 1.54015 -25.51019 0.6231 1.632e+13 9.054e+12
177 178 1.1770e+13 407.36 338.50 538.743 116.890 74 74.41969 57.80898 50.56724 -725.88 210.77 69.33 7.351e+13 -8.966e+13 -1.520e+13 0.04896 116.88965 1.2374e+13 1.1770e+13 9.9596e+12 6.0361e+12 0.0000e+00 22.34665 35.61 0.05379 0.42211 0.33224 86.88929 114.21584 -84.73099 0.64547 0.01794 48.27509 -41.93922 74.33006 0.4684 1.145e+13 1.026e+13
178 192 1.4789e+13 529.52 469.16 581.334 47.087 74 53.31906 20.96220 33.45382 -95.87 250.88 304.81 -8.910e+12 -3.101e+13 -1.140e+13 0.01014 47.08749 1.4789e+13 1.5694e+13 1.4185e+13 1.0563e+13 6.3380e+12 14.75780 0.00 0.01076 0.74146 0.46864 -30.14754 86.51418 -20.97130 0.66446 0.41281 -20.13733 74.83936 -8.72370 0.5891 1.615e+13 6.338e+12
179 191 9.0542e+11 165.49 41.48 229.122 86.639 73 86.28828 48.36082 78.90566 -33.76 -296.29 -318.57 -1.682e+12 -3.164e+11 -2.604e+12 0.04126 86.63907 9.0542e+11 9.0542e+11 0.0000e+00 0.0000e+00 0.0000e+00 73.62929 37.65 0.10304 0.00000 0.00000 0.00000 0.00000 0.00000 0.00000 0.00000 0.00000 0.00000 0.00000 0.3883 7.021e+12 1.509e+12
180 187 1.5392e+13 495.33 454.85 589.138 68.058 72 99.07688 17.88397 78.89687 -50.02 334.44 138.42 1.365e+13 7.959e+13 -7.695e+13 0.02944 68.05811 1.5392e+13 1.5392e+13 1.4487e+13 1.0261e+13 5.4325e+12 38.95074 0.00 0.03281 0.82731 0.59809 -14.43209 3.81365 96.00285 0.54961 0.32394 -3.32041 16.99840 77.31647 0.5885 1.555e+13 7.545e+12
181 181 1.5090e+12 196.96 189.86 271.654 94.113 71 73.45596 0.95247 23.50010 -488.95 431.54 125.73 9.549e+11 7.547e+12 -7.321e+12 0.15589 94.11340 1.5090e+12 1.5090e+12 0.0000e+00 0.0000e+00 0.0000e+00 47.45978 119.15 0.14901 0.40902 0.31283 162.56378 45.27101 25.97587 0.00000 0.00000 0.00000 0.00000 0.00000 2.9452 8.021e+12 2.414e+12
182 195 5.1307e+12 369.37 258.60 408.485 34.104 50 0.22684 21.82222 79.87388 -6.16 -545.78 -409.80 -5.359e+12 3.156e+13 5.171e+12 0.05877 34.10418 5.1307e+12 5.1307e+12 4.8289e+12 3.3199e+12 0.0000e+00 32.95027 0.00 0.05953 0.71522 0.30249 -8.19347 1.85065 93.36361 0.82077 0.36585 3.16772 -11.55288 74.67235 0.4420 5.687e+12 2.414e+12
183 190 8.1488e+12 354.42 287.56 476.593 119.486 47 47.88923 61.58173 69.18691 79.39 -47.16 -134.61 1.726e+12 -3.436e+13 -4.074e+13 0.03968 119.48567 8.1488e+12 8.4506e+12 6.0361e+12 3.6217e+12 1.5090e+12 70.37194 0.00 0.04528 0.51231 0.11241 73.99896 58.47796 -66.64304 0.48254 0.10786 12.48651 -16.97642 70.37960 0.4865 7.551e+12 8.149e+12
184 193 1.3883e+13 460.34 414.21 569.219 80.212 69 2.00108 1.18632 4.32815 -20.55 344.87 -209.42 1.064e+14 -6.239e+13 7.671e+13 0.04235 80.21172 1.3883e+13 1.4487e+13 1.2676e+13 9.3560e+12 0.0000e+00 92.62102 0.00 0.05074 0.35084 0.29553 -11.48562 138.72760 83.36321 0.40464 0.25632 -21.75102 111.15249 66.53011 0.5926 1.319e+13 9.356e+12
185 -1 6.0361e+11 144.41 0.00 200.157 78.209 68 70.91799 23.93456 85.14114 45.26 -168.90 161.02 6.684e+12 -1.470e+12 -8.146e+12 1.47309 78.20937 6.0361e+11 6.0361e+11 0.0000e+00 0.0000e+00 0.0000e+00 155.59102 469.93 0.69146 0.00000 0.00000 0.00000 0.00000 0.00000 0.00000 0.00000 0.00000 0.00000 0.00000 0.0000 5.125e+12 1.207e+12
186 184 1.5996e+13 496.34 453.66 596.740 72.679 67 0.44038 94.86239 15.25325 -292.01 530.38 -170.41 -1.775e+14 4.083e+13 1.252e+13 0.04329 72.67857 1.5996e+13 1.6298e+13 1.5090e+13 1.1770e+13 0.0000e+00 75.62185 0.00 0.05038 0.69147 0.49975 -0.91971 -102.87295 109.23973 0.53892 0.12885 36.40724 -76.66002 97.67598 0.6049 1.630e+13 1.026e+13
187 197 1.8108e+12 208.43 60.91 288.676 110.305 67 87.38609 48.56795 54.79618 -143.01 -319.46 288.42 -4.038e+12 -1.337e+11 -2.352e+12 0.03531 110.30472 1.8108e+12 1.8108e+12 0.0000e+00 0.0000e+00 0.0000e+00 77.91798 25.07 0.04869 0.65004 0.23560 158.80489 48.97858 -61.95996 0.00000 0.00000 0.00000 0.00000 0.00000 0.1759 7.656e+12 4.527e+12
188 202 7.2434e+12 438.47 345.19 458.244 30.529 67 69.01935 90.15730 12.72706 77.21 192.22 251.39 -5.452e+12 2.212e+13 3.744e+13 0.04532 30.52934 7.2434e+12 7.2434e+12 6.9416e+12 6.0361e+12 1.5090e+12 34.38294 16.14 0.04528 0.25496 0.17842 121.46002 -20.77058 60.32370 0.46273 0.36653 92.07708 -19.36598 48.03830 0.5227 9.906e+12 2.113e+12
189 200 2.1127e+12 238.46 169.97 303.897 50.985 65 64.52967 96.62299 43.91930 89.12 -50.41 -134.72 2.902e+12 -8.223e+12 4.624e+11 0.04663 50.98525 2.1127e+12 3.6217e+12 2.1127e+12 0.0000e+00 0.0000e+00 101.19963 0.00 0.07034 0.49436 0.00000 -104.58125 123.56747 28.47943 0.00000 0.00000 0.00000 0.00000 0.00000 0.5398 4.960e+12 1.509e+12
190 188 1.5090e+13 541.26 487.14 585.262 44.568 65 57.04749 48.48138 16.86268 -4.47 -191.40 261.59 -1.971e+13 3.418e+13 1.420e+13 0.01273 44.56778 1.5090e+13 1.5694e+13 1.5090e+13 1.2072e+13 6.9416e+12 45.88088 0.00 0.01275 0.86024 0.76169 39.34373 -13.95374 87.30181 0.84043 0.64760 32.61980 2.99813 85.00744 0.5706 1.873e+13 6.942e+12
191 174 6.3380e+12 358.61 276.64 438.295 58.047 64 21.68013 0.56951 36.37143 101.00 438.42 -17.87 1.734e+13 1.402e+13 -1.563e+13 0.03434 58.04736 6.3380e+12 6.6398e+12 5.7343e+12 4.5271e+12 1.8108e+12 71.19302 24.25 0.03515 0.65717 0.35117 -2.37075 -32.79477 83.85085 0.81441 0.35171 -11.74117 -5.32895 75.32731 0.4424 9.136e+12 3.923e+12
192 189 9.9596e+12 419.26 368.72 509.563 65.555 63 2.90747 99.00413 2.07956 -67.51 838.44 50.07 1.069e+13 1.321e+13 -9.972e+12 0.01149 65.55533 1.0261e+13 9.9596e+12 9.6578e+12 7.5452e+12 2.4145e+12 44.88705 22.54 0.01197 0.45048 0.26846 86.18250 -32.36949 53.82625 0.28661 0.23079 82.62426 -20.73015 44.73601 0.5212 1.072e+13 6.036e+12
193 175 7.5452e+12 492.15 370.48 464.522 21.377 62 68.63108 22.56666 87.49886 56.85 291.40 271.34 -1.694e+13 -3.150e+13 -5.941e+12 0.03871 21.37713 7.5452e+12 8.1488e+12 7.5452e+12 6.3380e+12 4.5271e+12 41.34959 0.00 0.03500 0.80964 0.58900 -21.45784 -37.60455 52.72224 0.76941 0.37188 -29.45441 -34.85724 49.07901 0.4953 1.111e+13 2.716e+12
194 221 1.5090e+12 222.72 192.28 271.654 35.592 61 53.22999 90.98484 67.67681 -14.63 271.90 45.44 -3.851e+12 5.093e+11 6.188e+12 0.01128 35.59172 1.5090e+12 1.5090e+12 9.0542e+11 9.0542e+11 0.0000e+00 67.55608 0.00 0.10311 0.32171 0.05254 55.46250 -49.58699 90.16611 0.38409 0.05154 52.25808 -49.54873 89.88937 0.9848 6.380e+12 9.054e+11
195 204 7.8470e+12 437.44 316.46 470.635 35.126 61 46.90482 28.02662 68.15433 -7.76 13.17 -64.86 -1.937e+13 3.586e+12 -7.759e+12 0.02056 35.12563 7.8470e+12 7.8470e+12 6.6398e+12 6.0361e+12 2.7163e+12 21.15011 0.00 0.01915 0.66841 0.26184 41.58954 50.25530 -35.97044 0.61418 0.24028 46.43357 44.57818 -34.54938 0.4286 9.260e+12 3.018e+12
196 206 3.3199e+12 265.78 166.90 353.311 79.923 61 42.93286 76.54263 3.31540 153.51 101.66 -30.21 -1.020e+12 -2.614e+12 -1.084e+10 0.00870 79.92298 3.3199e+12 3.3199e+12 3.0181e+12 3.0181e+11 0.0000e+00 44.71495 12.06 0.01064 0.15368 0.00000 -109.86791 -93.78208 127.39044 0.00000 0.00000 0.00000 0.00000 0.00000 0.3983 5.416e+12 3.018e+12
197 129 8.7524e+12 352.67 297.24 488.082 182.556 59 53.16879 66.08443 18.50516 179.99 -93.57 97.48 -2.159e+13 3.918e+12 9.978e+12 0.01466 182.55621 8.7524e+12 9.6578e+12 6.9416e+12 3.3199e+12 0.0000e+00 54.61717 20.03 0.01817 0.60873 0.33950 25.63144 117.00171 93.71745 0.51475 0.14594 91.65726 10.05318 -60.88484 0.5334 8.529e+12 1.207e+13
198 209 1.2978e+13 497.56 423.80 556.565 48.748 58 47.17594 44.72840 77.45992 -46.98 -259.86 -73.56 9.863e+12 -1.136e+13 -1.186e+14 0.04570 48.74813 1.2978e+13 1.3280e+13 1.2676e+13 1.0563e+13 3.3199e+12 50.74743 0.00 0.04673 0.66640 0.58884 59.28862 80.40057 39.09828 0.62746 0.38859 43.48416 73.19353 31.26408 0.5366 1.623e+13 4.829e+12
199 210 9.6578e+12 458.77 416.94 504.363 41.088 58 38.55743 34.80276 67.10491 259.55 -377.43 -138.98 -2.872e+13 -3.132e+13 -2.505e+12 0.02760 41.08760 9.6578e+12 9.6578e+12 9.6578e+12 9.3560e+12 3.9235e+12 13.83235 0.00 0.02723 0.48443 0.42382 80.32589 -37.09577 48.23587 0.48229 0.17415 -49.55273 51.56495 -36.35431 0.5547 1.287e+13 4.829e+12
200 185 2.1127e+12 223.52 144.47 303.897 85.536 58 69.75474 74.31461 18.21138 -237.07 211.81 52.59 6.577e+12 6.409e+11 -9.455e+12 0.05345 85.53618 2.1127e+12 2.1127e+12 1.2072e+12 0.0000e+00 0.0000e+00 34.18834 62.38 0.09292 0.46057 0.00000 112.76787 144.28140 40.80205 0.00000 0.00000 0.00000 0.00000 0.00000 0.5736 4.087e+12 2.113e+12
201 198 4.2253e+12 282.78 203.20 382.886 102.912 58 32.72902 60.53830 4.42048 401.07 68.76 110.86 2.924e+12 8.776e+12 -2.923e+12 0.01953 102.91171 4.2253e+12 4.2253e+12 3.0181e+12 9.0542e+11 0.0000e+00 36.61385 26.94 0.02461 0.63299 0.14547 161.21638 52.53220 28.01355 0.79476 0.38931 11.08680 92.88050 -8.93384 0.4752 4.488e+12 4.225e+12
202 205 9.6578e+12 456.38 386.57 504.363 41.986 57 73.05669 80.84113 18.43462 -296.51 101.01 -76.92 -4.219e+13 9.878e+11 1.193e+13 0.02649 41.98595 9.6578e+12 9.9596e+12 8.7524e+12 7.5452e+12 1.8108e+12 25.05205 15.99 0.02806 0.60806 0.44981 67.64938 -71.47018 27.19854 0.40365 0.22630 84.91637 -69.51633 15.92883 0.5614 1.133e+13 4.225e+12
203 118 8.7524e+12 436.78 319.76 488.082 42.566 55 59.33652 0.68913 63.26171 183.47 3.87 149.80 9.217e+13 1.814e+13 1.458e+13 0.07402 42.56618 8.7524e+12 8.7524e+12 6.9416e+12 5.4325e+12 3.6217e+12 51.56515 9.37 0.07166 0.48379 0.35453 76.76705 50.16777 12.40123 0.41648 0.35059 56.48954 47.57333 35.28914 0.4333 8.779e+12 3.923e+12
204 207 3.0181e+12 247.17 170.82 342.263 129.965 55 76.36649 30.41625 59.13618 -55.62 167.10 120.03 -1.125e+12 1.076e+11 -2.477e+13 0.07870 129.96529 3.0181e+12 3.9235e+12 2.1127e+12 0.0000e+00 0.0000e+00 97.26195 32.77 0.11023 0.67773 0.51213 -72.77593 133.90112 -57.40205 0.00000 0.00000 0.00000 0.00000 0.00000 0.4722 6.139e+12 5.734e+12
205 199 1.1770e+13 461.62 378.08 538.743 56.916 53 69.98942 83.01323 12.83102 -36.17 113.85 235.42 2.375e+13 -9.018e+12 1.608e+13 0.01409 56.91573 1.1770e+13 1.2072e+13 1.1770e+13 8.7524e+12 3.3199e+12 45.13582 0.00 0.01383 0.98604 0.50961 -26.37110 -41.10780 75.03648 0.54317 0.19809 37.48213 55.22630 -47.57482 0.4784 1.265e+13 6.036e+12
206 203 8.1488e+12 364.57 276.02 476.593 94.732 53 31.23172 65.30814 14.11137 284.67 -1.48 -102.23 2.470e+13 1.913e+13 1.521e+13 0.02652 94.73158 8.1488e+12 8.1488e+12 7.5452e+12 3.6217e+12 0.0000e+00 34.24837 0.00 0.02951 0.47829 0.14496 -84.96782 -58.71978 73.69854 0.33045 0.06125 84.25005 63.55998 -84.06698 0.4481 7.788e+12 7.243e+12
207 213 6.0361e+11 149.04 0.00 200.157 49.566 52 62.43906 26.91320 20.70717 89.12 -47.83 143.25 -1.033e+12 -1.230e+12 1.810e+12 0.09563 49.56554 6.0361e+11 6.0361e+11 0.0000e+00 0.0000e+00 0.0000e+00 182.46835 111.33 0.15727 0.00000 0.00000 0.00000 0.00000 0.00000 0.00000 0.00000 0.00000 0.00000 0.00000 0.0000 3.573e+12 6.036e+11
208 217 6.6398e+12 332.55 271.77 445.144 106.949 50 73.30593 32.37566 55.86515 -136.10 14.80 231.73 -7.033e+12 4.159e+13 -2.152e+13 0.04015 106.94930 6.6398e+12 6.9416e+12 5.4325e+12 0.0000e+00 0.0000e+00 136.75174 0.00 0.05656 0.29867 0.13480 219.93535 -47.95784 21.61371 0.00000 0.00000 0.00000 0.00000 0.00000 0.5886 6.930e+12 6.640e+12
209 226 7.2434e+12 419.82 322.36 458.244 36.250 50 15.56325 32.28607 65.42415 -0.63 -191.90 -33.41 4.378e+13 2.704e+13 -5.723e+12 0.05237 36.24982 7.2434e+12 7.8470e+12 5.7343e+12 4.8289e+12 3.3199e+12 36.47897 0.00 0.05349 0.82710 0.20249 17.89547 -18.24376 87.15117 0.89906 0.22422 -36.53167 -17.78364 66.30555 0.4954 8.119e+12 3.622e+12
210 227 1.2676e+13 490.79 417.67 552.217 49.590 50 72.08379 79.25916 17.40538 -246.05 242.94 84.99 2.575e+13 1.290e+13 -4.056e+13 0.01966 49.59039 1.2676e+13 1.2978e+13 1.0563e+13 9.9596e+12 2.7163e+12 64.97413 0.00 0.02023 0.69065 0.53866 27.70348 93.60405 32.03707 0.77421 0.49827 35.48983 74.62338 33.79428 0.5340 1.500e+13 5.433e+12
211 224 1.0261e+13 432.03 373.95 514.659 59.906 50 24.71023 61.70038 35.92526 265.04 -32.34 71.76 -2.502e+13 -1.979e+13 -8.753e+12 0.01778 59.90598 1.0261e+13 1.0563e+13 9.6578e+12 7.5452e+12 3.0181e+12 73.69675 0.00 0.01913 0.57728 0.37732 5.21443 -39.95932 86.39046 0.32273 0.18915 3.63924 1.05227 81.26503 0.5372 1.025e+13 5.131e+12
212 218 7.2434e+12 349.57 290.41 458.244 92.922 50 59.05763 41.78099 13.41718 -31.10 -279.81 253.95 -3.026e+13 -4.210e+13 -4.629e+13 0.06083 92.92233 7.2434e+12 7.2434e+12 6.3380e+12 3.3199e+12 0.0000e+00 29.29027 0.00 0.07182 0.42275 0.17712 109.66957 22.83470 -71.23569 0.11075 0.00000 -74.51344 10.28926 107.84512 0.5251 7.842e+12 5.734e+12
213 212 2.4145e+12 260.55 210.17 317.729 41.587 49 72.18774 93.26621 38.16888 -242.21 163.09 -56.57 -5.229e+11 2.811e+12 -8.545e+11 0.01217 41.58656 2.4145e+12 2.4145e+12 2.1127e+12 1.5090e+12 0.0000e+00 73.57270 0.00 0.01924 0.87847 0.44499 28.91936 87.68385 25.66041 0.79870 0.36116 -50.16343 80.44162 38.24446 0.6585 3.266e+12 1.509e+12
214 211 9.0542e+12 404.00 305.34 493.629 65.273 48 48.99561 63.24502 0.60332 -29.25 -14.05 206.37 3.316e+13 1.732e+12 3.810e+13 0.03204 65.27313 9.0542e+12 9.0542e+12 8.4506e+12 6.0361e+12 0.0000e+00 36.57760 0.00 0.03600 0.09228 0.00776 35.73519 -139.45369 167.21677 0.04894 0.00000 45.11073 -149.30815 150.07857 0.4889 9.689e+12 4.527e+12
215 233 7.5452e+12 363.64 330.27 464.522 79.099 48 76.58022 97.23335 62.66916 -280.95 201.56 -94.74 4.966e+13 2.329e+13 -4.144e+13 0.04916 79.09887 7.5452e+12 8.1488e+12 6.9416e+12 4.8289e+12 0.0000e+00 89.93549 0.00 0.06636 0.15453 0.04325 72.83976 157.46565 39.20831 0.14155 0.01909 83.08411 159.23250 37.19069 0.6446 7.511e+12 5.433e+12
216 228 6.3380e+12 332.14 240.74 438.295 93.463 48 67.71252 31.63628 51.03159 -56.15 24.89 43.20 5.921e+12 -1.535e+13 -8.831e+12 0.02187 93.46303 6.3380e+12 7.2434e+12 5.7343e+12 3.0181e+12 0.0000e+00 21.12033 0.00 0.02411 0.59929 0.32724 125.13608 5.37946 -1.99256 0.32536 0.07850 55.50977 31.15042 50.34374 0.4192 6.419e+12 5.734e+12
217 242 9.3560e+12 473.98 351.23 499.054 34.217 48 7.56641 87.89122 39.64703 -79.62 315.17 -74.23 -4.705e+13 7.382e+12 2.012e+13 0.03817 34.21724 9.3560e+12 9.6578e+12 8.1488e+12 7.5452e+12 4.2253e+12 48.05357 0.00 0.03487 0.68956 0.57283 32.66496 28.48524 79.80525 0.78557 0.66838 29.78559 15.02468 70.77628 0.4468 1.180e+13 3.923e+12
218 222 1.2072e+12 185.59 162.07 252.182 70.502 47 65.53382 49.32784 47.35537 -2.44 29.40 37.79 3.346e+12 -3.074e+12 -4.674e+12 0.09129 70.50183 1.2072e+12 1.2072e+12 9.0542e+11 0.0000e+00 0.0000e+00 102.01537 84.54 0.13344 0.66923 0.00000 95.14233 107.46423 50.89428 0.00000 0.00000 0.00000 0.00000 0.00000 2.0010 5.863e+12 1.207e+12
219 223 6.3380e+12 330.38 256.89 438.295 97.502 46 21.65083 31.61592 48.45215 194.60 -195.26 220.47 -1.444e+13 1.955e+13 -9.538e+12 0.02870 97.50191 6.3380e+12 6.3380e+12 4.5271e+12 3.6217e+12 0.0000e+00 62.10336 20.04 0.03371 0.22567 0.14269 -45.22353 63.16285 100.40379 0.28877 0.06696 -8.81317 45.25564 93.16358 0.4981 5.871e+12 5.131e+12
220 244 6.0361e+12 320.93 261.71 431.224 107.314 45 41.03390 89.15570 98.39884 198.68 97.02 -39.28 9.757e+13 3.459e+13 -2.319e+13 0.12448 107.31432 6.0361e+12 6.9416e+12 3.6217e+12 2.7163e+12 1.5090e+12 55.96193 0.00 0.14854 0.20913 0.11455 93.83064 -10.10472 116.60220 0.19654 0.00000 65.01067 13.12760 41.51827 0.4897 6.177e+12 6.036e+12
221 214 9.0542e+11 189.81 123.57 229.122 28.471 45 30.67157 1.45122 94.82537 31.59 232.18 205.08 3.920e+12 -2.206e+12 -2.662e+12 0.09388 28.47096 9.0542e+11 9.0542e+11 6.0361e+11 6.0361e+11 0.0000e+00 80.73947 123.57 0.17282 0.00000 0.00000 0.00000 0.00000 0.00000 0.00000 0.00000 0.00000 0.00000 0.00000 1.6681 4.488e+12 3.018e+11
222 239 2.4145e+12 270.04 234.21 317.729 34.859 45 46.22457 18.36242 43.19150 -183.67 204.75 14.58 -2.321e+12 -1.845e+12 9.780e+12 0.01776 34.85890 2.7163e+12 4.8289e+12 2.1127e+12 0.0000e+00 0.0000e+00 90.27565 81.06 0.06590 0.07122 0.00000 70.14232 -77.80369 104.26955 0.00000 0.00000 0.00000 0.00000 0.00000 0.9361 4.103e+12 6.036e+11
223 -1 6.0361e+11 167.11 0.00 200.157 23.924 43 3.03787 3.20207 99.04167 -103.44 571.21 -184.44 0.000e+00 0.000e+00 0.000e+00 0.00000 23.92360 6.0361e+11 1.5090e+12 6.0361e+11 3.0181e+11 0.0000e+00 76.50967 0.00 0.00000 0.00000 0.00000 0.00000 0.00000 0.00000 0.00000 0.00000 0.00000 0.00000 0.00000 0.0000 3.333e+12 3.018e+11
224 232 4.5271e+12 288.86 304.29 391.793 107.299 43 59.04202 3.39596 77.97858 126.14 184.13 -141.44 -4.272e+13 -3.341e+13 3.329e+13 0.04339 107.29948 4.5271e+12 4.8289e+12 3.9235e+12 3.0181e+11 0.0000e+00 49.80408 0.00 0.14391 0.83223 0.20348 56.05377 -8.90099 100.73725 0.00000 0.00000 0.00000 0.00000 0.00000 1.0866 6.713e+12 4.829e+12
225 253 6.6398e+12 345.85 270.81 445.144 79.533 43 69.92424 36.37823 55.47943 -93.35 171.75 -67.82 -3.612e+13 -2.539e+12 3.051e+13 0.05320 79.53313 6.6398e+12 6.9416e+12 6.6398e+12 3.3199e+12 0.0000e+00 32.37332 0.00 0.05656 0.39259 0.03525 81.44092 65.15447 107.37004 0.63136 0.01935 57.04568 -22.52373 75.27403 0.4312 6.526e+12 5.433e+12
226 231 6.0361e+11 156.62 0.00 200.157 34.167 43 55.28737 62.52695 38.27463 238.86 -323.40 -77.09 -2.838e+11 1.517e+12 -6.648e+11 0.03871 34.16710 6.0361e+11 6.0361e+11 6.0361e+11 0.0000e+00 0.0000e+00 148.01372 66.03 0.10922 0.00000 0.00000 0.00000 0.00000 0.00000 0.00000 0.00000 0.00000 0.00000 0.00000 0.0000 5.066e+12 0.000e+00
227 230 5.1307e+12 315.59 243.86 408.485 75.759 42 14.98181 47.27582 54.12864 -143.59 -367.21 6.83 5.078e+12 -3.239e+13 6.501e+13 0.12076 75.75879 5.1307e+12 5.1307e+12 4.2253e+12 2.7163e+12 0.0000e+00 39.89197 28.71 0.13367 0.60075 0.05575 1.16991 94.38873 18.89366 0.34178 0.01139 -3.92654 83.90748 -16.93949 0.4522 6.255e+12 3.923e+12
228 219 6.0361e+11 155.14 0.00 200.157 36.327 42 76.99648 4.10904 17.37455 -98.27 120.31 92.94 -2.588e+11 8.939e+10 -4.241e+11 0.00509 36.32715 6.0361e+11 6.0361e+11 6.0361e+11 0.0000e+00 0.0000e+00 108.43426 27.37 0.03281 0.00000 0.00000 0.00000 0.00000 0.00000 0.00000 0.00000 0.00000 0.00000 0.00000 0.0000 4.558e+12 3.018e+11
229 260 1.5090e+12 203.74 250.49 271.654 63.056 41 60.00459 8.37045 84.47295 179.60 127.02 122.12 8.234e+11 -1.336e+13 1.114e+12 0.16925 63.05557 1.5090e+12 1.5090e+12 0.0000e+00 0.0000e+00 0.0000e+00 42.53252 0.00 0.18963 0.69098 0.17875 90.65594 104.52971 124.33819 0.00000 0.00000 0.00000 0.00000 0.00000 2.4839 3.492e+12 1.509e+12
230 248 1.5090e+12 200.64 113.38 271.654 72.971 41 67.21906 60.86555 43.92266 -20.15 180.99 358.94 1.745e+11 -1.338e+11 9.301e+12 0.07787 72.97135 1.5090e+12 1.5090e+12 9.0542e+11 0.0000e+00 0.0000e+00 80.93057 37.80 0.13130 0.67228 0.17001 137.12428 -39.53148 29.38290 0.00000 0.00000 0.00000 0.00000 0.00000 0.4590 3.956e+12 1.509e+12
231 238 2.4145e+12 237.39 172.09 317.729 76.255 40 70.65065 12.37875 66.76807 -62.00 119.37 78.92 2.111e+12 -9.972e+12 -8.054e+12 0.05029 76.25531 2.4145e+12 2.4145e+12 9.0542e+11 3.0181e+11 0.0000e+00 118.55836 0.00 0.08376 0.57095 0.11808 7.10633 -28.78206 149.13696 0.00000 0.00000 0.00000 0.00000 0.00000 0.5774 2.971e+12 2.414e+12
232 240 3.6217e+12 266.55 180.11 363.709 106.940 40 3.92637 22.37219 10.80350 -84.04 -535.90 -153.81 -7.667e+12 3.215e+12 -1.355e+13 0.04024 106.94021 3.6217e+12 4.5271e+12 2.4145e+12 0.0000e+00 0.0000e+00 76.10323 31.16 0.05214 0.30682 0.02701 114.67794 12.48237 107.43134 0.00000 0.00000 0.00000 0.00000 0.00000 0.4521 4.852e+12 4.527e+12
233 229 6.0361e+11 146.32 0.00 200.157 60.822 39 62.01917 79.79513 6.43432 22.66 239.59 308.63 -1.161e+12 -4.162e+11 4.659e+11 0.03598 60.82245 6.0361e+11 6.0361e+11 3.0181e+11 3.0181e+11 0.0000e+00 96.35387 90.19 0.08569 0.00000 0.00000 0.00000 0.00000 0.00000 0.00000 0.00000 0.00000 0.00000 0.00000 0.0000 2.607e+12 6.036e+11
234 -1 2.1127e+12 291.63 214.68 303.897 20.023 38 88.39518 29.27968 99.25154 -252.12 -776.84 137.21 1.257e+13 3.313e+12 -3.171e+12 0.07249 20.02306 2.1127e+12 3.0181e+12 1.5090e+12 1.5090e+12 0.0000e+00 59.80856 47.43 0.10777 0.56382 0.30716 -38.85085 54.69514 -21.64633 0.56803 0.30229 -38.80427 55.74321 -20.66383 0.6621 3.747e+12 9.054e+11
235 243 2.7163e+12 245.99 141.05 330.451 82.046 38 85.08054 26.50923 55.17558 -48.13 0.68 145.21 -1.491e+13 -2.000e+12 -2.941e+12 0.06589 82.04584 2.7163e+12 2.7163e+12 2.1127e+12 6.0361e+11 0.0000e+00 42.13466 0.00 0.08123 0.38586 0.03545 62.24856 -26.02655 19.50764 0.00000 0.00000 0.00000 0.00000 0.00000 0.3412 3.569e+12 2.716e+12
236 237 4.2253e+12 279.01 174.32 382.886 121.796 38 78.78638 20.10983 71.34281 -177.63 142.43 -42.51 -8.135e+12 -1.112e+13 6.465e+12 0.03116 121.79596 4.2253e+12 4.2253e+12 2.4145e+12 3.0181e+11 0.0000e+00 48.24355 0.00 0.03862 0.27647 0.11680 84.09164 -17.45753 -11.15778 0.00000 0.00000 0.00000 0.00000 0.00000 0.3943 3.760e+12 4.829e+12
237 216 9.0542e+11 171.38 69.14 229.122 54.431 38 69.83455 64.72646 46.29352 -299.58 -101.89 499.90 1.385e+12 1.074e+12 -3.199e+12 0.03267 54.43073 9.0542e+11 2.7163e+12 6.0361e+11 0.0000e+00 0.0000e+00 106.35291 69.14 0.12061 0.00000 0.00000 0.00000 0.00000 0.00000 0.00000 0.00000 0.00000 0.00000 0.00000 0.7780 4.415e+12 9.054e+11
238 245 1.5090e+12 198.06 97.67 271.654 85.734 37 58.20021 75.61047 28.12379 334.03 143.01 150.59 3.154e+12 -3.162e+11 -2.156e+12 0.03022 85.73409 1.5090e+12 1.8108e+12 9.0542e+11 6.0361e+11 0.0000e+00 85.44296 80.10 0.05410 0.73755 0.10474 77.50747 37.81946 127.62549 0.00000 0.00000 0.00000 0.00000 0.00000 0.5374 3.424e+12 2.113e+12
239 113 6.0361e+11 151.44 0.00 200.157 43.221 36 78.14110 24.78049 80.93610 -127.28 -212.02 -272.90 -6.419e+12 3.253e+12 -8.908e+12 1.81853 43.22131 6.0361e+11 6.0361e+11 3.0181e+11 0.0000e+00 0.0000e+00 122.24653 498.58 0.74427 0.00000 0.00000 0.00000 0.00000 0.00000 0.00000 0.00000 0.00000 0.00000 0.00000 0.0000 4.526e+12 3.018e+11
240 251 9.0542e+11 165.74 35.75 229.122 83.337 36 96.73007 4.66075 34.61150 -188.29 6.69 -57.48 1.290e+12 5.255e+11 -7.690e+11 0.02525 83.33733 9.0542e+11 9.0542e+11 3.0181e+11 3.0181e+11 0.0000e+00 84.40355 14.38 0.05261 0.00000 0.00000 0.00000 0.00000 0.00000 0.00000 0.00000 0.00000 0.00000 0.00000 0.1341 3.380e+12 2.113e+12
241 234 1.5090e+12 256.63 108.14 271.654 19.018 35 29.91828 55.98477 82.55814 185.38 -47.09 -20.31 -5.393e+11 -4.412e+11 -2.646e+12 0.03045 19.01799 1.5090e+12 1.5090e+12 1.5090e+12 1.5090e+12 0.0000e+00 62.87086 0.00 0.03861 0.57395 0.03364 -32.51064 60.27224 -56.44608 0.28955 0.00000 34.27056 -47.99922 69.19537 0.2725 3.532e+12 3.018e+11
242 249 9.3560e+12 442.41 387.85 499.054 45.308 35 28.37047 58.69507 33.49378 214.75 -23.99 79.03 -1.709e+13 -2.521e+13 -1.546e+13 0.02303 45.30804 9.3560e+12 9.3560e+12 9.3560e+12 7.5452e+12 3.6217e+12 65.61438 0.00 0.02304 0.77787 0.55121 -53.16162 -46.25149 53.04456 0.68471 0.47628 -36.42184 -51.03716 42.69167 0.5376 1.110e+13 4.829e+12
243 255 6.0361e+11 151.01 0.00 200.157 44.194 35 57.65753 18.90483 8.14513 161.33 54.43 75.53 3.263e+12 -4.704e+11 5.627e+11 0.18111 44.19419 6.0361e+11 6.0361e+11 0.0000e+00 0.0000e+00 0.0000e+00 153.63463 158.22 0.21736 0.00000 0.00000 0.00000 0.00000 0.00000 0.00000 0.00000 0.00000 0.00000 0.00000 0.0000 3.768e+12 3.018e+11
244 241 9.0542e+11 172.85 39.21 229.122 50.629 34 63.78952 0.65239 68.96417 -22.92 131.09 -197.09 -2.993e+10 -4.035e+11 -9.601e+11 0.00778 50.62926 9.0542e+11 9.0542e+11 3.0181e+11 3.0181e+11 0.0000e+00 105.91976 47.43 0.03445 0.00000 0.00000 0.00000 0.00000 0.00000 0.00000 0.00000 0.00000 0.00000 0.00000 1.1836 3.963e+12 6.036e+11
245 252 3.9235e+12 277.38 177.68 373.543 94.974 34 99.36298 11.72627 8.84721 65.09 -72.11 -150.85 9.756e+12 -1.453e+13 -1.324e+13 0.05014 94.97357 3.9235e+12 4.8289e+12 3.3199e+12 9.0542e+11 0.0000e+00 79.72630 49.82 0.06299 0.31843 0.00756 139.14447 0.85109 153.14960 0.57734 0.46289 86.05497 54.12719 14.40500 0.4261 4.989e+12 3.923e+12
246 258 9.0542e+11 195.16 139.63 229.122 24.885 34 73.84129 91.23927 62.02492 -295.33 260.40 -286.93 2.138e+12 1.080e+12 -3.404e+11 0.01277 24.88464 9.0542e+11 9.0542e+11 9.0542e+11 6.0361e+11 0.0000e+00 87.16228 0.00 0.07999 0.00000 0.00000 0.00000 0.00000 0.00000 0.00000 0.00000 0.00000 0.00000 0.00000 1.0546 2.875e+12 3.018e+11
247 186 2.7163e+12 259.97 186.01 330.451 54.573 34 43.74192 36.94656 75.37521 63.69 -300.71 -36.65 1.462e+13 4.381e+12 -2.030e+13 0.09911 54.57324 2.7163e+12 2.7163e+12 2.7163e+12 1.2072e+12 0.0000e+00 86.16345 0.00 0.13455 0.63992 0.06572 52.53854 140.89485 56.73100 0.42229 0.39677 102.74131 -44.05384 -24.06688 0.5013 3.782e+12 1.509e+12
248 236 5.1307e+12 304.40 193.53 408.485 100.419 34 47.43628 22.59277 48.05756 -155.47 84.21 -529.74 -2.470e+12 2.761e+12 -1.699e+13 0.02802 100.41949 5.1307e+12 5.4325e+12 3.6217e+12 0.0000e+00 0.0000e+00 35.46332 7.57 0.03192 0.49627 0.31866 -32.93770 150.14441 165.87567 0.00000 0.00000 0.00000 0.00000 0.00000 0.3737 4.813e+12 4.829e+12
249 247 1.8108e+12 218.60 145.28 288.676 61.899 33 22.57713 18.01079 0.82064 -7.80 -409.61 221.14 -7.964e+12 2.014e+12 5.687e+11 0.05776 61.89897 1.8108e+12 1.8108e+12 1.5090e+12 6.0361e+11 0.0000e+00 18.73605 0.00 0.08576 0.90321 0.29130 -57.03687 12.78054 124.04800 0.00000 0.00000 0.00000 0.00000 0.00000 0.4547 4.030e+12 1.509e+12
250 135 9.0542e+11 178.60 234.01 229.122 40.079 33 81.57509 28.93523 68.50049 87.36 -39.86 -328.59 2.443e+12 -9.947e+12 7.682e+11 0.34614 40.07893 9.0542e+11 9.0542e+11 9.0542e+11 0.0000e+00 0.0000e+00 124.44098 0.00 0.33963 0.00000 0.00000 0.00000 0.00000 0.00000 0.00000 0.00000 0.00000 0.00000 0.00000 4.7025 4.005e+12 0.000e+00
251 264 2.4145e+12 233.70 208.05 317.729 89.404 33 38.28125 20.03425 10.48210 29.14 -377.66 278.37 -1.572e+13 2.398e+12 8.726e+12 0.05337 89.40378 2.4145e+12 2.4145e+12 1.5090e+12 9.0542e+11 0.0000e+00 61.32661 28.18 0.11696 0.85648 0.52853 72.71839 -50.26701 -70.22753 0.67784 0.06416 -49.01790 -44.51759 78.38243 0.7848 4.646e+12 2.414e+12
252 261 9.0542e+11 171.70 50.15 229.122 53.542 32 71.65243 19.26512 69.66360 45.22 102.69 5.84 -7.725e+11 -2.092e+11 -1.249e+12 0.02251 53.54159 9.0542e+11 9.0542e+11 6.0361e+11 3.0181e+11 0.0000e+00 50.27869 50.15 0.04904 0.00000 0.00000 0.00000 0.00000 0.00000 0.00000 0.00000 0.00000 0.00000 0.00000 0.4171 2.509e+12 6.036e+11
253 250 3.6217e+12 262.87 170.28 363.709 135.238 32 74.75602 12.98732 58.13997 -37.81 42.47 50.76 7.859e+12 -8.421e+12 -7.599e+11 0.02707 135.23834 3.6217e+12 3.6217e+12 9.0542e+11 9.0542e+11 0.0000e+00 67.36205 16.39 0.03787 0.33212 0.08539 145.12465 -60.09482 48.77131 0.25925 0.05997 63.11334 -12.13125 85.26251 0.4754 4.280e+12 5.131e+12
254 246 4.2253e+12 275.73 196.50 382.886 162.214 32 17.62934 31.90858 65.14845 8.54 -129.51 -155.44 -3.999e+13 -3.581e+13 4.025e+12 0.10416 162.21368 4.2253e+12 6.0361e+12 2.1127e+12 6.0361e+11 0.0000e+00 88.52102 40.11 0.13658 0.30801 0.05822 -7.09832 30.07584 188.22800 0.00000 0.00000 0.00000 0.00000 0.00000 0.4512 5.066e+12 7.243e+12
255 274 1.2072e+12 192.85 157.42 252.182 50.231 32 67.19855 94.71400 26.31756 170.80 141.03 424.32 -5.872e+12 4.590e+12 8.640e+11 0.06628 50.23125 1.8108e+12 1.2072e+12 1.2072e+12 0.0000e+00 0.0000e+00 83.23859 41.56 0.15361 0.26452 0.01098 143.19748 77.68955 -49.87118 0.00000 0.00000 0.00000 0.00000 0.00000 1.3941 2.727e+12 6.036e+11
256 269 7.8470e+12 461.70 333.02 470.635 28.534 32 35.57915 63.06055 10.28038 178.64 29.47 10.25 -7.856e+12 2.538e+13 2.622e+13 0.03750 28.53417 7.8470e+12 7.8470e+12 7.2434e+12 5.7343e+12 4.5271e+12 41.22360 0.00 0.03375 0.40996 0.22554 48.62479 6.52529 81.46973 0.39453 0.24955 36.01661 0.97812 75.08469 0.4382 1.032e+13 3.320e+12
257 262 3.3199e+12 255.30 195.84 353.311 132.037 31 99.54958 17.85403 86.47403 68.62 -93.94 -45.42 1.597e+13 -1.297e+13 -2.204e+12 0.04290 132.03653 3.3199e+12 3.6217e+12 1.5090e+12 0.0000e+00 0.0000e+00 65.17864 78.44 0.07847 0.65796 0.12123 161.03148 19.60367 -4.83187 0.00000 0.00000 0.00000 0.00000 0.00000 0.6887 5.079e+12 5.734e+12
258 267 6.0361e+11 186.20 0.00 200.157 14.887 31 66.53957 84.93807 48.37495 6.51 -249.75 -349.44 0.000e+00 0.000e+00 0.000e+00 0.00000 14.88722 6.0361e+11 9.0542e+11 6.0361e+11 6.0361e+11 0.0000e+00 108.89464 0.00 0.00000 0.00000 0.00000 0.00000 0.00000 0.00000 0.00000 0.00000 0.00000 0.00000 0.00000 0.0000 2.466e+12 0.000e+00
259 259 1.5090e+12 204.93 112.37 271.654 60.041 31 66.70441 79.24757 17.49269 69.28 82.57 58.52 -3.050e+12 -1.808e+12 3.381e+12 0.04179 60.04108 1.5090e+12 1.5090e+12 1.2072e+12 3.0181e+11 0.0000e+00 97.67398 0.00 0.06915 0.44688 0.00000 15.33862 -17.30822 90.49096 0.00000 0.00000 0.00000 0.00000 0.00000 0.4387 3.279e+12 1.207e+12
260 263 2.1127e+12 232.67 141.84 303.897 60.025 31 23.49644 64.51053 37.67243 273.05 -139.57 -41.05 -8.296e+12 2.845e+12 -8.855e+12 0.06230 60.02464 2.1127e+12 2.1127e+12 2.1127e+12 3.0181e+11 0.0000e+00 32.60252 0.00 0.10039 0.19794 0.00000 -49.29328 106.36047 31.95825 0.00000 0.00000 0.00000 0.00000 0.00000 0.5124 3.645e+12 1.509e+12
261 -1 2.4145e+12 274.97 131.61 317.729 32.075 31 97.33178 11.73402 9.05014 5.38 -63.96 -210.06 2.657e+12 5.039e+12 -1.878e+11 0.03579 32.07475 2.4145e+12 2.7163e+12 2.4145e+12 2.1127e+12 0.0000e+00 60.65644 0.00 0.03675 0.03170 0.00000 -20.59610 -15.80957 167.99486 0.09261 0.06229 -11.34090 -28.54939 144.76009 0.2422 3.887e+12 9.054e+11
262 -1 6.0361e+11 145.09 0.00 200.157 69.630 30 94.78661 10.88950 98.25162 -131.22 102.28 144.57 7.763e+12 -7.179e+12 -1.294e+11 0.97081 69.63013 9.0542e+11 6.0361e+11 0.0000e+00 0.0000e+00 0.0000e+00 195.52275 289.72 0.68724 0.00000 0.00000 0.00000 0.00000 0.00000 0.00000 0.00000 0.00000 0.00000 0.00000 0.0000 2.324e+12 6.036e+11
263 268 2.4145e+12 229.83 125.85 317.729 115.727 30 25.64820 68.73473 37.06087 146.39 -147.16 -2.88 -1.720e+13 -6.799e+12 4.506e+12 0.09068 115.72705 2.4145e+12 2.4145e+12 1.5090e+12 0.0000e+00 0.0000e+00 59.05013 56.62 0.12271 0.79077 0.32098 128.14116 -10.33049 5.91186 0.00000 0.00000 0.00000 0.00000 0.00000 0.3704 2.760e+12 3.622e+12
264 271 2.7163e+12 245.83 140.93 330.451 82.545 28 45.92991 91.07980 57.90144 344.54 101.50 -55.77 5.966e+12 2.224e+12 5.078e+12 0.03076 82.54539 2.7163e+12 3.3199e+12 1.5090e+12 0.0000e+00 0.0000e+00 180.27982 0.00 0.04316 0.35129 0.00000 151.47954 -39.36084 -81.25612 0.00000 0.00000 0.00000 0.00000 0.00000 0.4051 3.791e+12 2.716e+12
265 254 1.8108e+12 224.21 130.17 288.676 51.690 28 62.47415 19.73710 8.13985 375.51 86.40 -10.76 -1.969e+12 -2.473e+11 1.567e+11 0.01627 51.69049 1.8108e+12 2.1127e+12 1.5090e+12 9.0542e+11 0.0000e+00 18.40324 16.24 0.02073 0.60881 0.16926 82.47679 -60.54957 19.20010 0.00000 0.00000 -22.54105 71.63429 25.23804 0.3451 3.485e+12 1.207e+12
266 275 1.8108e+12 243.99 97.66 288.676 32.516 27 88.29376 21.22568 54.43947 41.29 182.51 22.67 1.695e+12 -1.775e+11 -1.633e+11 0.01534 32.51606 1.8108e+12 3.3199e+12 1.5090e+12 1.5090e+12 0.0000e+00 42.74731 0.00 0.01784 0.35112 0.23455 76.04565 -10.06066 117.94345 0.45268 0.00000 47.80368 -0.22885 117.03860 0.2209 3.625e+12 3.018e+11
267 55 1.2072e+12 187.90 109.40 252.182 62.067 27 96.54134 20.66695 1.44188 -563.86 -338.18 -10.06 -1.247e+11 -4.260e+11 2.538e+12 0.05935 62.06697 1.2072e+12 1.2072e+12 3.0181e+11 0.0000e+00 0.0000e+00 92.27796 240.11 0.05275 0.50319 0.30053 84.93101 97.89693 5.26140 0.00000 0.00000 0.00000 0.00000 0.00000 3.9798 3.477e+12 1.207e+12
268 -1 1.8108e+12 211.06 131.08 288.676 87.544 27 34.85468 14.85337 4.80705 -92.49 -297.68 520.76 7.835e+12 -8.464e+12 -5.827e+12 0.10807 87.54446 1.8108e+12 1.8108e+12 0.0000e+00 0.0000e+00 0.0000e+00 91.12045 29.32 0.13459 0.61182 0.24359 -102.57772 13.59552 182.82776 0.00000 0.00000 0.00000 0.00000 0.00000 2.0155 2.193e+12 2.113e+12
269 -1 6.0361e+11 144.43 0.00 200.157 77.910 26 66.92510 51.12968 48.11916 -2.16 40.14 -1.37 -9.051e+11 1.136e+12 2.040e+12 0.06134 77.91027 6.0361e+11 6.0361e+11 0.0000e+00 0.0000e+00 0.0000e+00 159.46658 87.78 0.16276 0.00000 0.00000 0.00000 0.00000 0.00000 0.00000 0.00000 0.00000 0.00000 0.00000 0.0000 2.687e+12 6.036e+11
270 257 2.1127e+12 224.03 210.48 303.897 83.337 26 43.70444 29.20512 48.91390 314.19 -224.77 -90.04 -2.008e+13 -7.870e+12 8.666e+12 0.09836 83.33704 2.1127e+12 2.1127e+12 0.0000e+00 0.0000e+00 0.0000e+00 116.29379 110.88 0.18723 0.15124 0.00000 192.03911 -97.19086 20.48992 0.00000 0.00000 0.00000 0.00000 0.00000 1.3923 2.712e+12 2.113e+12
271 -1 1.5090e+12 207.88 124.44 271.654 53.852 25 5.55626 91.53194 80.29610 0.39 369.18 92.31 -7.467e+12 -3.466e+12 -5.695e+12 0.07158 53.85234 1.5090e+12 1.5090e+12 1.5090e+12 0.0000e+00 0.0000e+00 72.43236 0.00 0.14128 0.92272 0.00000 -17.02709 159.03012 48.38368 0.00000 0.00000 0.00000 0.00000 0.00000 0.5786 2.650e+12 6.036e+11
272 -1 9.0542e+11 179.85 120.99 229.122 38.354 25 70.61893 28.44218 6.75600 415.26 -567.99 -102.28 -4.365e+11 -2.468e+11 -4.957e+12 0.04291 38.35447 9.0542e+11 9.0542e+11 9.0542e+11 3.0181e+11 0.0000e+00 92.97247 0.00 0.16474 0.00000 0.00000 0.00000 0.00000 0.00000 0.00000 0.00000 0.00000 0.00000 0.00000 1.2378 2.809e+12 3.018e+11
