#ID DescID Mvir Vmax Vrms Rvir Rs Np X Y Z VX VY VZ JX JY JZ Spin rs_klypin Mvir_all M200b M200c M500c M2500c Xoff Voff spin_bullock b_to_a c_to_a A[x] A[y] A[z] b_to_a(500c) c_to_a(500c) A[x](500c) A[y](500c) A[z](500c) T/|U| M_pe_Behroozi M_pe_Diemer
#a = 0.413035
#Om = 0.285000; Ol = 0.715000; h = 0.695000
#FOF linking length: 0.280000
#Unbound Threshold: 0.500000; FOF Refinement Threshold: 0.700000
#Particle mass: 3.01807e+11 Msun/h
#Box size: 100.000000 Mpc/h
#Force resolution assumed: 0.0976562 Mpc/h
#Units: Masses in Msun / h
#Units: Positions in Mpc / h (comoving)
#Units: Velocities in km / s (physical, peculiar)
#Units: Halo Distances, Lengths, and Radii in kpc / h (comoving)
#Units: Angular Momenta in (Msun/h) * (Mpc/h) * km/s (physical)
#Units: Spins are dimensionless
#Np is an internal debugging quantity.
#Rockstar Version: 0.99.9-RC3
0 4 4.1348e+13 710.37 756.56 863.961 285.314 222 6.10531 4.56069 92.96343 -279.27 135.21 367.78 1.433e+14 1.108e+14 7.324e+13 0.00969 307.21188 4.1348e+13 4.1348e+13 3.4708e+13 2.3541e+13 7.5452e+12 38.59896 22.02 0.01326 0.34026 0.30005 129.16129 3.18709 -73.37387 0.43714 0.29144 97.09444 5.00070 -48.66365 0.6852 3.799e+13 5.463e+13
1 2 5.6740e+13 820.22 920.05 960.079 191.033 247 4.16253 4.35882 95.34804 65.53 287.00 -173.19 -5.242e+14 4.353e+14 -4.774e+14 0.02448 216.84932 5.6740e+13 5.6438e+13 5.3420e+13 3.6519e+13 1.5996e+13 44.85002 39.19 0.03333 0.76924 0.54455 135.98131 24.28180 -51.27322 0.72813 0.63622 85.01308 35.82830 52.76587 0.7189 5.173e+13 4.859e+13
2 3 7.8470e+12 412.32 427.43 496.492 149.849 35 4.93905 4.51632 94.68153 55.72 263.55 -352.22 -3.809e+13 5.706e+13 1.926e+13 0.02942 149.84851 8.1488e+12 7.8470e+12 5.7343e+12 9.0542e+11 0.0000e+00 70.04568 37.55 0.07718 0.53807 0.03681 17.78740 215.81960 11.94536 0.62325 0.31704 118.01048 -9.56998 -0.95018 0.8825 7.104e+12 9.054e+12
3 12 7.5150e+13 864.49 865.81 1054.356 466.976 362 23.26381 10.56119 2.79105 -101.90 92.36 165.59 1.333e+15 1.188e+15 -3.242e+14 0.03670 401.43967 7.5150e+13 7.3641e+13 6.6398e+13 3.2595e+13 1.2676e+13 95.28358 35.98 0.04552 0.60615 0.31902 163.92273 29.33176 38.97350 0.71205 0.42898 105.17403 11.02817 25.29741 0.6103 6.219e+13 9.839e+13
4 13 2.4145e+12 304.18 414.50 335.185 50.435 63 26.04274 11.68535 4.16696 -234.31 -238.61 133.78 3.669e+12 1.510e+13 9.184e+11 0.11571 50.43521 2.4145e+12 2.4145e+12 2.4145e+12 1.5090e+12 0.0000e+00 99.72724 0.00 0.12025 0.22058 0.02977 63.57867 149.04150 71.06100 0.13880 0.00000 52.79485 144.88927 59.83981 1.8736 6.822e+12 1.509e+12
5 14 3.6519e+13 688.23 670.83 828.926 270.372 200 71.48254 59.35669 49.34212 -57.86 203.09 -34.30 -2.819e+14 -3.226e+13 -1.417e+14 0.02181 250.98622 3.6519e+13 3.5311e+13 3.2293e+13 2.1127e+13 4.8289e+12 55.03348 29.71 0.02648 0.73019 0.48666 22.61565 129.06082 -95.98643 0.76553 0.41936 -1.57017 -46.23916 112.35732 0.5957 3.076e+13 4.135e+13
6 16 7.8470e+12 405.95 436.15 496.492 211.247 51 71.74013 61.82269 47.66253 -4.18 -134.68 291.70 -1.934e+13 9.833e+12 8.466e+13 0.01387 211.24715 7.8470e+12 5.7343e+12 5.1307e+12 0.0000e+00 0.0000e+00 94.01340 36.91 0.09466 0.58555 0.10563 -4.77230 158.71504 -113.37300 0.00000 0.00000 0.00000 0.00000 0.00000 1.0188 1.470e+13 1.781e+13
7 15 9.0542e+11 197.81 45.87 241.710 98.164 86 72.56798 61.94918 47.78812 -744.80 -13.04 389.34 8.887e+11 -9.123e+11 1.081e+12 0.03264 98.16367 9.0542e+11 6.0361e+11 6.0361e+11 0.0000e+00 0.0000e+00 71.68831 45.87 0.06618 0.00000 0.00000 0.00000 0.00000 0.00000 0.00000 0.00000 0.00000 0.00000 0.00000 0.2596 7.233e+12 2.113e+12
8 22 9.0542e+12 506.37 444.90 520.748 55.153 42 53.36801 41.68265 58.86863 -469.85 752.23 155.80 -3.061e+13 -5.175e+13 2.151e+13 0.04994 55.15326 9.9596e+12 9.0542e+12 9.0542e+12 8.1488e+12 0.0000e+00 25.16528 66.94 0.05449 0.64113 0.46797 -48.46628 105.45928 58.99895 0.69611 0.20569 -30.98264 71.62375 63.29540 0.5627 9.962e+12 4.225e+12
9 23 7.0925e+13 928.66 991.35 1034.213 229.156 227 53.29657 41.99720 59.12127 76.89 -260.68 -388.61 -6.373e+13 3.149e+14 5.707e+14 0.01447 165.52197 7.0925e+13 7.0623e+13 6.9114e+13 5.0402e+13 1.7505e+13 109.70914 73.56 0.01809 0.73551 0.32668 36.40017 33.79141 137.03392 0.57555 0.28503 24.59958 26.54272 109.92561 0.6855 6.747e+13 6.911e+13
10 33 1.5090e+13 534.75 520.26 617.416 125.294 96 52.09234 13.28685 40.38957 81.60 548.52 36.03 5.293e+13 1.571e+13 1.559e+14 0.04502 125.29443 1.5090e+13 1.5090e+13 1.4487e+13 9.3560e+12 0.0000e+00 52.08308 0.00 0.06025 0.56617 0.36169 68.29211 142.18779 -25.37807 0.82248 0.19683 32.25907 95.77083 13.88752 0.6609 1.626e+13 1.298e+13
11 34 9.3560e+12 443.95 413.70 526.471 133.709 44 52.50502 14.44998 40.61274 -146.52 252.06 -173.59 -4.092e+13 -4.784e+13 4.363e+12 0.03763 133.70938 9.3560e+12 9.3560e+12 9.0542e+12 4.5271e+12 0.0000e+00 33.98132 0.00 0.05098 0.55001 0.22949 -43.76931 84.42351 119.72039 0.35601 0.08653 -3.72154 80.33701 38.05415 0.6269 8.112e+12 9.658e+12
12 35 2.2334e+13 625.98 614.49 703.609 119.135 98 53.15374 15.93892 40.95897 -251.74 -11.81 -26.43 3.115e+13 -9.976e+13 1.331e+13 0.01695 119.13483 2.2334e+13 2.2032e+13 2.1127e+13 1.5694e+13 4.5271e+12 78.11800 0.00 0.01996 0.82389 0.54715 1.20852 81.20890 90.57144 0.92534 0.46898 7.00897 64.22381 68.97215 0.6149 2.042e+13 1.720e+13
13 83 9.0542e+11 215.97 117.55 241.710 39.850 62 51.36451 17.61865 44.14387 -159.26 60.22 -452.38 -6.578e+11 6.230e+11 5.498e+11 0.01348 39.84987 9.0542e+11 9.0542e+11 9.0542e+11 3.0181e+11 0.0000e+00 92.78783 0.00 0.04198 0.00000 0.00000 0.00000 0.00000 0.00000 0.00000 0.00000 0.00000 0.00000 0.00000 0.7115 4.471e+12 6.036e+11
14 24 1.2374e+13 517.87 455.35 577.895 93.605 94 70.92273 60.29899 56.34960 33.91 231.00 -728.88 -2.598e+13 5.168e+13 3.443e+13 0.02904 93.60488 1.2374e+13 1.2374e+13 1.1167e+13 7.8470e+12 0.0000e+00 45.20113 0.00 0.03413 0.78859 0.20126 -3.63788 141.03362 -26.53641 0.37834 0.02006 -23.71733 28.86927 102.45341 0.5583 1.183e+13 8.752e+12
15 25 4.4969e+13 766.61 805.75 888.484 230.847 187 71.27508 62.32871 54.98308 -9.36 -121.52 -382.34 -2.469e+14 -9.416e+13 -3.583e+14 0.01949 185.48166 4.4969e+13 4.4969e+13 4.2253e+13 2.7163e+13 7.2434e+12 85.52402 47.95 0.02628 0.43811 0.23082 45.82312 124.31702 -102.74905 0.48871 0.16417 26.32180 99.41869 -91.94499 0.6934 3.937e+13 4.587e+13
16 20 5.2816e+13 820.58 828.44 937.419 205.874 220 58.72858 31.40853 31.69180 -263.51 -267.02 86.22 -5.923e+14 1.063e+14 -4.382e+14 0.02749 176.41197 5.2816e+13 5.2514e+13 5.0402e+13 3.5915e+13 1.0261e+13 97.27522 105.91 0.03360 0.65372 0.34238 99.25832 125.03335 -16.95552 0.52242 0.28550 76.10493 110.45850 -9.32831 0.6349 4.546e+13 4.769e+13
17 20 4.2253e+12 333.76 256.20 403.921 131.182 39 59.72007 32.59780 31.25811 -354.22 -763.39 -29.11 -8.152e+12 2.253e+13 -8.177e+12 0.05738 131.18227 4.2253e+12 4.2253e+12 3.0181e+12 1.8108e+12 0.0000e+00 32.67856 57.04 0.07693 0.72192 0.43807 -80.97797 131.84431 140.56181 0.39511 0.08611 -45.68388 19.80811 123.55418 0.5216 5.198e+12 5.131e+12
18 17 2.0523e+13 598.94 569.20 684.054 128.519 107 73.98685 17.41112 1.02676 37.04 265.88 116.96 -1.302e+13 -6.168e+13 1.093e+14 0.02231 128.51926 2.0523e+13 2.0221e+13 1.7203e+13 1.1770e+13 6.3380e+12 21.63944 0.00 0.02752 0.79204 0.42812 -50.33165 85.42686 -4.89074 0.61203 0.34316 77.22880 -24.69782 -1.86935 0.6261 1.732e+13 1.388e+13
19 18 3.6217e+12 315.52 319.48 383.691 136.069 29 72.54115 20.41225 0.80433 43.20 146.53 -126.22 -1.754e+13 1.042e+13 1.411e+13 0.02579 136.06944 3.6217e+12 3.6217e+12 2.4145e+12 0.0000e+00 0.0000e+00 71.54565 34.60 0.09747 0.64155 0.13252 -48.72007 161.39040 -8.79541 0.00000 0.00000 0.00000 0.00000 0.00000 0.9317 3.491e+12 4.527e+12
20 18 2.2937e+13 749.29 749.35 709.892 52.960 119 71.75163 22.24113 0.13972 142.48 -90.88 146.38 -5.727e+13 1.980e+14 1.945e+13 0.03099 52.95959 2.2937e+13 2.2937e+13 2.2032e+13 1.8712e+13 1.0261e+13 71.70774 0.00 0.03753 0.90306 0.63465 -31.07144 94.57770 1.78076 0.78705 0.54329 -6.75367 90.14458 13.87687 0.7081 2.369e+13 9.960e+12
21 26 4.3158e+13 778.88 769.29 876.394 199.944 195 38.13541 16.16397 42.15998 189.68 197.95 86.22 -4.417e+14 3.890e+14 2.432e+14 0.03380 149.37422 4.3158e+13 4.3158e+13 4.1951e+13 2.9577e+13 7.2434e+12 61.10910 16.81 0.04025 0.90129 0.58170 93.09486 109.99542 31.71171 0.67784 0.50667 -72.49415 79.38090 29.36761 0.6232 3.999e+13 4.195e+13
22 27 9.0542e+11 201.29 93.73 241.710 70.403 27 39.14251 17.94684 42.71970 144.41 -268.10 -88.40 7.661e+11 1.251e+12 2.536e+12 0.18963 70.40316 9.0542e+11 9.0542e+11 6.0361e+11 3.0181e+11 0.0000e+00 127.20625 141.39 0.11605 0.00000 0.00000 0.00000 0.00000 0.00000 0.00000 0.00000 0.00000 0.00000 0.00000 9.4764 2.489e+12 9.054e+11
23 28 1.2072e+12 232.87 94.51 266.036 50.082 37 38.53016 19.97581 42.99243 302.33 -351.91 -57.82 -1.823e+11 -1.885e+12 -8.502e+11 0.03158 50.08190 1.2072e+12 1.2072e+12 1.2072e+12 0.0000e+00 0.0000e+00 55.86403 0.00 0.05091 0.34836 0.01738 -83.93784 168.63757 -18.43731 0.00000 0.00000 0.00000 0.00000 0.00000 0.2391 3.596e+12 6.036e+11
24 31 2.5654e+13 722.25 732.90 736.875 75.251 113 93.85778 42.59667 61.16383 -234.88 -234.10 120.61 -1.005e+14 -5.600e+13 -2.866e+14 0.03878 75.25095 2.5654e+13 2.5654e+13 2.3541e+13 2.2334e+13 6.9416e+12 51.39758 0.00 0.04645 0.69619 0.55628 99.94953 -62.83434 28.37524 0.78227 0.59044 95.82406 -37.92026 17.65217 0.6798 2.744e+13 1.418e+13
25 30 3.0181e+12 303.23 249.67 361.067 95.557 50 92.78136 42.93290 60.92517 340.19 -40.11 -38.02 1.367e+13 2.383e+13 -1.787e+13 0.09031 95.55667 3.0181e+12 3.0181e+12 2.7163e+12 0.0000e+00 0.0000e+00 85.32288 25.95 0.17451 0.69635 0.48283 -64.66309 140.12656 131.58101 0.00000 0.00000 0.00000 0.00000 0.00000 0.7100 5.781e+12 3.018e+12
26 31 3.6217e+12 378.03 389.44 383.691 38.274 25 94.58160 42.04451 61.62741 -344.67 36.03 -41.13 -1.536e+12 5.078e+10 -7.752e+12 0.00524 38.27366 3.9235e+12 3.6217e+12 3.6217e+12 3.0181e+12 0.0000e+00 27.47790 53.88 0.03105 0.65550 0.30711 12.71045 73.46273 102.37050 0.42843 0.11842 21.87272 66.75726 124.86709 0.9806 4.076e+12 1.207e+12
27 32 1.0563e+13 463.79 420.99 548.206 134.957 53 95.29256 41.76310 62.26016 -375.77 -462.98 -400.37 2.196e+12 7.304e+13 2.704e+13 0.04359 134.95682 1.0865e+13 1.0563e+13 9.9596e+12 6.3380e+12 1.2072e+12 8.77349 16.46 0.05142 0.41020 0.34991 108.89301 -61.55460 146.40860 0.88197 0.59775 -19.25322 82.53622 -43.07678 0.5571 8.902e+12 1.026e+13
28 38 1.4185e+13 520.77 511.97 604.812 128.289 97 67.69457 80.99496 48.05718 3.83 80.87 -117.86 -1.565e+13 -1.043e+14 1.640e+13 0.03443 128.28854 1.4185e+13 1.4185e+13 1.3280e+13 8.1488e+12 3.3199e+12 102.21629 0.00 0.04311 0.57702 0.47621 85.81120 -32.85146 52.51614 0.68296 0.56317 56.27577 -27.09916 53.52979 0.6252 1.232e+13 1.177e+13
29 39 2.4145e+12 292.98 248.17 335.185 63.718 26 64.51329 86.31694 44.41723 197.97 72.00 198.39 1.193e+13 -5.368e+12 1.348e+13 0.06349 63.71830 2.4145e+12 2.4145e+12 2.4145e+12 0.0000e+00 0.0000e+00 143.85344 0.00 0.14506 0.64109 0.09630 -139.08231 151.70827 -28.89978 0.00000 0.00000 0.00000 0.00000 0.00000 0.7898 3.588e+12 1.509e+12
30 29 8.1488e+12 515.72 529.31 502.777 42.146 108 28.25370 12.14533 4.62511 -243.46 69.14 139.40 2.992e+13 8.108e+13 4.513e+13 0.02550 42.14583 8.1488e+12 7.8470e+12 7.2434e+12 4.2253e+12 3.6217e+12 46.05667 125.38 0.09917 0.41806 0.20354 20.74047 83.99749 -52.96282 0.48523 0.16361 8.24840 66.16570 -51.54236 0.9627 1.339e+13 3.923e+12
31 29 5.1307e+12 365.21 376.78 430.927 104.366 26 30.96628 12.24040 4.92924 -219.43 253.67 225.90 -9.063e+12 -4.540e+13 1.083e+13 0.03963 104.36630 5.1307e+12 5.1307e+12 4.8289e+12 2.4145e+12 0.0000e+00 37.86656 109.91 0.10455 0.62705 0.21649 83.63219 -47.90915 -21.82327 0.84425 0.03375 -50.22475 62.12048 23.08203 0.8925 4.921e+12 4.829e+12
32 29 6.0361e+12 390.94 454.63 454.916 97.964 36 32.11132 12.27027 5.02214 -383.59 131.27 252.50 -8.313e+12 -3.695e+13 -3.651e+12 0.01975 97.96401 6.0361e+12 6.0361e+12 6.0361e+12 3.6217e+12 0.0000e+00 22.53516 0.00 0.06382 0.31579 0.01719 166.17421 2.32216 -65.83449 0.67272 0.07557 87.65505 13.19863 -64.31675 1.0695 9.101e+12 5.131e+12
33 36 3.1992e+13 793.22 790.39 793.151 52.162 156 73.17113 69.28110 53.26602 -144.03 -150.59 -198.35 -1.265e+14 2.412e+13 1.644e+14 0.01849 74.06103 3.1992e+13 3.1992e+13 3.1388e+13 2.5050e+13 1.3280e+13 79.04925 18.07 0.02174 0.85703 0.69438 92.46038 69.71352 30.70461 0.94243 0.74071 88.52717 48.25434 -17.75298 0.6777 3.330e+13 1.026e+13
34 36 5.1307e+12 353.05 384.81 430.927 167.941 61 74.16777 69.81635 53.64186 -743.98 -162.50 -265.64 -1.457e+13 -2.688e+13 4.757e+12 0.00983 167.94070 5.4325e+12 3.6217e+12 3.6217e+12 6.0361e+11 0.0000e+00 19.23634 56.07 0.06804 0.00000 0.00000 -53.48206 190.30762 50.30060 0.00000 0.00000 0.00000 0.00000 0.00000 0.9816 7.938e+12 1.026e+13
35 40 4.4366e+13 802.58 803.92 884.491 243.596 203 54.46471 28.16748 36.13311 -68.13 -87.97 -84.60 -2.264e+13 -2.194e+14 -2.004e+14 0.01489 133.18005 4.4366e+13 4.4366e+13 4.2253e+13 2.7766e+13 1.3280e+13 60.45966 37.66 0.01799 0.64860 0.41941 -57.62935 -5.90031 127.34019 0.64192 0.48275 -20.76107 17.71320 101.28371 0.6460 3.757e+13 4.769e+13
36 43 9.0542e+11 197.60 116.98 241.710 104.035 54 80.07384 16.05570 2.77260 -146.74 -85.69 -116.04 -3.930e+12 3.750e+11 1.127e+12 0.12412 104.03526 9.0542e+11 0.0000e+00 0.0000e+00 0.0000e+00 0.0000e+00 76.24271 57.50 0.16262 0.00000 0.00000 0.00000 0.00000 0.00000 0.00000 0.00000 0.00000 0.00000 0.00000 3.3129 3.334e+12 2.414e+12
37 43 1.0261e+13 444.56 369.30 542.934 215.968 85 82.32349 14.86914 1.83387 -224.18 162.05 -8.04 -3.027e+13 1.595e+13 1.860e+13 0.01681 215.96793 1.0261e+13 9.9596e+12 1.5090e+12 3.0181e+11 0.0000e+00 198.24400 13.53 0.02698 0.14121 0.03629 254.70467 -93.45358 -203.40051 0.00000 0.00000 0.00000 0.00000 0.00000 0.6477 9.380e+12 1.449e+13
38 44 4.5271e+12 347.92 310.26 413.318 106.832 53 86.60033 14.12456 0.12974 -48.25 -81.81 52.71 1.559e+12 1.297e+12 -1.681e+13 0.02892 106.83176 4.5271e+12 4.5271e+12 3.9235e+12 1.8108e+12 0.0000e+00 56.20979 71.50 0.04586 0.17998 0.03683 11.22975 -45.11921 110.45824 0.42303 0.15206 9.56412 118.50515 -73.38056 0.6791 4.573e+12 4.527e+12
39 41 2.5654e+13 684.09 677.56 736.875 97.955 165 46.21947 28.79328 45.57346 188.97 -189.17 -29.46 -4.508e+13 3.363e+12 -2.372e+13 0.00648 97.95507 2.5654e+13 2.5352e+13 2.3843e+13 1.8410e+13 9.3560e+12 29.74697 0.00 0.00768 0.70362 0.63894 -51.77534 59.61310 102.16040 0.75501 0.67825 -34.47383 50.98105 77.86318 0.6462 2.451e+13 1.600e+13
40 10 3.3802e+13 677.15 671.11 807.843 505.069 140 74.78745 4.50714 30.66647 -218.57 -105.75 -139.30 3.036e+13 -3.769e+13 -1.270e+14 0.01058 218.17781 3.3802e+13 3.3802e+13 3.1690e+13 1.5996e+13 8.4506e+12 93.46670 13.91 0.01291 0.47742 0.31220 79.09075 28.51458 96.07939 0.63303 0.39320 51.66692 5.20784 68.19948 0.6091 2.918e+13 4.406e+13
41 42 1.6901e+13 660.06 626.25 641.185 52.949 157 66.70588 94.14015 67.33179 -58.08 357.90 -207.95 4.377e+13 9.679e+12 -5.749e+13 0.01938 52.94908 1.6901e+13 1.6901e+13 1.5694e+13 1.4185e+13 6.3380e+12 49.58597 0.00 0.02198 0.67768 0.51587 86.03950 38.85558 17.26688 0.44765 0.34123 67.63367 43.07490 20.58650 0.6476 1.837e+13 7.545e+12
42 48 1.4789e+13 518.49 456.70 613.272 151.908 100 99.37988 22.10634 75.51048 5.53 31.61 79.05 4.595e+13 2.479e+13 -3.232e+13 0.01954 151.90839 1.4789e+13 1.4789e+13 1.2374e+13 6.0361e+12 2.7163e+12 82.60504 0.00 0.02313 0.89928 0.35998 -6.76882 112.05489 -42.95758 0.28513 0.07807 25.47851 66.26888 64.19542 0.5437 1.443e+13 1.479e+13
43 49 6.3380e+12 384.06 243.95 462.375 139.177 43 99.61280 22.01431 76.42634 -27.16 53.87 -293.18 1.870e+13 2.575e+13 1.222e+13 0.04506 139.17674 6.3380e+12 6.3380e+12 6.0361e+12 3.0181e+11 0.0000e+00 43.64170 12.72 0.05271 0.12456 0.05295 52.23010 -93.76305 117.22337 0.00000 0.00000 0.00000 0.00000 0.00000 0.3464 5.324e+12 7.243e+12
44 51 2.3843e+13 672.87 660.00 719.112 91.783 123 42.02590 42.35981 82.58614 122.29 -246.31 -252.99 -1.716e+14 1.461e+14 -1.309e+14 0.03874 91.78288 2.3843e+13 2.3843e+13 2.2937e+13 1.8108e+13 7.8470e+12 28.07441 0.00 0.04429 0.55927 0.47257 11.80782 35.65108 109.48449 0.64970 0.33150 -3.97392 45.27655 79.33109 0.6245 2.280e+13 1.388e+13
45 52 2.8068e+13 684.19 661.98 759.303 119.042 133 65.83734 64.30270 38.55878 -77.74 -8.28 169.08 2.036e+13 -1.182e+14 9.088e+13 0.01757 119.04190 2.8068e+13 2.7766e+13 2.7163e+13 1.8712e+13 8.7524e+12 108.00870 0.00 0.01949 0.86769 0.75248 -20.63331 117.85657 -20.10832 0.83369 0.62558 52.27021 73.33012 -32.60438 0.5815 2.499e+13 1.932e+13
46 0 9.0542e+12 427.46 370.30 520.748 192.399 130 8.41091 2.13132 89.82410 -233.68 572.97 341.01 -7.788e+13 -1.057e+13 -1.412e+13 0.05108 192.39861 9.0542e+12 8.7524e+12 7.2434e+12 1.8108e+12 0.0000e+00 12.08185 25.93 0.06814 0.55701 0.37497 -14.02390 179.17374 79.43349 0.34256 0.00000 -54.43648 2.04050 99.44212 0.5699 1.336e+13 1.690e+13
47 55 4.5271e+12 378.07 256.20 413.318 59.492 71 39.11307 2.65961 4.58803 101.69 311.46 136.88 -5.680e+12 -1.145e+13 -7.032e+12 0.03599 59.49183 4.5271e+12 4.5271e+12 4.5271e+12 3.3199e+12 0.0000e+00 37.98734 0.00 0.03952 0.86433 0.46630 63.03302 65.31007 47.77636 0.69715 0.24047 35.97277 68.31087 60.30624 0.4008 8.868e+12 2.716e+12
48 56 1.2072e+13 559.10 499.80 573.158 59.822 56 40.00642 4.14847 6.27211 -146.87 244.20 -50.06 6.638e+13 -1.843e+13 4.875e+13 0.03811 59.82177 1.2072e+13 1.1770e+13 1.1770e+13 7.2434e+12 4.8289e+12 99.42210 13.63 0.04458 0.48791 0.28215 -74.82729 74.48325 -35.47523 0.54426 0.28232 71.03357 -63.41057 14.38230 0.6102 1.097e+13 6.338e+12
49 59 5.4325e+12 374.66 484.70 439.216 100.478 125 71.54084 22.81327 98.69471 119.03 -415.82 549.13 -1.894e+13 4.196e+13 -5.825e+13 0.11481 100.47765 5.4325e+12 5.4325e+12 5.4325e+12 6.0361e+11 0.0000e+00 28.11567 0.00 0.14843 0.12307 0.05381 17.83734 179.55817 -17.42596 0.00000 0.00000 0.00000 0.00000 0.00000 1.5221 9.934e+12 4.829e+12
50 50 2.9577e+13 696.01 711.58 772.674 121.376 124 65.14077 4.55038 71.95801 -34.84 73.16 -68.70 1.645e+14 -1.812e+14 -2.976e+14 0.03877 121.37557 2.9577e+13 2.8974e+13 2.8068e+13 2.0825e+13 8.7524e+12 104.12854 2.06 0.04571 0.52009 0.38260 101.65303 79.20982 -40.44949 0.50297 0.43367 80.20786 57.79873 -36.03233 0.6372 2.626e+13 2.143e+13
51 53 2.7163e+12 323.20 241.10 348.606 46.666 47 80.73010 83.61980 2.79704 -219.27 328.24 356.62 6.651e+12 5.413e+12 8.520e+12 0.05225 46.66602 2.7163e+12 2.7163e+12 2.7163e+12 0.0000e+00 0.0000e+00 61.44296 0.00 0.07672 0.27520 0.08536 -10.95872 100.55873 166.68434 0.00000 0.00000 0.00000 0.00000 0.00000 0.5744 4.358e+12 3.018e+11
52 54 1.1770e+13 512.81 433.77 568.341 88.401 71 79.27366 85.16135 4.69044 24.17 93.50 156.67 3.785e+13 -4.163e+13 -1.919e+13 0.02755 88.40141 1.1770e+13 1.1770e+13 1.1469e+13 6.0361e+12 0.0000e+00 75.06398 19.13 0.03276 0.60117 0.32769 78.02430 -69.63462 81.00587 0.70881 0.03017 -18.38742 58.42976 -54.11855 0.5583 1.117e+13 7.545e+12
53 45 2.4145e+12 290.49 243.48 335.185 67.694 45 24.17573 29.96083 63.59370 361.48 60.07 -30.78 -6.066e+12 -8.555e+12 -2.618e+12 0.03907 67.69360 2.4145e+12 2.1127e+12 2.1127e+12 9.0542e+11 0.0000e+00 146.64160 38.28 0.08349 0.40082 0.17787 34.49129 70.11211 -38.64788 0.40314 0.20905 -6.29361 87.51479 -35.67981 0.7732 3.695e+12 1.509e+12
54 46 4.5271e+12 344.04 293.36 413.318 121.080 63 27.08660 28.86722 63.69173 36.80 11.15 27.42 -1.232e+12 -1.075e+13 1.481e+12 0.02021 121.08022 4.5271e+12 4.5271e+12 3.3199e+12 1.2072e+12 0.0000e+00 80.74461 0.00 0.02959 0.06445 0.00000 161.51669 -20.68009 -16.01326 0.56073 0.10116 122.75934 -35.11520 -28.80462 0.5951 7.278e+12 5.734e+12
55 60 1.5090e+13 743.62 663.66 617.416 28.298 107 38.77351 21.54240 60.91003 107.33 340.51 -181.00 1.071e+12 4.788e+13 2.660e+13 0.01828 28.29775 1.5090e+13 1.4789e+13 1.4185e+13 1.1770e+13 9.0542e+12 40.47005 11.54 0.01995 0.89529 0.63051 -28.15280 28.45667 70.81506 0.85566 0.74582 -22.82892 47.61367 49.13228 0.6774 1.987e+13 6.036e+12
56 6 7.8470e+12 496.66 370.55 496.492 46.309 106 70.36435 2.94531 25.35551 130.61 1.71 120.59 -1.847e+13 -3.333e+13 -1.167e+13 0.04420 46.30919 7.8470e+12 7.8470e+12 7.2434e+12 6.0361e+12 3.3199e+12 50.79699 0.00 0.04316 0.73187 0.18604 -51.63372 58.32322 -46.84781 0.76791 0.19266 -5.65337 59.12776 -43.72666 0.4417 8.295e+12 3.320e+12
57 57 1.7505e+13 627.17 574.77 648.729 70.582 105 89.88269 35.54344 67.06827 -52.36 -146.92 -153.17 9.415e+12 -2.960e+13 5.444e+13 0.01659 70.58212 1.7505e+13 1.7203e+13 1.7203e+13 1.4789e+13 4.5271e+12 25.55589 0.00 0.01783 0.87250 0.49122 26.80487 103.94320 -21.74855 0.96678 0.46398 -5.98491 69.10320 68.60937 0.5799 1.892e+13 9.054e+12
58 61 1.1167e+13 505.78 414.48 558.455 85.001 61 38.15607 9.08656 9.14242 -0.17 298.73 -68.08 2.497e+13 1.877e+13 -6.463e+12 0.01616 85.00076 1.1167e+13 1.0563e+13 9.6578e+12 5.7343e+12 1.5090e+12 73.41863 0.00 0.01919 0.68132 0.45882 93.63741 -80.79552 -24.15137 0.78555 0.62995 -56.53234 16.89201 69.42619 0.5517 9.398e+12 6.036e+12
59 62 6.9416e+12 462.32 345.38 476.610 51.052 40 38.57447 10.50361 9.95516 -234.59 -28.46 -81.09 6.959e+12 -2.144e+13 3.129e+12 0.02958 51.05184 6.9416e+12 6.6398e+12 6.6398e+12 4.5271e+12 1.8108e+12 43.01558 14.01 0.03024 0.59230 0.29399 77.03837 86.09876 -28.91953 0.75499 0.36303 61.18292 61.13942 -40.08119 0.4533 6.804e+12 3.923e+12
60 64 6.3380e+12 379.66 302.48 462.375 169.561 97 96.03995 93.53323 90.88462 12.95 524.61 338.07 5.580e+12 -1.231e+13 2.384e+13 0.03064 169.56117 6.3380e+12 5.4325e+12 5.4325e+12 3.0181e+11 0.0000e+00 61.26180 37.12 0.04237 0.94796 0.64460 82.12850 123.50105 7.49372 0.00000 0.00000 0.00000 0.00000 0.00000 0.5467 6.529e+12 9.658e+12
61 66 1.2978e+13 486.04 433.09 587.143 185.405 97 65.38031 91.28126 27.19634 142.62 289.27 0.16 -1.483e+14 -1.129e+13 -4.418e+13 0.05714 185.40491 1.2978e+13 1.2978e+13 1.0563e+13 6.0361e+12 1.8108e+12 96.39814 15.86 0.07265 0.68436 0.44097 -16.80614 111.47164 -68.24437 0.54050 0.09000 -13.45266 58.93034 -54.78832 0.5751 1.085e+13 1.509e+13
62 67 1.8410e+13 672.67 622.24 659.727 56.706 96 71.71779 67.88515 55.02038 164.99 -52.69 -640.22 1.518e+14 -9.946e+13 4.591e+13 0.04490 56.70590 1.8410e+13 1.8410e+13 1.7505e+13 1.2676e+13 7.8470e+12 36.95901 0.00 0.04895 0.57869 0.45661 -24.17268 3.32542 104.66476 0.56206 0.44091 -33.45078 23.85073 85.43373 0.6135 1.874e+13 9.356e+12
63 11 4.8289e+12 349.20 313.38 422.306 135.609 69 78.48985 3.88333 32.84186 -389.56 29.29 -143.30 3.309e+13 -1.614e+13 1.198e+13 0.05023 135.60857 4.8289e+12 4.8289e+12 3.9235e+12 6.0361e+11 0.0000e+00 67.58189 0.00 0.09419 0.47418 0.14174 128.03690 90.04223 -48.81231 0.00000 0.00000 0.00000 0.00000 0.00000 0.7404 6.667e+12 6.640e+12
64 68 1.5694e+13 569.04 558.68 625.540 92.863 90 42.11515 85.37251 45.80762 111.94 49.00 -42.37 -1.558e+13 -5.688e+13 -1.097e+13 0.01661 92.86304 1.5694e+13 1.5392e+13 1.4789e+13 9.9596e+12 4.2253e+12 93.07836 13.78 0.02047 0.60806 0.42518 127.88310 8.91083 19.32852 0.49710 0.28180 107.03060 -20.94110 18.01633 0.6466 1.423e+13 9.960e+12
65 81 1.0261e+13 453.94 386.35 542.934 150.828 71 32.25166 13.79952 43.56285 403.10 31.84 -109.21 -7.046e+12 5.775e+13 9.732e+13 0.06430 150.82812 1.0261e+13 1.0261e+13 9.3560e+12 5.1307e+12 0.0000e+00 49.62033 0.00 0.07854 0.25829 0.13086 164.89116 23.30055 41.93602 0.30018 0.07017 117.52926 21.20134 18.97255 0.5371 8.961e+12 1.147e+13
66 71 1.6901e+13 717.59 610.92 641.185 38.201 89 34.57028 5.13815 41.04536 29.38 353.57 -28.22 -3.472e+13 3.175e+13 3.912e+13 0.01641 38.20115 1.6901e+13 1.6901e+13 1.5694e+13 1.2676e+13 6.9416e+12 35.02769 0.00 0.01845 0.73776 0.45408 -8.37846 90.86398 17.40507 0.62394 0.50012 -4.94815 68.07903 28.18196 0.6337 1.868e+13 5.433e+12
67 74 1.4185e+13 635.19 594.55 604.812 46.035 85 38.14966 83.16644 96.10683 164.46 135.57 60.42 4.766e+13 -7.260e+13 2.244e+13 0.03415 46.03512 1.4185e+13 1.4185e+13 1.3581e+13 1.2374e+13 7.5452e+12 47.16111 0.00 0.03622 0.42559 0.35273 37.13083 81.63070 55.20481 0.39947 0.25409 36.25027 73.38404 45.71336 0.6173 1.680e+13 6.036e+12
68 58 8.7524e+12 425.72 343.69 514.897 165.597 83 4.80565 3.34265 77.01700 -32.39 353.78 189.88 1.255e+13 3.126e+12 6.157e+13 0.04481 165.59660 8.7524e+12 8.1488e+12 7.8470e+12 2.1127e+12 0.0000e+00 104.82996 31.61 0.05680 0.26753 0.06146 -58.77200 184.62267 -91.27708 0.52208 0.00030 46.41647 39.36033 62.29882 0.5276 8.941e+12 9.960e+12
69 72 1.1167e+13 480.97 516.71 558.455 118.243 78 86.84247 14.13268 99.83900 -208.58 43.04 133.64 -2.347e+12 1.537e+13 5.092e+13 0.01356 118.24332 1.1167e+13 1.1167e+13 1.0865e+13 5.4325e+12 0.0000e+00 58.05148 0.00 0.03203 0.59657 0.15470 113.87363 -53.60751 -64.03674 0.58222 0.03836 20.61395 87.36249 9.22195 0.8781 9.935e+12 9.658e+12
70 70 3.9235e+12 326.83 277.80 394.066 121.059 77 43.11220 17.66249 46.60119 -89.94 142.28 -476.84 -3.659e+13 1.947e+13 6.783e+12 0.08860 121.05911 3.9235e+12 3.9235e+12 2.4145e+12 9.0542e+11 0.0000e+00 15.01519 0.00 0.14443 0.62882 0.16271 6.69676 34.22544 132.55081 0.67742 0.03880 -47.82855 -36.05424 77.77663 0.6499 8.870e+12 4.829e+12
71 69 3.6217e+12 315.32 243.26 383.691 137.968 75 51.42855 41.03958 48.84883 96.05 -111.77 40.00 -7.857e+11 1.324e+12 -6.997e+12 0.01819 137.96783 3.6217e+12 3.6217e+12 2.7163e+12 6.0361e+11 0.0000e+00 52.62345 52.75 0.02815 0.12503 0.00000 81.04357 -17.95799 13.13978 0.00000 0.00000 0.00000 0.00000 0.00000 0.5894 6.699e+12 4.829e+12
72 80 9.9596e+12 534.36 439.80 537.558 51.543 51 70.06747 39.28750 55.89796 -87.21 -215.91 -120.02 1.884e+13 1.234e+13 1.985e+13 0.02038 51.54334 9.9596e+12 9.9596e+12 9.9596e+12 6.3380e+12 4.2253e+12 36.45600 0.00 0.02186 0.77932 0.34048 67.06640 98.08907 -15.85286 0.62293 0.32922 -55.01843 -4.62022 58.34665 0.5424 9.526e+12 4.829e+12
73 73 7.5452e+12 493.85 353.16 490.043 44.269 73 96.54440 22.77963 1.55663 -368.00 -266.93 -34.98 1.901e+13 -2.690e+13 -1.206e+13 0.03967 44.26869 7.5452e+12 6.9416e+12 6.9416e+12 6.0361e+12 0.0000e+00 15.99587 21.55 0.04056 0.56714 0.36937 143.49980 -21.56600 61.49573 0.50366 0.04903 70.55328 -63.84691 69.78580 0.4519 8.462e+12 1.811e+12
74 82 4.5271e+12 379.81 233.75 413.318 58.016 72 62.12909 9.04213 89.21232 47.64 92.74 -3.03 6.129e+11 -2.993e+13 3.170e+12 0.07386 58.01648 4.5271e+12 4.5271e+12 4.2253e+12 3.6217e+12 0.0000e+00 24.86134 29.15 0.08156 0.46608 0.37056 149.32988 -36.51123 142.42502 0.39155 0.00000 51.14818 35.62074 71.27200 0.3604 4.713e+12 1.509e+12
75 -1 9.0542e+11 203.19 139.14 241.710 63.323 30 67.31886 25.16413 13.53127 -21.48 25.89 -50.62 -4.342e+11 2.715e+12 -1.343e+12 0.05237 63.32341 9.0542e+11 9.0542e+11 6.0361e+11 0.0000e+00 0.0000e+00 126.76949 69.10 0.12121 0.00000 0.00000 0.00000 0.00000 0.00000 0.00000 0.00000 0.00000 0.00000 0.00000 1.6112 2.689e+12 9.054e+11
76 -1 6.0361e+11 211.25 0.00 211.153 19.684 40 66.67267 26.01888 15.99076 33.22 -52.68 -63.59 0.000e+00 0.000e+00 0.000e+00 0.00000 19.68366 6.0361e+11 6.0361e+11 6.0361e+11 6.0361e+11 0.0000e+00 78.56681 0.00 0.00000 0.00000 0.00000 0.00000 0.00000 0.00000 0.00000 0.00000 0.00000 0.00000 0.00000 0.0000 4.072e+12 3.018e+11
77 84 1.5090e+12 275.17 170.10 286.579 32.200 67 65.07533 25.37914 88.98077 234.09 -6.74 6.85 1.426e+12 -1.309e+12 -9.595e+11 0.02224 32.19960 1.5090e+12 1.5090e+12 1.5090e+12 9.0542e+11 0.0000e+00 97.03178 0.00 0.03653 0.62771 0.20254 -2.02505 82.13949 61.10928 0.32971 0.00000 -24.46513 69.33015 37.02562 0.5386 6.180e+12 3.018e+11
78 76 9.6578e+12 435.52 324.51 532.073 214.272 64 59.99348 28.71157 86.18159 251.57 -271.10 136.11 5.502e+13 -3.348e+13 -2.115e+13 0.04138 214.27238 9.6578e+12 9.3560e+12 7.5452e+12 6.0361e+11 0.0000e+00 59.09248 12.28 0.05195 0.67879 0.24165 -96.85380 108.56158 -77.41422 0.00000 0.00000 0.00000 0.00000 0.00000 0.4696 8.233e+12 1.268e+13
79 93 6.9416e+12 416.53 289.19 476.610 90.694 61 21.58710 13.66698 29.98173 172.93 37.16 -32.11 -1.545e+13 2.284e+13 1.856e+13 0.03828 90.69424 6.9416e+12 6.9416e+12 6.6398e+12 1.5090e+12 0.0000e+00 33.35903 0.00 0.04417 0.93648 0.65190 47.39955 -32.50111 131.76173 0.63087 0.22411 92.94422 -44.62582 79.98412 0.4285 6.357e+12 6.036e+12
80 85 6.6398e+12 422.49 313.91 469.600 74.300 58 2.20539 17.78184 53.67192 -104.50 225.10 -140.35 -7.670e+12 -7.447e+12 -1.340e+13 0.02097 74.30003 6.6398e+12 6.6398e+12 6.3380e+12 3.9235e+12 0.0000e+00 31.47266 0.00 0.02453 0.02662 0.00000 -138.13141 189.08101 28.88956 0.54386 0.33462 -60.66170 98.62163 25.88638 0.4829 6.306e+12 4.225e+12
81 65 2.4145e+12 275.22 209.61 335.185 122.882 57 52.77071 46.09722 44.28062 26.77 -312.33 -29.84 -3.690e+12 -2.922e+11 5.190e+11 0.01186 122.88168 2.4145e+12 1.5090e+12 0.0000e+00 0.0000e+00 0.0000e+00 178.70306 24.71 0.02887 0.53953 0.02476 -64.45920 73.94537 233.33655 0.00000 0.00000 0.00000 0.00000 0.00000 0.7755 6.963e+12 4.527e+12
82 90 9.0542e+12 517.73 473.41 520.748 49.900 55 37.75226 52.37817 42.82883 229.19 -124.14 -27.72 2.600e+13 2.334e+13 -4.542e+13 0.04133 49.90028 9.0542e+12 9.0542e+12 8.7524e+12 6.3380e+12 3.9235e+12 52.61400 0.00 0.04890 0.58956 0.25719 78.83742 -52.11937 -30.80032 0.57922 0.25770 50.74454 -52.40177 -30.36912 0.6384 9.066e+12 4.225e+12
83 86 1.1167e+13 489.31 402.61 558.455 104.422 54 5.46100 13.07232 11.45736 -93.09 -135.72 -279.16 -3.354e+12 4.960e+13 9.211e+12 0.02733 104.42209 1.1167e+13 1.1167e+13 1.1167e+13 5.1307e+12 2.1127e+12 50.46713 0.00 0.03042 0.60013 0.25971 74.21999 -13.84873 -73.49959 0.74805 0.24616 70.75845 -4.72555 -33.27513 0.4929 1.037e+13 8.752e+12
84 92 1.2072e+12 226.09 337.72 266.036 62.860 52 77.13497 57.12206 50.47205 -695.78 -348.15 -59.06 -6.880e+12 4.059e+12 -1.494e+13 0.73092 62.85965 1.2072e+12 1.2072e+12 1.2072e+12 3.0181e+11 0.0000e+00 105.86804 327.95 0.41545 0.29703 0.14360 131.18646 85.81067 -70.30936 0.00000 0.00000 0.00000 0.00000 0.00000 6.9759 4.885e+12 1.207e+12
85 -1 6.0361e+11 208.75 0.00 211.153 20.744 52 70.72030 65.05439 44.85052 -42.19 80.32 378.89 0.000e+00 0.000e+00 0.000e+00 0.00000 20.74398 6.0361e+11 6.0361e+11 6.0361e+11 6.0361e+11 0.0000e+00 136.54709 0.00 0.00000 0.00000 0.00000 0.00000 0.00000 0.00000 0.00000 0.00000 0.00000 0.00000 0.00000 0.0000 3.119e+12 0.000e+00
86 79 1.0563e+13 454.16 363.22 548.206 171.139 51 51.63448 52.99890 39.88953 153.82 -149.05 -105.04 -8.087e+13 -4.398e+13 -2.119e+13 0.05550 171.13942 1.0563e+13 1.0563e+13 8.7524e+12 5.4325e+12 0.0000e+00 51.24557 0.00 0.06234 0.45500 0.23359 -10.01179 -81.72858 154.68091 0.40818 0.02237 -19.36162 131.40096 -53.52989 0.4504 8.922e+12 1.147e+13
87 96 1.8108e+12 267.19 161.23 304.536 56.419 47 82.40546 30.13480 67.00681 -125.73 -142.94 24.25 -6.482e+11 1.821e+12 4.297e+12 0.03740 56.41948 1.8108e+12 1.8108e+12 1.8108e+12 0.0000e+00 0.0000e+00 87.89491 0.00 0.05878 0.73445 0.48237 -26.51902 147.82742 31.39694 0.00000 0.00000 0.00000 0.00000 0.00000 0.4854 4.209e+12 1.207e+12
88 94 4.8289e+12 358.17 260.79 422.306 101.607 47 96.73382 24.59241 49.54673 -22.01 -248.96 219.87 8.662e+12 -8.886e+12 3.609e+12 0.02514 101.60692 4.8289e+12 4.5271e+12 4.2253e+12 9.0542e+11 0.0000e+00 42.33709 22.55 0.03144 0.11986 0.01846 -14.69251 31.15909 110.86509 0.19216 0.01685 -24.31784 28.43122 113.09585 0.4873 5.438e+12 4.527e+12
89 89 4.2253e+12 333.10 223.37 403.921 135.600 46 2.90915 12.72882 9.60591 -27.61 -176.68 -130.32 1.466e+13 -1.139e+13 6.512e+10 0.04397 135.60007 4.2253e+12 4.2253e+12 3.9235e+12 0.0000e+00 0.0000e+00 55.45255 12.22 0.05642 0.68621 0.46352 -16.07873 141.27963 -125.43742 0.00000 0.00000 0.00000 0.00000 0.00000 0.4102 4.814e+12 4.829e+12
90 19 3.6217e+12 320.37 282.69 383.691 108.256 44 70.80370 26.15208 3.53331 104.41 -420.13 143.46 2.231e+13 1.320e+13 1.228e+13 0.07544 108.25569 3.6217e+12 3.6217e+12 3.0181e+12 1.5090e+12 0.0000e+00 68.16895 0.00 0.11270 0.40681 0.08384 18.32544 11.13940 111.94631 0.43354 0.13650 35.05060 -21.75563 64.31374 0.6279 5.834e+12 3.622e+12
91 91 2.7163e+12 314.40 160.83 348.606 54.369 43 35.84823 27.73479 50.66723 457.93 -106.46 -114.33 3.437e+12 1.353e+12 -3.714e+12 0.02730 54.36858 2.7163e+12 2.7163e+12 2.7163e+12 3.0181e+11 0.0000e+00 54.80999 0.00 0.03325 0.30087 0.03296 -25.82844 103.07384 -94.26322 0.00000 0.00000 0.00000 0.00000 0.00000 0.3111 4.402e+12 1.207e+12
92 95 3.9235e+12 348.82 235.72 394.066 68.890 42 3.57056 99.05650 1.24426 -190.89 484.60 -12.04 -6.566e+12 9.684e+12 -3.014e+12 0.02925 68.88969 3.9235e+12 3.9235e+12 3.9235e+12 0.0000e+00 0.0000e+00 113.60854 0.00 0.04155 0.14968 0.01842 -24.13845 225.08098 -67.53939 0.00000 0.00000 0.00000 0.00000 0.00000 0.5300 5.150e+12 1.811e+12
93 97 5.7343e+12 444.90 323.98 447.204 42.729 41 71.60220 65.34778 55.01601 117.74 -166.99 -651.64 2.443e+13 3.100e+13 4.281e+12 0.06973 42.72882 5.7343e+12 5.7343e+12 5.1307e+12 3.9235e+12 1.2072e+12 27.30832 11.69 0.07253 0.87809 0.24616 8.15594 -44.02472 85.08062 0.12314 0.07919 88.86972 -5.94102 17.45123 0.4479 6.156e+12 3.018e+12
94 77 1.2072e+12 230.62 138.30 266.036 53.639 40 58.47344 0.52590 63.43758 121.43 -14.70 35.09 2.325e+12 2.069e+12 4.980e+12 0.05933 53.63936 1.2072e+12 1.2072e+12 1.2072e+12 0.0000e+00 0.0000e+00 78.03671 0.00 0.14399 0.71713 0.25090 -25.53324 -28.95471 161.03796 0.00000 0.00000 0.00000 0.00000 0.00000 0.6314 3.288e+12 6.036e+11
95 8 3.9235e+12 337.86 267.24 394.066 86.450 38 71.40594 4.58192 27.50101 -56.25 -76.75 -15.65 2.037e+13 1.748e+13 8.724e+11 0.06025 86.45031 3.9235e+12 3.9235e+12 3.9235e+12 6.0361e+11 0.0000e+00 19.50653 41.24 0.09235 0.18048 0.12561 31.79650 22.86219 87.62627 0.00000 0.00000 0.00000 0.00000 0.00000 0.6182 4.414e+12 3.320e+12
96 107 2.1127e+12 272.70 196.64 320.593 75.142 36 86.68030 70.38215 9.69467 -260.84 206.03 109.15 -7.867e+12 3.343e+11 9.898e+11 0.03765 75.14217 2.1127e+12 2.1127e+12 2.1127e+12 3.0181e+11 0.0000e+00 25.76848 0.00 0.07657 0.38405 0.01389 9.38043 76.26260 -52.25145 0.00000 0.00000 0.00000 0.00000 0.00000 0.6886 3.762e+12 2.113e+12
97 108 3.3199e+12 309.36 176.49 372.722 113.333 36 96.09185 28.32895 63.66652 1.17 143.60 85.52 3.733e+12 -1.001e+13 -3.754e+12 0.04172 113.33278 3.3199e+12 3.3199e+12 3.0181e+12 6.0361e+11 0.0000e+00 70.95406 10.10 0.05146 0.45052 0.01930 86.45181 73.70816 -3.90329 0.00000 0.00000 0.00000 0.00000 0.00000 0.3415 4.480e+12 3.622e+12
98 102 9.0542e+11 202.63 78.35 241.710 65.208 35 87.84018 52.64705 71.24444 -138.10 -302.76 -208.00 -2.138e+12 -1.257e+11 1.740e+12 0.03506 65.20757 9.0542e+11 9.0542e+11 6.0361e+11 0.0000e+00 0.0000e+00 87.64525 136.37 0.10928 0.00000 0.00000 0.00000 0.00000 0.00000 0.00000 0.00000 0.00000 0.00000 0.00000 1.3464 3.829e+12 9.054e+11
99 114 3.9235e+12 328.59 212.11 394.066 112.941 33 61.74704 42.40040 69.31725 16.32 -233.63 -305.14 1.101e+13 -8.578e+12 -1.539e+13 0.05866 112.94092 3.9235e+12 3.9235e+12 2.4145e+12 1.5090e+12 0.0000e+00 68.24148 0.00 0.07145 0.67734 0.46010 29.46738 36.18463 205.76923 0.70175 0.23636 -32.62897 109.13812 64.58124 0.3881 4.761e+12 4.527e+12
100 98 1.8108e+12 267.27 141.05 304.536 56.310 31 1.99204 25.12122 70.91174 -447.87 36.13 77.00 -1.403e+12 -2.771e+12 4.460e+12 0.05112 56.30967 1.8108e+12 1.8108e+12 1.8108e+12 9.0542e+11 0.0000e+00 41.06166 0.00 0.06780 0.50077 0.15683 24.17983 82.30450 48.61452 0.40609 0.11285 38.50883 107.86487 31.77781 0.3379 3.178e+12 9.054e+11
101 111 1.2072e+12 219.52 270.25 266.036 88.456 31 52.90237 28.17145 37.97223 143.90 -238.07 -307.03 7.148e+12 5.989e+12 -1.411e+13 0.45262 88.45570 1.2072e+12 1.2072e+12 0.0000e+00 0.0000e+00 0.0000e+00 111.15521 164.53 0.41478 0.73812 0.43499 -78.28286 90.81490 116.01953 0.00000 0.00000 0.00000 0.00000 0.00000 3.8674 2.854e+12 2.113e+12
102 78 9.0542e+11 218.39 223.94 241.710 37.297 30 56.99880 0.15418 66.84097 309.20 -82.87 177.82 1.035e+12 -4.688e+11 -8.114e+10 0.03533 37.29744 9.0542e+11 9.0542e+11 9.0542e+11 0.0000e+00 0.0000e+00 151.21671 0.00 0.04511 0.00000 0.00000 0.00000 0.00000 0.00000 0.00000 0.00000 0.00000 0.00000 0.00000 3.0787 2.098e+12 0.000e+00
103 103 1.2072e+12 230.18 114.53 266.036 54.403 30 41.03015 29.43884 75.85740 235.84 116.55 -217.58 -2.121e+12 -2.394e+12 1.859e+12 0.04367 54.40322 1.2072e+12 1.2072e+12 1.2072e+12 0.0000e+00 0.0000e+00 83.35429 0.00 0.09071 0.41435 0.00616 -14.63757 5.35379 160.46919 0.00000 0.00000 0.00000 0.00000 0.00000 0.5136 2.532e+12 9.054e+11
104 119 6.0361e+11 182.71 0.00 211.153 43.149 28 2.10143 99.50948 4.64620 -17.68 317.43 -99.65 1.737e+11 3.737e+10 1.612e+10 0.00291 43.14936 6.0361e+11 6.0361e+11 6.0361e+11 3.0181e+11 0.0000e+00 52.84024 47.09 0.01389 0.00000 0.00000 0.00000 0.00000 0.00000 0.00000 0.00000 0.00000 0.00000 0.00000 0.0000 2.802e+12 3.018e+11
105 110 3.6217e+12 356.79 205.07 383.691 50.573 26 55.10219 38.28164 53.18310 -249.17 -36.18 -84.76 3.716e+12 -1.231e+13 -3.208e+12 0.04926 50.57253 3.6217e+12 3.6217e+12 3.3199e+12 3.0181e+12 0.0000e+00 26.05536 0.00 0.05208 0.51602 0.37356 116.64171 0.50666 94.49386 0.29945 0.20059 101.12776 20.03472 69.88495 0.3229 3.666e+12 1.811e+12
106 12 9.0542e+11 233.48 254.47 241.710 26.402 25 21.02318 8.89549 0.70132 14.12 493.92 519.17 7.735e+11 1.288e+12 2.347e+11 0.05158 26.40234 9.0542e+11 9.0542e+11 9.0542e+11 6.0361e+11 0.0000e+00 117.43005 0.00 0.06023 0.00000 0.00000 0.00000 0.00000 0.00000 0.00000 0.00000 0.00000 0.00000 0.00000 2.7770 2.016e+12 0.000e+00
107 117 9.0542e+11 220.89 112.78 241.710 34.971 25 24.69364 58.58082 24.31051 216.10 -74.51 215.79 -8.305e+11 3.742e+11 4.125e+11 0.01619 34.97107 9.0542e+11 9.0542e+11 9.0542e+11 6.0361e+11 0.0000e+00 100.29282 0.00 0.03961 0.00000 0.00000 0.00000 0.00000 0.00000 0.00000 0.00000 0.00000 0.00000 0.00000 0.5746 2.304e+12 6.036e+11
108 120 4.5271e+12 392.37 250.34 413.318 49.069 25 79.27869 9.55848 62.26710 -106.64 142.00 24.20 4.168e+12 -4.681e+12 1.028e+13 0.02982 49.06929 4.5271e+12 3.9235e+12 3.6217e+12 2.4145e+12 0.0000e+00 48.14074 13.19 0.03262 0.39159 0.09825 85.66893 -47.42213 51.96021 0.62199 0.56129 53.11861 -35.71691 29.55344 0.4134 4.114e+12 2.113e+12
109 100 9.0542e+11 198.91 58.45 241.710 84.418 25 77.48367 32.81839 10.03598 -295.44 -374.32 -157.46 1.744e+12 3.629e+11 4.010e+10 0.02898 84.41815 9.0542e+11 9.0542e+11 6.0361e+11 0.0000e+00 0.0000e+00 124.61462 50.43 0.07058 0.00000 0.00000 0.00000 0.00000 0.00000 0.00000 0.00000 0.00000 0.00000 0.00000 0.4267 2.581e+12 1.509e+12
110 101 2.4145e+12 276.77 218.64 335.185 110.143 25 18.73042 12.49273 45.11100 307.73 40.90 -142.09 3.026e+11 3.982e+12 8.866e+12 0.03322 110.14291 2.4145e+12 2.4145e+12 1.5090e+12 0.0000e+00 0.0000e+00 55.64571 80.38 0.07511 0.23036 0.00000 -47.49368 -93.39116 166.55356 0.00000 0.00000 0.00000 0.00000 0.00000 0.7671 3.387e+12 3.622e+12
