#ID DescID Mvir Vmax Vrms Rvir Rs Np X Y Z VX VY VZ JX JY JZ Spin rs_klypin Mvir_all M200b M200c M500c M2500c Xoff Voff spin_bullock b_to_a c_to_a A[x] A[y] A[z] b_to_a(500c) c_to_a(500c) A[x](500c) A[y](500c) A[z](500c) T/|U| M_pe_Behroozi M_pe_Diemer
#a = 0.507170
#Om = 0.285000; Ol = 0.715000; h = 0.695000
#FOF linking length: 0.280000
#Unbound Threshold: 0.500000; FOF Refinement Threshold: 0.700000
#Particle mass: 3.01807e+11 Msun/h
#Box size: 100.000000 Mpc/h
#Force resolution assumed: 0.0976562 Mpc/h
#Units: Masses in Msun / h
#Units: Positions in Mpc / h (comoving)
#Units: Velocities in km / s (physical, peculiar)
#Units: Halo Distances, Lengths, and Radii in kpc / h (comoving)
#Units: Angular Momenta in (Msun/h) * (Mpc/h) * km/s (physical)
#Units: Spins are dimensionless
#Np is an internal debugging quantity.
#Rockstar Version: 0.99.9-RC3
0 6 4.5271e+12 328.44 368.69 404.925 78.529 35 7.54996 3.96621 90.82780 -263.27 -297.57 655.92 -1.346e+13 -1.121e+13 -1.146e+13 0.00731 78.52879 6.3380e+12 4.5271e+12 4.2253e+12 3.0181e+11 0.0000e+00 171.47249 132.40 0.05170 0.29605 0.18496 -50.29039 210.37132 -21.06218 0.00000 0.00000 0.00000 0.00000 0.00000 0.9868 4.226e+12 3.622e+12
1 7 4.1046e+13 667.41 748.73 844.354 345.697 163 7.79783 3.52809 90.80759 -421.99 574.86 462.02 2.100e+14 4.855e+14 2.615e+13 0.01921 200.53938 4.1046e+13 4.1348e+13 3.8330e+13 2.1730e+13 6.9416e+12 137.53152 27.25 0.03318 0.27802 0.21325 -75.97411 161.30437 -11.26019 0.28317 0.10607 -42.10973 113.94248 -14.37291 0.8051 3.620e+13 5.372e+13
2 8 1.3310e+14 950.38 1083.23 1249.753 527.533 362 4.39900 5.00956 94.91277 124.72 200.27 -152.85 -9.922e+14 2.046e+15 -7.492e+14 0.01279 569.22058 1.3310e+14 1.3672e+14 1.0925e+14 6.3681e+13 2.2334e+13 194.96014 132.75 0.02111 0.32642 0.22688 -151.05013 -2.26307 168.21045 0.55699 0.38148 99.28171 -3.33416 -82.17639 0.7850 1.258e+14 2.001e+14
3 9 6.8812e+13 792.77 871.23 1003.051 987.329 326 5.18921 5.08800 93.96617 -520.37 106.65 680.71 -2.230e+15 -1.896e+15 -1.361e+15 0.05500 238.42490 6.8812e+13 6.9114e+13 5.5533e+13 3.1388e+13 1.5996e+13 111.52721 38.01 0.08549 0.44168 0.29083 -86.88207 -27.63266 120.58952 0.69255 0.44441 -69.07832 -26.73715 68.70387 0.7616 6.177e+13 1.237e+14
4 9 1.5090e+12 233.10 155.50 280.760 46.730 37 4.82639 5.57997 93.19439 274.99 -677.59 843.31 -5.138e+12 1.533e+12 -3.023e+12 0.06095 46.73018 1.5090e+12 1.5090e+12 1.5090e+12 9.0542e+11 0.0000e+00 47.46861 0.00 0.09488 0.68808 0.07065 6.99586 19.45177 79.15293 0.17119 0.00000 6.61898 15.38651 92.95831 0.4952 4.399e+12 9.054e+11
5 0 3.0181e+12 272.71 254.96 353.735 110.502 92 17.51335 9.72278 1.35889 302.57 -21.12 43.26 5.251e+12 -1.375e+12 -3.487e+12 0.00971 110.50239 3.0181e+12 3.0181e+12 1.8108e+12 0.0000e+00 0.0000e+00 96.81856 22.13 0.03132 0.24808 0.00000 63.54555 208.16014 82.85837 0.00000 0.00000 0.00000 0.00000 0.00000 0.8938 9.715e+12 3.923e+12
6 1 6.0361e+12 367.96 315.26 445.678 76.819 52 19.89326 9.81782 2.00752 362.64 -175.49 138.19 5.879e+13 2.062e+13 -7.836e+11 0.07101 76.81857 6.6398e+12 6.0361e+12 4.8289e+12 3.0181e+12 0.0000e+00 36.09623 51.13 0.09528 0.27168 0.23982 -51.23324 92.51665 126.22440 0.40940 0.02016 -40.58192 80.85365 32.42245 0.6114 5.175e+12 3.923e+12
7 2 1.0261e+14 876.22 913.02 1145.964 377.557 511 22.83402 10.63730 3.06144 -20.53 127.74 195.38 1.359e+15 1.483e+15 9.935e+13 0.02176 414.27759 1.0261e+14 1.0412e+14 9.0240e+13 5.2213e+13 1.5996e+13 95.86189 28.32 0.02740 0.65692 0.31453 167.27792 31.13354 56.95541 0.53257 0.27097 127.28352 19.17991 50.40300 0.6376 9.150e+13 1.310e+14
8 3 5.7343e+12 397.21 270.01 438.123 46.004 70 25.17286 11.68837 4.32549 -414.97 -128.66 14.61 -8.219e+12 3.620e+12 -9.682e+12 0.02396 46.00397 6.6398e+12 5.7343e+12 5.7343e+12 4.5271e+12 1.5090e+12 29.23396 56.37 0.02200 0.92419 0.51768 22.65532 64.47417 -58.43945 0.95530 0.65357 -21.10106 67.50103 7.93347 0.3573 6.155e+12 3.018e+12
9 15 4.7686e+13 702.35 730.57 887.627 299.304 209 74.22416 18.17533 1.25963 -81.11 275.03 142.48 4.775e+14 -2.109e+14 -4.333e+13 0.01914 208.86662 4.7686e+13 4.7686e+13 4.3460e+13 2.5955e+13 7.5452e+12 145.34161 42.55 0.02556 0.91638 0.52921 27.68720 133.11366 -57.67025 0.86072 0.38739 -35.34755 92.27692 -49.58072 0.6807 4.115e+13 5.734e+13
10 16 6.8208e+13 835.57 856.15 1000.109 197.195 271 72.04214 21.82065 0.43734 189.66 -263.40 135.65 -6.947e+14 8.536e+14 3.247e+14 0.02561 160.26151 6.8208e+13 6.9416e+13 6.2776e+13 4.6177e+13 1.5694e+13 100.22146 60.73 0.03084 0.86016 0.75284 127.25406 -61.26543 26.92727 0.84257 0.77216 98.43248 37.84534 49.84728 0.6494 5.876e+13 5.523e+13
11 24 2.9275e+13 616.69 575.24 754.400 138.703 137 72.31171 68.03390 53.27032 362.70 87.44 -970.60 -9.744e+13 -2.087e+14 8.192e+12 0.02213 138.70259 2.9577e+13 2.9275e+13 2.5955e+13 1.4487e+13 7.5452e+12 90.09805 11.19 0.02536 0.92398 0.48762 -29.54762 -24.75533 100.93821 0.75691 0.38474 -17.09160 62.85822 -50.91137 0.5682 2.478e+13 2.113e+13
12 25 9.5975e+13 854.10 949.66 1120.694 629.880 337 72.70922 68.98764 52.93252 -379.16 -347.69 -126.26 2.106e+15 5.729e+14 4.049e+15 0.04422 443.59872 9.5975e+13 9.6880e+13 7.9677e+13 4.5875e+13 1.2676e+13 180.77077 207.67 0.06996 0.57905 0.41411 101.75436 132.88489 38.55294 0.48593 0.40423 86.53757 84.78386 53.43830 0.7620 8.398e+13 1.473e+14
13 31 5.7042e+13 742.78 773.84 942.248 421.211 321 93.34242 42.02045 61.24470 -155.49 -357.33 92.27 -4.130e+14 -4.623e+14 -1.609e+15 0.05051 229.31709 5.7042e+13 5.7343e+13 5.4929e+13 3.1992e+13 1.2374e+13 45.49805 49.35 0.06243 0.63215 0.39786 104.46538 -74.79381 75.70620 0.57361 0.38808 84.71729 -44.01228 65.63931 0.6423 5.083e+13 8.903e+13
14 32 1.3581e+13 453.13 379.88 584.004 167.698 73 94.13800 40.89563 61.44333 -598.08 -207.50 -303.28 -7.120e+12 7.719e+13 -3.329e+13 0.02973 167.69835 1.3581e+13 1.3581e+13 1.2676e+13 6.3380e+12 1.8108e+12 86.64864 0.00 0.03339 0.83000 0.42980 87.30301 -80.79633 14.47205 0.55171 0.05307 -12.17717 105.55544 35.62805 0.4757 1.168e+13 1.479e+13
15 108 9.0542e+11 188.32 224.34 236.802 53.371 49 96.01935 39.40583 62.93732 -670.45 -295.82 -85.63 -9.287e+11 -1.057e+13 3.510e+12 0.53197 53.37131 9.0542e+11 9.0542e+11 9.0542e+11 0.0000e+00 0.0000e+00 49.27944 224.34 0.40358 0.00000 0.00000 0.00000 0.00000 0.00000 0.00000 0.00000 0.00000 0.00000 0.00000 6.4007 3.537e+12 6.036e+11
16 108 9.0542e+11 227.85 71.43 236.802 19.207 29 97.96919 38.11356 63.31948 -424.23 -217.43 -154.38 8.356e+11 3.981e+11 8.772e+10 0.02185 19.20746 9.0542e+11 9.0542e+11 9.0542e+11 6.0361e+11 0.0000e+00 65.70543 0.00 0.03358 0.00000 0.00000 0.00000 0.00000 0.00000 0.00000 0.00000 0.00000 0.00000 0.00000 0.2064 3.433e+12 3.018e+11
17 11 6.6096e+13 768.58 773.50 989.675 463.333 307 38.80854 16.73081 42.38728 283.66 313.40 113.50 -8.008e+14 1.216e+15 -7.743e+14 0.03647 281.12463 6.6096e+13 6.7605e+13 6.1871e+13 3.4708e+13 1.0563e+13 59.74149 115.08 0.04670 0.41796 0.21396 131.62813 104.89724 18.91984 0.56974 0.33743 96.10180 44.29135 12.13115 0.6405 5.690e+13 9.688e+13
18 10 6.6398e+12 376.97 336.40 460.065 83.275 48 39.38274 17.03646 42.43020 -243.04 -415.27 -199.49 2.747e+13 -2.167e+13 6.340e+13 0.07555 83.27496 6.6398e+12 6.6398e+12 6.3380e+12 3.6217e+12 0.0000e+00 43.27705 0.00 0.09447 0.23864 0.08846 147.04027 7.53513 -22.28101 0.02561 0.00000 120.31925 -20.38042 -31.86184 0.5839 6.262e+12 5.433e+12
19 12 3.6217e+12 293.78 399.33 375.900 99.513 81 39.09388 19.48430 42.92889 336.94 -413.68 -6.51 4.233e+12 2.091e+13 1.610e+12 0.06726 99.51320 3.6217e+12 3.9235e+12 3.0181e+12 3.0181e+11 0.0000e+00 76.94353 0.00 0.07664 0.57740 0.35887 132.92836 -3.61188 28.34885 0.00000 0.00000 0.00000 0.00000 0.00000 1.7474 1.043e+13 3.923e+12
20 29 2.2334e+13 562.76 666.53 689.322 127.837 92 70.96973 61.52967 48.55278 -344.93 -307.33 469.77 -3.397e+14 -1.804e+14 2.559e+14 0.03026 127.83731 2.2334e+13 2.2937e+13 2.1127e+13 1.3883e+13 5.1307e+12 112.27415 0.00 0.07982 0.64243 0.36699 97.45481 -35.33006 80.45272 0.43303 0.17956 75.64562 -40.34090 55.75508 0.9190 2.685e+13 1.690e+13
21 28 1.2374e+13 460.37 436.04 566.160 107.903 46 71.68602 61.43746 48.78455 -312.38 -223.18 640.83 8.519e+13 1.876e+13 3.669e+13 0.03203 107.90314 1.2374e+13 1.2374e+13 1.1167e+13 6.6398e+12 1.2072e+12 79.98154 0.00 0.04375 0.82691 0.54628 8.36065 116.55879 -61.95165 0.41547 0.29308 -75.23501 73.11788 -50.89071 0.6542 1.112e+13 1.056e+13
22 28 7.0925e+13 790.12 826.30 1013.213 468.702 298 71.50195 60.12729 49.29971 -52.77 256.73 3.10 4.886e+14 4.222e+14 4.920e+14 0.01606 274.66214 7.1227e+13 7.0925e+13 6.3983e+13 3.2595e+13 1.8712e+13 77.29128 38.42 0.02044 0.55978 0.44711 23.39125 119.16360 -86.51358 0.78006 0.72890 3.54026 72.37714 -67.71988 0.6555 6.614e+13 1.204e+14
23 18 8.5110e+13 876.79 915.61 1076.699 188.364 366 58.32182 30.91443 31.69114 -148.81 -360.43 30.09 -1.143e+15 3.804e+14 -1.439e+14 0.01840 203.16266 8.5110e+13 8.5411e+13 7.6961e+13 5.6136e+13 1.6901e+13 83.17144 133.11 0.02255 0.65574 0.43053 123.05098 73.23953 -90.25367 0.57597 0.28477 116.65664 48.87833 -75.35728 0.6550 7.277e+13 6.459e+13
24 19 6.0361e+11 176.73 0.00 206.865 29.201 27 60.50622 33.57347 30.51137 -626.56 -425.73 328.20 0.000e+00 0.000e+00 0.000e+00 0.00000 29.20144 9.0542e+11 6.0361e+11 6.0361e+11 3.0181e+11 0.0000e+00 53.46060 0.00 0.00000 0.00000 0.00000 0.00000 0.00000 0.00000 0.00000 0.00000 0.00000 0.00000 0.00000 0.0000 2.889e+12 3.018e+11
25 20 6.2474e+13 755.07 819.59 971.258 298.154 200 52.21414 14.99812 40.33219 -69.27 493.41 -4.52 -1.701e+14 -5.667e+14 9.890e+14 0.02441 272.52563 6.2776e+13 6.2474e+13 5.6438e+13 3.3199e+13 9.3560e+12 88.61609 46.09 0.03585 0.39153 0.31077 32.20110 183.37062 5.04149 0.36049 0.20140 32.35190 143.61032 -4.74283 0.7327 5.626e+13 7.575e+13
26 21 3.1086e+13 586.36 585.43 769.645 277.216 156 52.34036 15.86971 40.86698 -366.30 -175.31 -147.75 -2.850e+14 -1.754e+14 8.332e+13 0.02839 308.52884 3.1086e+13 3.2595e+13 2.4145e+13 1.6298e+13 5.4325e+12 43.76472 6.99 0.03434 0.58532 0.44379 -27.00422 64.00336 125.17519 0.77114 0.48198 -42.51676 15.03506 98.25864 0.5913 2.869e+13 3.803e+13
27 23 6.0361e+11 179.83 0.00 206.865 26.633 75 51.03698 17.71165 43.10030 -122.86 -2.98 -553.47 0.000e+00 0.000e+00 0.000e+00 0.00000 26.63261 6.0361e+11 6.0361e+11 6.0361e+11 0.0000e+00 0.0000e+00 142.13362 0.00 0.00000 0.00000 0.00000 0.00000 0.00000 0.00000 0.00000 0.00000 0.00000 0.00000 0.00000 0.0000 8.179e+12 0.000e+00
28 26 2.7163e+12 288.23 152.58 341.527 51.605 36 53.81678 27.16086 33.88529 201.02 287.31 413.49 2.625e+11 4.906e+12 6.355e+11 0.02569 51.60485 2.7163e+12 2.7163e+12 2.7163e+12 1.2072e+12 0.0000e+00 57.77005 0.00 0.02867 0.39753 0.17714 -33.24610 117.12275 -34.33584 0.00000 0.00000 -47.55783 73.63129 -24.37592 0.2807 3.534e+12 1.207e+12
29 27 7.4848e+13 800.94 830.15 1031.562 275.108 351 54.50673 27.97069 35.80625 -63.56 -89.26 -60.89 3.499e+14 -7.349e+14 4.778e+14 0.01772 293.78265 7.4848e+13 7.5150e+13 6.5794e+13 4.3158e+13 1.2374e+13 40.26621 30.65 0.02173 0.64229 0.39111 -92.55108 -23.06854 153.35312 0.75831 0.46127 -68.51939 -15.01730 109.79791 0.6297 6.348e+13 7.726e+13
30 30 8.9335e+13 904.10 948.23 1094.230 160.994 404 53.46650 41.29346 58.22230 84.18 -272.77 -274.51 1.885e+14 -4.719e+14 3.930e+14 0.00916 187.70088 8.9335e+13 9.0542e+13 8.2695e+13 5.9758e+13 1.9919e+13 59.49196 22.15 0.01101 0.76853 0.35927 40.55298 42.52275 143.10701 0.72501 0.30783 12.20315 54.36359 118.19866 0.6548 8.082e+13 5.976e+13
31 4 8.7524e+12 403.63 458.82 504.441 108.226 136 27.57731 12.20716 4.85713 -158.33 -6.66 93.74 1.181e+14 -7.042e+13 8.158e+12 0.05221 108.22553 8.7524e+12 8.7524e+12 8.4506e+12 4.5271e+12 1.2072e+12 63.60582 51.87 0.11341 0.55472 0.20142 97.75960 -6.66897 -0.97774 0.02454 0.00000 76.45033 -38.69379 -5.41773 0.8685 1.795e+13 7.847e+12
32 5 5.7343e+12 343.21 231.52 438.123 113.245 34 29.53935 12.58022 5.31645 -62.69 81.32 290.69 2.495e+13 -2.195e+13 3.142e+13 0.06099 113.24457 5.7343e+12 5.7343e+12 3.0181e+12 3.0181e+11 0.0000e+00 112.01488 0.00 0.07618 0.18698 0.00837 187.08121 116.47362 -83.49575 0.00000 0.00000 0.00000 0.00000 0.00000 0.4057 5.110e+12 5.734e+12
33 5 4.8289e+12 340.07 276.41 413.731 73.366 119 30.60739 12.73006 5.43984 -412.66 104.98 191.24 -1.149e+13 -9.837e+12 4.366e+11 0.02072 73.36610 4.8289e+12 4.8289e+12 4.8289e+12 0.0000e+00 0.0000e+00 73.04053 0.00 0.03356 0.08285 0.06739 261.26328 -22.45901 83.43005 0.00000 0.00000 0.00000 0.00000 0.00000 0.6621 2.099e+13 2.414e+12
34 40 5.0100e+13 701.53 711.65 902.362 309.704 263 74.04319 4.21505 30.27888 -187.15 -65.19 -154.61 2.774e+14 4.388e+14 -4.112e+14 0.02494 253.13431 5.0100e+13 5.0100e+13 4.4366e+13 2.5352e+13 9.6578e+12 59.02980 42.08 0.02976 0.67766 0.39084 108.30721 17.36474 95.81965 0.89304 0.57666 81.15221 6.41152 60.92549 0.6057 4.300e+13 6.066e+13
35 41 1.4185e+13 482.06 473.52 592.530 112.535 87 77.50650 4.05360 32.63042 -460.54 60.89 -139.24 1.479e+13 -5.773e+13 2.333e+13 0.01820 112.53471 1.4185e+13 1.4487e+13 1.1469e+13 8.7524e+12 3.6217e+12 54.44387 14.78 0.02356 0.40890 0.29335 -53.49228 66.15964 121.50191 0.39781 0.31818 -59.09572 58.95029 89.28783 0.6522 1.471e+13 1.026e+13
36 34 1.2072e+13 440.47 425.17 561.519 143.207 80 70.56307 1.77895 25.00748 159.12 310.48 222.57 5.221e+13 1.459e+14 -1.305e+13 0.04611 143.20654 1.2072e+13 1.2072e+13 1.1469e+13 5.4325e+12 0.0000e+00 50.93258 0.00 0.07492 0.67986 0.24045 76.46806 148.11929 23.73912 0.58845 0.07078 74.28067 140.37796 44.95192 0.7295 1.060e+13 1.207e+13
37 35 2.0523e+13 617.78 588.32 670.164 65.271 111 70.71448 2.89282 25.67892 145.50 -77.36 165.11 -9.912e+13 5.388e+13 -8.310e+12 0.02098 65.27137 2.0523e+13 2.0523e+13 2.0221e+13 1.6901e+13 7.2434e+12 50.52865 0.00 0.02250 0.91586 0.52757 11.15205 94.88850 47.68200 0.56849 0.32495 18.42964 94.90958 21.51137 0.6045 2.484e+13 1.026e+13
38 36 6.0361e+11 169.65 0.00 206.865 37.235 61 72.47007 0.99008 23.72971 -231.66 295.14 261.72 2.170e+12 2.761e+12 -1.737e+12 0.62380 37.23488 6.0361e+11 6.0361e+11 6.0361e+11 0.0000e+00 0.0000e+00 162.04303 174.21 0.27811 0.00000 0.00000 0.00000 0.00000 0.00000 0.00000 0.00000 0.00000 0.00000 0.00000 0.0000 5.653e+12 0.000e+00
39 37 1.0563e+13 412.20 410.89 537.074 180.238 54 71.19421 4.27405 27.46597 -44.04 -229.32 7.25 1.086e+14 -3.521e+12 -6.603e+13 0.04821 180.23839 1.0563e+13 1.0563e+13 6.9416e+12 3.9235e+12 1.8108e+12 119.63579 17.69 0.07650 0.80891 0.16117 -39.09021 81.36497 -31.24626 0.48781 0.07341 -0.52079 10.57283 56.84607 0.7178 8.948e+12 1.268e+13
40 38 1.3883e+13 521.14 466.64 588.298 68.933 85 71.02166 61.33006 54.31568 117.10 696.60 -1063.72 8.984e+13 -6.127e+13 4.811e+13 0.04161 68.93340 1.4487e+13 1.4185e+13 1.2978e+13 9.9596e+12 3.9235e+12 58.38164 17.68 0.04538 0.79769 0.36489 -2.81664 -5.81334 118.40392 0.63070 0.38163 3.91496 28.38711 91.34683 0.5631 1.304e+13 7.847e+12
41 39 7.3339e+13 779.48 802.86 1024.582 711.475 262 71.26181 62.09480 54.01762 -3.04 -158.52 -467.83 1.357e+15 -1.344e+15 -9.572e+14 0.03534 441.88895 7.3339e+13 7.4546e+13 5.8551e+13 2.8370e+13 9.3560e+12 187.41843 176.14 0.05088 0.49646 0.19427 54.89238 154.59430 -55.14434 0.77340 0.35456 -3.42305 75.77293 60.16071 0.6943 6.583e+13 1.044e+14
42 45 4.9195e+13 757.05 771.65 896.893 134.195 252 46.67489 28.48841 45.51237 260.71 -216.73 -59.47 -1.298e+14 -2.196e+14 -1.744e+14 0.01239 135.39508 4.9195e+13 4.9195e+13 4.6177e+13 3.2897e+13 1.2374e+13 55.51988 48.71 0.01432 0.81280 0.77680 -4.84911 59.39121 114.32781 0.86082 0.76865 34.52732 79.62109 56.82491 0.6312 4.460e+13 3.290e+13
43 46 9.3560e+12 584.87 460.72 515.781 22.714 64 48.27781 28.69189 46.43159 -303.31 -45.44 -444.90 -7.465e+11 2.670e+13 4.144e+13 0.03656 22.71408 9.3560e+12 9.3560e+12 8.7524e+12 6.9416e+12 5.1307e+12 12.95440 0.00 0.03632 0.89367 0.68392 41.82022 -8.57537 65.57349 0.67708 0.41877 -21.36670 61.07253 30.54538 0.5796 1.401e+13 3.320e+12
44 50 6.9416e+12 381.10 416.24 466.932 86.755 45 92.68536 23.42270 1.16207 -290.19 -370.61 -81.69 -3.543e+13 6.076e+13 1.836e+13 0.01041 86.75470 6.9416e+12 6.9416e+12 6.6398e+12 3.3199e+12 0.0000e+00 88.60883 29.66 0.08806 0.30836 0.06777 118.74006 -91.48744 -64.67780 0.00000 0.00000 28.35846 5.06783 9.98569 0.9897 1.327e+13 5.131e+12
45 50 4.8289e+12 321.05 282.76 413.731 118.647 27 93.71700 22.81653 1.25904 -303.66 -292.08 -82.95 7.536e+12 1.252e+13 9.652e+12 0.02441 118.64653 6.3380e+12 5.1307e+12 3.6217e+12 6.0361e+11 0.0000e+00 79.83995 42.76 0.03885 0.97484 0.61470 -25.13558 -66.53194 130.32776 0.00000 0.00000 0.00000 0.00000 0.00000 0.6457 4.849e+12 6.036e+12
46 51 1.9617e+13 605.05 549.69 660.160 65.981 86 95.59078 22.11188 1.45268 -459.56 -287.08 -71.24 -4.798e+13 -9.386e+13 -1.136e+14 0.03009 65.98098 1.9617e+13 1.9617e+13 1.9617e+13 1.2978e+13 6.9416e+12 44.76165 0.00 0.03324 0.78869 0.40245 100.75149 -39.16459 -0.61649 0.45864 0.40547 80.68932 -26.23919 -2.52343 0.5964 1.868e+13 9.054e+12
47 52 5.4325e+12 329.60 304.85 430.298 149.814 33 91.78921 24.56939 1.15774 -178.74 -510.55 -119.21 -1.052e+13 4.083e+12 3.795e+13 0.04339 149.81390 5.4325e+12 5.7343e+12 4.2253e+12 1.2072e+12 0.0000e+00 32.59866 11.56 0.07217 0.36708 0.00113 106.67081 -45.84996 -57.61695 0.85293 0.47535 48.79176 -53.63914 8.08077 0.6936 6.407e+12 7.545e+12
48 52 4.5271e+12 310.52 292.88 404.925 137.919 47 91.23192 25.52387 1.27538 -159.31 -674.57 -67.43 -2.042e+13 8.808e+12 -1.243e+13 0.02720 137.91927 4.5271e+12 4.5271e+12 3.6217e+12 0.0000e+00 0.0000e+00 34.66843 20.82 0.06291 0.31692 0.13758 -110.39848 167.32764 -43.65434 0.00000 0.00000 0.00000 0.00000 0.00000 0.8261 4.461e+12 5.131e+12
49 57 3.8933e+13 723.60 709.78 829.611 136.804 218 99.37782 22.30861 75.64107 8.24 85.31 53.78 1.895e+14 1.918e+14 -2.369e+14 0.02175 105.00598 3.8933e+13 3.9235e+13 3.8330e+13 2.9879e+13 1.0261e+13 51.67765 25.67 0.02455 0.82234 0.33183 -6.42505 118.80632 -82.24325 0.73864 0.19094 27.18706 -58.41410 106.60265 0.6181 3.828e+13 3.109e+13
50 58 1.2072e+12 200.41 133.62 260.634 84.775 30 42.67526 40.47307 79.11826 294.81 -13.77 60.48 5.278e+11 -6.310e+11 2.498e+12 0.02308 84.77524 1.2072e+12 1.2072e+12 9.0542e+11 3.0181e+11 0.0000e+00 97.15186 71.12 0.05880 0.74997 0.11337 68.93551 -11.72560 71.42225 0.00000 0.00000 0.00000 0.00000 0.00000 0.7230 2.049e+12 1.811e+12
51 58 4.1348e+13 671.06 687.12 846.418 215.606 184 42.34492 41.74768 81.96002 132.00 -235.48 -244.01 5.512e+13 -2.527e+13 5.166e+13 0.00411 195.79248 4.1348e+13 4.1649e+13 3.9235e+13 2.1730e+13 1.1167e+13 56.86529 32.26 0.00493 0.67444 0.45986 -8.43248 74.66499 111.00874 0.92072 0.70675 2.40385 89.64921 -25.52540 0.6221 3.608e+13 4.225e+13
52 47 4.8289e+12 323.50 249.38 413.731 109.018 86 69.87130 24.81772 8.81282 -110.26 -159.71 -256.77 2.249e+13 -9.383e+12 5.196e+12 0.04101 109.01797 4.8289e+12 4.8289e+12 3.6217e+12 3.0181e+11 0.0000e+00 84.52374 0.00 0.05528 0.83953 0.00000 -60.19659 -18.60690 65.52768 0.00000 0.00000 0.00000 0.00000 0.00000 0.5123 5.692e+12 4.829e+12
53 48 1.8108e+12 233.83 338.15 298.352 76.748 77 67.36615 25.21061 13.52933 -47.30 80.83 -84.90 -1.537e+13 -2.051e+12 2.738e+13 0.41893 76.74795 1.8108e+12 1.8108e+12 1.2072e+12 0.0000e+00 0.0000e+00 45.78999 94.61 0.35789 0.20915 0.00000 19.61788 138.00352 -65.34531 0.00000 0.00000 0.00000 0.00000 0.00000 2.9076 7.620e+12 1.811e+12
54 48 5.4325e+12 332.84 280.93 430.298 128.450 56 66.51828 26.00857 16.27263 -20.72 -119.19 -181.49 1.081e+11 3.267e+11 1.061e+13 0.01203 128.44998 5.4325e+12 5.4325e+12 4.5271e+12 0.0000e+00 0.0000e+00 186.90895 0.00 0.01935 0.62493 0.45674 -38.93379 28.00516 242.65916 0.00000 0.00000 0.00000 0.00000 0.00000 0.6492 7.060e+12 6.338e+12
55 70 2.1127e+12 244.40 254.42 314.083 87.199 25 23.80815 30.15738 63.83545 391.91 -27.75 -42.70 1.371e+09 -1.080e+13 3.020e+12 0.16028 87.19852 2.4145e+12 2.1127e+12 6.0361e+11 3.0181e+11 0.0000e+00 98.43428 36.20 0.09865 0.00000 0.00000 -52.59895 67.85774 49.59488 0.00000 0.00000 0.00000 0.00000 0.00000 4.5884 3.010e+12 2.113e+12
56 71 1.2978e+13 532.78 478.20 575.220 54.861 96 27.26119 28.98727 63.56775 108.61 24.83 11.61 8.628e+13 -5.568e+13 2.447e+13 0.03891 54.86062 1.2978e+13 1.3581e+13 1.2374e+13 8.1488e+12 5.4325e+12 84.88408 0.00 0.04507 0.77276 0.34744 74.64549 9.77525 -60.65251 0.73289 0.41978 73.51945 -27.84729 7.77935 0.6157 1.712e+13 6.036e+12
57 72 7.2434e+12 394.48 329.80 473.604 77.301 58 28.95683 28.34043 64.43520 -55.43 97.88 -310.32 -2.673e+13 -3.740e+13 -1.608e+13 0.04749 77.30070 7.2434e+12 7.2434e+12 6.6398e+12 5.1307e+12 1.2072e+12 23.92818 23.02 0.05496 0.20449 0.04899 32.43665 73.93252 -71.92432 0.30962 0.15904 -34.99094 -66.81049 78.47306 0.5296 8.429e+12 5.131e+12
58 61 3.8631e+13 657.81 665.05 827.462 286.954 192 38.91012 22.47870 60.60625 189.94 274.01 -182.26 2.206e+14 1.437e+14 3.624e+13 0.01516 187.08737 3.8631e+13 3.8631e+13 3.6519e+13 2.0825e+13 8.7524e+12 61.56515 20.00 0.01842 0.50550 0.44730 -18.28115 32.28684 142.28481 0.74502 0.62814 -21.45538 16.47848 89.25037 0.6240 3.376e+13 4.467e+13
59 64 6.0361e+12 341.49 323.96 445.678 154.211 89 4.72428 6.26594 75.48092 -137.58 15.04 285.85 1.452e+13 6.830e+13 1.894e+13 0.04587 154.21071 6.0361e+12 6.0361e+12 3.0181e+12 1.2072e+12 0.0000e+00 76.28616 81.96 0.11064 0.12275 0.00000 -0.00539 128.87633 -88.65400 0.00000 0.00000 -0.31519 119.77005 -63.19427 0.8482 1.096e+13 1.026e+13
60 65 2.4446e+13 619.65 588.28 710.406 89.903 118 4.71078 4.33889 77.38151 1.82 386.43 217.15 -3.016e+12 -1.579e+14 -7.753e+13 0.02305 89.90263 2.4446e+13 2.4446e+13 2.2636e+13 1.9617e+13 5.4325e+12 44.60427 6.74 0.02615 0.89140 0.42231 21.95575 12.04939 121.38820 0.45175 0.13261 4.03837 -55.67128 96.68156 0.6035 2.510e+13 1.569e+13
61 63 2.1730e+13 552.89 525.58 683.055 134.428 128 33.19573 14.05824 43.28258 419.24 84.85 -151.73 -2.053e+14 7.697e+13 -3.127e+13 0.03359 134.42784 2.1730e+13 2.1730e+13 1.9617e+13 1.3280e+13 4.8289e+12 21.00297 0.00 0.04005 0.75324 0.52019 117.51099 21.54181 -15.84569 0.57550 0.34352 90.35331 25.19196 -17.36509 0.5897 1.880e+13 1.720e+13
62 88 8.7524e+12 390.59 327.46 504.441 148.616 203 65.60769 25.25100 89.14986 303.93 -69.43 110.45 -5.144e+13 6.922e+12 -3.205e+12 0.03214 148.61574 8.7524e+12 8.7524e+12 7.8470e+12 2.1127e+12 0.0000e+00 44.78500 48.93 0.04281 0.47573 0.05649 126.47451 -2.36132 -20.17638 0.44633 0.00000 58.87066 -45.37851 13.09190 0.5782 1.386e+13 9.960e+12
63 66 1.2072e+12 232.28 205.03 260.634 29.665 80 78.74430 16.67054 2.84261 -185.47 -123.16 -233.84 -6.218e+12 -1.342e+12 5.683e+12 0.08639 29.66469 1.2072e+12 1.2072e+12 1.2072e+12 0.0000e+00 0.0000e+00 37.98357 0.00 0.19071 0.21091 0.06627 -107.46059 112.15834 -30.89195 0.00000 0.00000 0.00000 0.00000 0.00000 1.3586 6.863e+12 0.000e+00
64 67 1.7505e+13 490.71 451.60 635.556 194.421 115 81.62815 15.25992 1.93749 -146.87 142.20 -20.59 -1.945e+13 -6.940e+13 8.081e+13 0.02309 194.42068 1.7505e+13 1.7505e+13 1.5392e+13 9.6578e+12 0.0000e+00 74.91656 0.00 0.02808 0.57504 0.18434 -103.64294 89.91074 95.39173 0.22044 0.08621 -85.02963 77.02451 126.01090 0.5626 1.639e+13 2.173e+13
65 44 7.2434e+12 390.37 367.68 473.604 82.492 98 52.56552 44.36666 44.64319 23.98 -60.03 -55.56 -4.367e+13 3.114e+13 -3.614e+13 0.04923 82.49248 7.2434e+12 7.5452e+12 6.9416e+12 4.2253e+12 0.0000e+00 20.06535 0.00 0.07299 0.11722 0.03964 76.88084 159.79478 -95.48168 0.22996 0.00946 91.91719 126.32784 -74.34843 0.6939 1.325e+13 5.734e+12
66 44 1.1469e+13 496.71 403.39 552.000 60.019 67 52.72824 45.36784 44.19114 -26.85 -419.07 41.56 1.761e+13 2.941e+13 9.500e+11 0.01760 60.01942 1.1469e+13 1.2676e+13 9.9596e+12 8.4506e+12 0.0000e+00 23.58276 10.66 0.01799 0.70883 0.46186 7.57280 124.44872 -41.83041 0.10455 0.01113 7.27956 169.97881 -81.55069 0.4839 1.675e+13 6.942e+12
67 73 4.1348e+13 688.88 698.57 846.418 138.755 191 34.69556 5.98821 40.95113 82.69 439.18 -11.28 1.416e+14 3.256e+14 1.901e+14 0.02049 160.32797 4.1348e+13 4.1348e+13 3.7122e+13 2.5050e+13 9.6578e+12 99.55605 14.46 0.02493 0.87898 0.46318 -9.93817 127.23161 6.44192 0.94594 0.52139 58.43928 -57.81409 53.09200 0.6359 3.512e+13 2.656e+13
68 76 3.9235e+13 708.81 716.08 831.749 175.116 187 64.79369 4.50526 71.75072 -22.75 111.01 -132.28 -1.213e+14 9.400e+13 1.374e+14 0.01124 119.01733 3.9235e+13 3.9839e+13 3.5010e+13 2.3541e+13 1.3280e+13 80.70870 33.04 0.01392 0.71412 0.46594 83.40453 93.44395 44.90155 0.77524 0.57995 66.83550 74.10973 25.86868 0.6659 3.392e+13 3.441e+13
69 75 2.3239e+13 596.62 562.52 698.514 98.718 130 79.43895 85.37489 4.87243 11.05 91.09 128.50 1.284e+14 -2.880e+14 -6.262e+13 0.04643 98.71833 2.3239e+13 2.3239e+13 1.9919e+13 1.6599e+13 6.9416e+12 78.73202 0.00 0.05198 0.72944 0.41430 76.58968 -35.76213 -62.69474 0.75295 0.41427 62.28694 -36.72354 -41.70666 0.5851 2.092e+13 1.449e+13
70 74 1.8108e+12 239.41 134.27 298.352 62.603 53 80.18240 84.71488 4.05824 -236.29 399.10 412.12 6.103e+11 -5.010e+11 -1.991e+12 0.01835 62.60341 1.8108e+12 1.8108e+12 1.8108e+12 9.0542e+11 0.0000e+00 86.32037 0.00 0.02436 0.61662 0.21103 64.58378 15.44087 83.86725 0.69673 0.21285 58.20874 20.12222 81.93106 0.3703 6.448e+12 1.509e+12
71 81 3.7424e+13 668.47 651.80 818.751 209.505 179 65.60730 64.23147 38.98637 -71.66 8.77 173.60 -2.853e+14 -5.928e+14 2.334e+14 0.04339 151.78751 3.7424e+13 3.8028e+13 3.5010e+13 2.3541e+13 7.5452e+12 104.27316 27.82 0.05102 0.62721 0.57209 124.21078 8.72702 -77.05424 0.72118 0.65482 76.03592 -41.69907 -67.40785 0.6047 3.295e+13 3.803e+13
72 78 1.8712e+13 553.89 510.83 649.843 92.895 95 39.38923 3.52570 4.85115 107.82 422.36 169.85 -3.992e+13 -8.943e+12 5.654e+13 0.01411 92.89515 1.8712e+13 1.8712e+13 1.7505e+13 1.2072e+13 3.3199e+12 38.96362 0.00 0.01619 0.76112 0.42161 -62.92655 97.17036 32.08670 0.69480 0.45344 -48.79690 76.36407 39.85516 0.5905 1.667e+13 1.177e+13
73 79 2.0523e+13 517.47 472.16 670.164 204.790 82 39.73421 4.68623 6.11367 -163.93 213.03 -50.47 -3.498e+13 6.104e+13 2.130e+14 0.03639 204.79018 2.0523e+13 2.0523e+13 1.7203e+13 8.4506e+12 1.5090e+12 68.76804 0.00 0.04462 0.53802 0.25246 37.93058 24.29994 135.21350 0.22794 0.02644 33.56472 15.67733 86.89211 0.5627 1.759e+13 2.294e+13
74 80 2.9275e+13 654.95 670.98 754.400 97.787 151 66.63476 94.92649 66.81008 -123.64 375.16 -200.08 1.450e+14 -1.699e+12 -2.217e+14 0.02497 97.78687 2.9275e+13 2.9577e+13 2.8672e+13 2.2032e+13 9.9596e+12 16.27107 0.00 0.02915 0.88292 0.64984 -49.41398 104.95658 32.85657 0.90365 0.66551 10.80246 94.77874 27.15901 0.6483 2.821e+13 1.781e+13
75 77 2.6861e+13 562.75 546.90 733.063 244.999 128 42.42347 85.44160 45.76818 207.52 58.29 -31.88 8.986e+13 -1.299e+14 -2.336e+14 0.02730 244.99915 2.6861e+13 2.6861e+13 2.3843e+13 1.0865e+13 4.2253e+12 64.03688 9.46 0.03582 0.64253 0.41738 122.57879 -34.89100 37.13813 0.76677 0.42944 72.01649 11.45200 46.23290 0.6236 2.260e+13 3.048e+13
76 82 2.7766e+13 570.96 548.91 741.209 234.445 166 89.79621 35.11205 66.63548 -19.62 -180.64 -218.50 -1.522e+14 1.922e+13 5.361e+13 0.01740 234.44505 2.7766e+13 2.8068e+13 2.3239e+13 1.4789e+13 6.6398e+12 45.86486 7.32 0.01953 0.81803 0.53467 -70.61395 -14.75610 85.17976 0.61487 0.34738 56.81234 -33.02535 -47.47353 0.5469 2.347e+13 3.109e+13
77 84 1.2072e+13 427.01 436.09 561.519 255.820 156 78.96624 25.63128 79.69286 -157.39 -165.17 -153.96 -7.108e+13 -1.680e+14 1.139e+14 0.04877 255.81995 1.2072e+13 1.2072e+13 9.9596e+12 1.2072e+12 0.0000e+00 100.32150 21.13 0.10359 0.11320 0.00807 116.39097 -101.42463 323.09732 0.86427 0.08744 13.70466 55.91018 -42.09087 0.8284 1.579e+13 2.505e+13
78 13 2.3843e+13 709.03 632.47 704.510 47.787 98 43.08374 18.03409 45.48113 71.08 205.51 -580.51 -3.414e+11 2.737e+13 -8.386e+13 0.01283 47.78679 2.3843e+13 2.3843e+13 2.2334e+13 1.8712e+13 1.3280e+13 24.93762 0.00 0.01367 0.74275 0.42283 100.11958 -1.30859 -59.24768 0.60770 0.35630 87.80444 -7.77208 -62.32928 0.6162 2.871e+13 9.960e+12
79 14 5.4325e+12 336.76 321.72 430.298 112.319 56 44.62989 18.22051 43.82189 -73.10 165.57 -10.49 -2.396e+13 -4.205e+13 -1.930e+13 0.03845 112.31939 5.4325e+12 5.4325e+12 4.5271e+12 0.0000e+00 0.0000e+00 138.64272 0.00 0.09497 0.07968 0.00453 -97.62679 36.07637 270.96933 0.00000 0.00000 0.00000 0.00000 0.00000 0.8549 7.554e+12 5.433e+12
80 106 7.5452e+12 381.53 302.31 480.092 108.842 150 75.87755 57.34936 50.52336 -510.70 115.91 -3.28 3.998e+13 -4.174e+12 -2.298e+13 0.03547 108.84245 7.5452e+12 7.5452e+12 7.2434e+12 1.5090e+12 0.0000e+00 54.63036 3.28 0.04881 0.63969 0.12329 -78.98923 119.25658 -63.93571 0.95860 0.16885 71.50077 38.96529 -0.93025 0.5771 1.061e+13 7.243e+12
81 87 3.9235e+12 295.95 183.88 386.064 132.348 99 90.41175 11.45961 99.02960 -9.86 461.96 177.89 -2.191e+12 4.015e+11 1.938e+13 0.04512 132.34750 3.9235e+12 4.8289e+12 2.4145e+12 0.0000e+00 0.0000e+00 120.22573 35.83 0.06116 0.20110 0.00000 75.81817 117.44940 -61.86185 0.00000 0.00000 0.00000 0.00000 0.00000 0.4446 1.044e+13 6.942e+12
82 87 1.5090e+12 246.27 317.14 280.760 34.538 47 88.85279 13.30126 99.50916 -344.55 72.23 75.49 -3.577e+12 -4.722e+12 -1.537e+12 0.09575 34.53823 1.5090e+12 1.8108e+12 1.5090e+12 0.0000e+00 0.0000e+00 50.13198 0.00 0.09432 0.45370 0.00000 114.24279 74.32926 -0.19823 0.00000 0.00000 0.00000 0.00000 0.00000 2.3535 6.173e+12 3.018e+11
83 94 2.4748e+13 647.64 653.54 713.317 74.410 141 86.49539 14.27064 0.12130 -54.32 -17.41 60.86 -1.056e+14 1.809e+13 -5.188e+12 0.01164 74.40950 2.5352e+13 2.4748e+13 2.2636e+13 1.2676e+13 8.7524e+12 106.74632 14.01 0.01562 0.97413 0.53329 51.27976 49.66133 -67.32112 0.75695 0.28153 -14.43997 -38.88704 60.62877 0.7210 2.124e+13 1.147e+13
84 83 4.8289e+12 315.63 244.58 413.731 158.536 140 79.84893 74.56744 56.45156 -477.44 -139.42 -222.58 -6.889e+12 -5.689e+11 1.386e+13 0.02430 158.53557 4.8289e+12 4.8289e+12 4.2253e+12 1.5090e+12 0.0000e+00 59.03197 32.64 0.03435 0.59880 0.38102 143.45270 -32.97155 28.03268 0.47170 0.12338 126.43253 -12.19237 -28.05783 0.5702 7.701e+12 6.640e+12
85 95 1.8410e+13 549.24 467.17 646.330 93.943 83 38.08564 9.92896 9.10884 -47.03 410.43 6.41 2.600e+14 3.756e+13 5.938e+13 0.06036 93.94344 1.8410e+13 1.8712e+13 1.7203e+13 9.9596e+12 4.5271e+12 74.54965 0.00 0.06421 0.70586 0.42604 -49.27183 94.47076 20.45263 0.69817 0.36027 6.86772 77.97765 26.21833 0.4994 1.655e+13 9.960e+12
86 96 1.4487e+13 563.16 530.95 596.703 52.471 54 38.00398 10.44682 9.61669 -235.64 -42.88 -181.70 4.559e+13 -1.404e+14 7.082e+13 0.03781 52.47077 1.4487e+13 1.5090e+13 1.2374e+13 8.1488e+12 3.9235e+12 91.57153 34.28 0.05820 0.58360 0.27849 35.09328 92.38180 58.19853 0.74606 0.35976 -31.45423 62.53653 36.48519 0.7681 2.034e+13 5.734e+12
87 92 8.1488e+12 450.02 394.20 492.568 49.939 46 69.52383 38.04367 55.47649 -24.39 140.33 131.06 -5.321e+13 3.965e+13 9.815e+13 0.09905 49.93935 8.1488e+12 8.1488e+12 7.8470e+12 6.6398e+12 2.7163e+12 46.95583 0.00 0.10987 0.32150 0.26137 -1.18591 117.53159 -45.81725 0.37511 0.05524 24.21050 97.89593 -65.08261 0.5701 8.936e+12 3.923e+12
88 91 2.3239e+13 542.85 541.54 698.514 196.771 65 69.69501 38.62866 55.69522 -127.05 -251.71 -100.12 -4.220e+13 2.048e+14 -1.214e+14 0.03136 196.77097 2.3239e+13 2.3239e+13 1.9919e+13 1.1770e+13 4.5271e+12 121.81601 0.00 0.03910 0.50151 0.37623 48.36564 105.00798 69.77270 0.84154 0.61099 23.25584 -22.48453 78.03606 0.6215 1.982e+13 2.475e+13
89 68 2.4446e+13 574.22 552.05 710.406 141.239 129 96.61625 24.02819 50.22487 -49.04 -231.03 320.44 -1.183e+14 5.594e+13 9.450e+13 0.01973 141.23938 2.4446e+13 2.4446e+13 2.3541e+13 1.5090e+13 2.7163e+12 71.35451 0.00 0.02398 0.73813 0.48454 128.26176 -71.66971 -46.10646 0.56045 0.28198 -50.88798 57.12353 86.12223 0.6112 2.177e+13 2.022e+13
90 97 1.6599e+13 565.90 524.56 624.404 65.673 93 1.88819 18.31620 53.35394 -108.71 285.01 -116.48 7.685e+13 4.358e+13 -1.489e+13 0.02238 65.67291 1.6599e+13 1.6599e+13 1.4789e+13 1.1167e+13 6.0361e+12 80.55892 0.00 0.02538 0.73521 0.37563 45.61340 93.25719 -38.19188 0.86218 0.38735 26.81164 88.68647 -9.37050 0.6148 1.571e+13 9.356e+12
91 98 2.1127e+12 283.01 182.45 314.083 33.933 29 0.98743 20.28629 53.98127 -27.16 82.40 -123.23 -2.771e+11 -7.977e+12 -6.289e+12 0.06871 33.93266 2.1127e+12 2.1127e+12 2.1127e+12 1.8108e+12 0.0000e+00 39.63620 0.00 0.08940 0.82362 0.46314 26.02272 93.95427 -25.91394 0.39218 0.09702 33.28217 119.81635 -43.69806 0.4648 2.728e+12 3.018e+11
92 93 2.2334e+13 623.49 594.88 689.322 73.172 121 38.61529 83.38194 96.21600 195.40 138.70 71.98 8.206e+12 -6.386e+13 -2.519e+13 0.01045 73.17194 2.2334e+13 2.2334e+13 2.2032e+13 1.4185e+13 7.8470e+12 38.37939 0.00 0.01195 0.48711 0.46511 29.72010 99.18530 77.28381 0.63737 0.53067 -3.41433 76.42863 51.92607 0.6256 2.047e+13 1.177e+13
93 59 1.0261e+13 448.11 437.77 531.909 81.186 121 67.48800 81.30755 47.70954 -32.82 160.40 -124.34 -4.514e+13 -2.878e+13 -1.715e+13 0.02604 81.18623 1.0261e+13 1.0261e+13 9.6578e+12 6.9416e+12 0.0000e+00 63.55283 21.98 0.03550 0.69090 0.38685 71.67648 34.86639 99.83975 0.76761 0.18002 -63.00412 67.34690 -34.97679 0.6826 1.685e+13 7.243e+12
94 99 2.2032e+13 623.46 571.12 686.203 71.348 103 65.87253 92.07121 27.20504 158.39 303.80 28.65 -4.273e+13 -9.431e+12 -3.005e+13 0.00838 71.34753 2.2032e+13 2.2032e+13 2.0825e+13 1.5694e+13 6.9416e+12 71.96952 7.14 0.00938 0.69232 0.39686 36.66048 70.72227 -64.22675 0.46864 0.41334 29.93380 54.15440 -40.74509 0.5974 2.040e+13 9.960e+12
95 43 8.1488e+12 374.83 271.99 492.568 208.782 71 51.60376 40.47709 48.94724 105.93 46.87 -58.16 1.033e+13 2.738e+13 9.654e+12 0.02113 208.78151 8.1488e+12 8.1488e+12 4.2253e+12 0.0000e+00 0.0000e+00 125.03107 18.91 0.02857 0.39108 0.12013 35.35212 200.15164 -102.95205 0.00000 0.00000 0.00000 0.00000 0.00000 0.5094 1.332e+13 1.600e+13
96 42 6.9416e+12 389.94 318.94 466.932 75.021 32 51.83332 41.34604 48.27195 130.47 -427.70 -36.99 -2.284e+13 -8.776e+11 -2.604e+13 0.03648 75.02085 6.9416e+12 6.9416e+12 6.6398e+12 3.9235e+12 0.0000e+00 66.89521 0.00 0.04197 0.31060 0.13522 -17.20141 122.85100 147.22075 0.51048 0.46864 -10.29029 -10.45387 87.01997 0.5156 8.547e+12 5.131e+12
97 100 1.0261e+13 463.15 374.75 531.909 67.916 114 90.30540 90.45637 23.21650 -50.10 303.81 -86.33 1.340e+12 5.010e+13 2.331e+13 0.03101 67.91563 1.0261e+13 1.0261e+13 9.0542e+12 8.1488e+12 0.0000e+00 15.45712 0.00 0.03490 0.93866 0.46183 2.74011 114.70878 -37.80780 0.55427 0.24475 8.95076 57.67436 93.28630 0.5314 1.074e+13 5.734e+12
98 55 7.5452e+12 374.72 353.42 480.092 128.866 66 71.57216 32.14697 5.57593 51.39 -680.07 215.75 3.484e+13 1.249e+13 -8.569e+12 0.02480 128.86636 7.5452e+12 7.5452e+12 6.9416e+12 4.2253e+12 0.0000e+00 22.00441 35.57 0.04005 0.17279 0.06137 -31.57687 114.29483 29.18980 0.14560 0.00199 -17.47181 83.76356 32.02104 0.7201 7.904e+12 8.752e+12
99 56 6.6398e+12 363.57 287.81 460.065 109.478 40 73.22906 31.24602 6.59585 -260.86 -501.61 -28.16 -2.802e+13 -3.376e+12 7.836e+12 0.03351 109.47763 6.6398e+12 6.6398e+12 6.0361e+12 2.7163e+12 0.0000e+00 23.84311 13.89 0.03821 0.64704 0.27573 18.83512 104.60699 -59.31262 0.70023 0.25996 -14.21675 76.07298 -66.02041 0.4711 5.893e+12 6.036e+12
100 109 1.3280e+13 506.69 451.92 579.645 72.555 105 87.51124 52.19418 70.64539 -215.80 -409.73 -243.99 1.138e+13 3.329e+13 -6.715e+13 0.02789 72.55476 1.3280e+13 1.3280e+13 1.2072e+13 8.4506e+12 4.2253e+12 37.68764 0.00 0.03115 0.76397 0.47269 39.08549 92.03104 -75.86818 0.75662 0.38720 83.76424 -21.39137 52.21462 0.5711 1.267e+13 8.451e+12
101 86 1.6599e+13 520.34 484.58 624.404 101.604 105 60.68307 28.12562 86.65553 241.29 -238.32 138.15 7.415e+13 -4.060e+13 -5.657e+13 0.02546 101.60413 1.6599e+13 1.6599e+13 1.5996e+13 1.0261e+13 5.4325e+12 37.48931 0.00 0.02882 0.58749 0.46838 -26.93712 -65.49775 92.53296 0.68351 0.45863 12.98299 -42.31696 79.27030 0.5744 1.514e+13 1.147e+13
102 16 1.2072e+12 203.87 512.50 260.634 68.414 102 71.94042 22.19680 99.21622 125.68 -416.46 544.69 -1.312e+13 -1.350e+13 -3.329e+13 2.14280 68.41392 1.2072e+12 1.2072e+12 0.0000e+00 0.0000e+00 0.0000e+00 54.25614 271.06 0.85509 0.70921 0.20809 12.66087 -115.89174 157.61617 0.00000 0.00000 0.00000 0.00000 0.00000 16.7835 9.332e+12 1.207e+12
103 60 3.0181e+12 315.51 153.35 353.735 40.101 100 66.05001 84.75266 46.58502 201.94 -117.16 -56.30 5.560e+12 -3.082e+12 -6.849e+12 0.04367 40.10074 3.0181e+12 3.3199e+12 3.0181e+12 1.8108e+12 0.0000e+00 23.13902 0.00 0.04536 0.15468 0.01052 45.00404 -5.91093 77.92455 0.16025 0.00896 57.26586 -3.03498 89.17915 0.2564 9.151e+12 9.054e+11
104 69 1.1770e+13 434.62 385.91 556.800 149.358 95 97.32162 23.60818 53.00730 -90.35 -41.13 -9.25 1.880e+13 1.130e+13 1.017e+14 0.04327 149.35789 1.1770e+13 1.2978e+13 9.9596e+12 6.3380e+12 1.8108e+12 81.55151 0.00 0.05225 0.38355 0.13178 15.43314 62.06684 105.76455 0.52949 0.07892 2.91675 56.27536 81.35683 0.5567 1.129e+13 1.358e+13
105 107 1.2072e+13 431.36 423.14 561.519 185.494 92 53.39016 55.78054 37.19894 25.14 -160.84 17.77 -2.230e+13 -3.384e+13 -2.258e+13 0.01332 185.49432 1.2072e+13 1.2072e+13 1.0563e+13 3.9235e+12 0.0000e+00 70.76180 9.76 0.02235 0.62988 0.07663 51.72723 114.84457 -66.20430 0.50317 0.00091 -46.71849 15.99703 73.31792 0.7399 1.094e+13 1.358e+13
106 17 4.8289e+12 317.78 253.66 413.731 137.025 92 57.50925 30.18769 27.90505 -24.21 -101.09 356.19 1.976e+13 -3.004e+13 6.764e+12 0.05343 137.02458 4.8289e+12 4.8289e+12 2.4145e+12 0.0000e+00 0.0000e+00 77.39957 15.48 0.08115 0.84512 0.27464 57.81649 -19.51827 156.71695 0.00000 0.00000 0.00000 0.00000 0.00000 0.6025 7.921e+12 8.149e+12
107 110 2.2334e+13 571.83 544.76 689.322 115.336 85 51.97051 52.71149 39.67215 173.18 -100.19 -145.61 -6.299e+13 -1.456e+14 -6.648e+13 0.02450 115.33581 2.2334e+13 2.2334e+13 2.0825e+13 1.5090e+13 3.6217e+12 75.98341 7.45 0.02972 0.82383 0.45542 110.01062 -30.28201 -64.81555 0.78831 0.23426 20.71656 84.64877 -73.28877 0.6153 2.041e+13 1.690e+13
108 114 2.2334e+13 565.46 552.04 689.322 123.836 85 38.25459 52.19785 42.82428 267.29 -99.69 -42.97 -1.419e+14 8.251e+13 -2.214e+13 0.02340 123.83556 2.2334e+13 2.2334e+13 2.1428e+13 9.9596e+12 5.4325e+12 83.15317 0.00 0.02862 0.87313 0.51212 55.54489 -42.40164 91.45667 0.63267 0.37934 23.05014 -9.49292 81.37062 0.6260 2.018e+13 1.720e+13
109 115 9.9596e+12 462.41 384.50 526.643 64.461 85 81.94343 30.00184 67.00208 -103.78 -67.18 -10.42 5.899e+13 2.012e+12 2.898e+13 0.04058 64.46097 9.9596e+12 9.9596e+12 9.0542e+12 6.3380e+12 3.6217e+12 25.11558 8.46 0.04364 0.59632 0.41481 47.29599 51.19632 93.82369 0.76812 0.42817 -4.97752 41.49463 83.77769 0.5201 1.147e+13 6.036e+12
110 113 1.9617e+13 511.07 483.68 660.160 194.909 84 5.21245 12.72916 10.84416 -119.85 -163.43 -324.62 9.651e+13 1.044e+14 -2.995e+13 0.02639 194.90858 1.9617e+13 1.9617e+13 1.8108e+13 1.0563e+13 4.5271e+12 60.77842 8.37 0.03115 0.74424 0.40466 -19.33889 36.40092 111.27036 0.66334 0.48558 -37.36995 38.37967 60.90494 0.5678 1.662e+13 2.143e+13
111 103 3.9235e+12 310.74 258.17 386.064 79.178 39 41.90377 29.74611 75.43494 277.48 127.31 -210.39 -4.176e+12 -4.743e+12 -4.280e+12 0.01573 79.17773 3.9235e+12 3.9235e+12 3.6217e+12 0.0000e+00 0.0000e+00 40.21856 0.00 0.02393 0.66398 0.42729 158.85028 21.44870 -26.27379 0.00000 0.00000 0.00000 0.00000 0.00000 0.6294 6.650e+12 3.320e+12
112 104 3.3199e+12 279.67 211.76 365.154 127.437 43 43.29511 30.59580 75.93402 87.66 -170.99 -355.80 2.532e+13 1.064e+13 -6.730e+11 0.05836 127.43698 3.3199e+12 3.3199e+12 9.0542e+11 6.0361e+11 0.0000e+00 33.20956 89.30 0.11379 0.57389 0.12881 1.19565 58.11310 177.25592 0.00000 0.00000 0.00000 0.00000 0.00000 0.7084 4.366e+12 5.131e+12
113 120 2.1127e+12 241.96 246.91 314.083 99.204 81 68.68587 24.21634 93.53960 214.33 -297.97 226.90 -2.039e+12 7.636e+12 2.426e+13 0.20516 99.20437 2.1127e+12 2.1127e+12 0.0000e+00 0.0000e+00 0.0000e+00 90.87851 211.40 0.22442 0.26328 0.00000 180.54758 -43.49528 -56.05334 0.00000 0.00000 0.00000 0.00000 0.00000 2.2279 3.093e+12 3.018e+12
114 105 2.4145e+12 255.02 170.73 328.378 93.273 79 59.62803 83.10627 33.84708 310.23 -13.04 15.39 4.014e+12 -4.882e+11 -5.824e+12 0.02968 93.27311 2.4145e+12 2.4145e+12 1.5090e+12 0.0000e+00 0.0000e+00 81.49002 37.23 0.04993 0.82948 0.40600 180.39204 -56.54684 -11.65740 0.00000 0.00000 0.00000 0.00000 0.00000 0.5691 6.195e+12 3.018e+12
115 119 1.0865e+13 537.24 460.89 542.141 39.061 78 86.00658 70.87520 9.93122 -303.01 223.68 69.12 -3.872e+13 5.829e+13 3.952e+13 0.04121 39.06128 1.0865e+13 1.0865e+13 9.9596e+12 7.8470e+12 4.5271e+12 18.31497 15.42 0.04614 0.43632 0.37278 86.25652 38.55607 7.68023 0.42277 0.31022 72.59933 31.96913 12.21432 0.6126 1.074e+13 4.225e+12
116 -1 4.8289e+12 324.63 282.71 413.731 105.245 78 60.71402 9.00568 86.33237 172.41 22.79 170.15 -4.765e+12 -1.499e+13 3.642e+12 0.02099 105.24548 4.8289e+12 4.8289e+12 4.5271e+12 0.0000e+00 0.0000e+00 74.43256 0.00 0.03580 0.59685 0.00258 -6.60281 106.09039 187.61075 0.00000 0.00000 0.00000 0.00000 0.00000 0.6831 5.942e+12 4.829e+12
117 111 6.3380e+12 355.48 338.99 452.986 115.061 78 71.02032 25.35404 3.96168 82.82 -541.16 97.28 -3.166e+13 7.345e+12 1.538e+13 0.02705 115.06078 6.3380e+12 6.6398e+12 5.7343e+12 2.7163e+12 0.0000e+00 61.43435 111.73 0.05069 0.10475 0.05208 140.58472 66.76620 -92.14008 0.10678 0.05074 141.05829 67.71784 -91.08551 0.7849 9.049e+12 6.338e+12
118 -1 2.7163e+12 261.47 267.55 341.527 120.082 77 76.73203 31.72681 9.16504 -307.91 -371.98 -128.32 -1.444e+12 3.335e+13 -5.463e+12 0.06887 120.08193 2.7163e+12 2.7163e+12 1.8108e+12 0.0000e+00 0.0000e+00 109.08368 27.17 0.19573 0.38139 0.02860 145.40839 -4.03043 24.30502 0.00000 0.00000 0.00000 0.00000 0.00000 1.1369 7.614e+12 4.829e+12
119 123 1.1469e+13 480.87 445.95 552.000 70.311 75 96.00678 94.86265 91.75103 50.62 502.55 344.20 -5.587e+13 2.322e+13 6.312e+13 0.03796 70.31064 1.1469e+13 1.1469e+13 9.6578e+12 6.3380e+12 3.3199e+12 56.56133 0.00 0.04587 0.47663 0.28374 50.72094 74.50677 -13.46788 0.33929 0.19411 36.29293 69.07238 -13.44468 0.6230 1.003e+13 6.338e+12
120 163 5.7343e+12 444.31 295.71 438.123 28.860 75 72.67947 78.59038 17.17827 -232.53 267.32 103.11 2.435e+13 1.272e+13 -2.504e+13 0.07322 28.85982 5.7343e+12 6.0361e+12 5.7343e+12 5.7343e+12 1.5090e+12 22.63403 0.00 0.06191 0.73189 0.62755 55.26483 30.86082 60.94210 0.73824 0.60293 58.72375 20.09534 59.96692 0.3554 7.985e+12 1.509e+12
121 125 1.5694e+13 512.83 443.25 612.838 97.284 75 22.07532 13.76758 29.72640 245.25 18.27 -23.09 -2.960e+13 1.633e+14 3.201e+13 0.04684 97.28442 1.5694e+13 1.5694e+13 1.3883e+13 1.1167e+13 0.0000e+00 53.69881 5.67 0.05259 0.73866 0.40534 112.90749 23.45491 -98.42851 0.63818 0.37162 98.32847 14.78974 -75.50911 0.5358 1.462e+13 1.177e+13
122 112 5.7343e+12 336.17 261.75 438.123 147.673 73 29.11840 25.50736 15.52197 208.34 -438.16 -5.24 -6.707e+12 1.613e+13 8.964e+12 0.02567 147.67264 5.7343e+12 5.7343e+12 4.8289e+12 1.8108e+12 0.0000e+00 37.62047 36.51 0.03270 0.02295 0.00000 204.88910 79.48900 -21.98939 0.62260 0.00000 49.59738 56.02719 12.55188 0.5074 6.855e+12 8.451e+12
123 121 9.6578e+12 399.64 326.59 521.268 178.351 72 25.02061 58.25799 25.02199 273.00 -90.38 209.64 3.556e+13 -1.010e+13 4.564e+13 0.03136 178.35139 9.6578e+12 9.6578e+12 7.5452e+12 2.1127e+12 0.0000e+00 69.04562 15.96 0.04104 0.33850 0.03389 -50.67994 24.19337 153.48985 0.33118 0.02264 -57.38765 48.83377 118.70697 0.5541 8.485e+12 1.207e+13
124 117 2.7163e+12 280.16 216.86 341.527 61.361 30 41.12727 0.82640 23.57065 327.73 268.35 27.14 6.085e+12 1.577e+12 8.755e+12 0.04476 61.36076 2.7163e+12 2.7163e+12 2.4145e+12 1.5090e+12 0.0000e+00 60.51418 0.00 0.06237 0.25764 0.04689 -106.67999 73.19767 105.50445 0.69473 0.07431 -11.67705 33.74964 69.67993 0.5630 4.037e+12 1.509e+12
125 118 7.2434e+12 422.10 321.73 473.604 53.888 41 42.80112 0.83259 23.16625 5.37 339.36 78.87 -1.371e+13 3.274e+12 -3.335e+13 0.04195 53.88811 7.2434e+12 7.2434e+12 6.9416e+12 6.0361e+12 1.5090e+12 40.08527 12.36 0.04086 0.88908 0.44038 -57.95398 59.69791 26.76285 0.88439 0.42585 -33.59884 27.82862 73.11956 0.4318 7.690e+12 4.527e+12
126 124 1.2676e+13 565.77 470.03 570.726 41.063 71 36.86156 27.45982 50.43987 458.59 -157.80 -150.15 -2.178e+13 2.260e+13 5.523e+12 0.01435 41.06269 1.2676e+13 1.2676e+13 1.1770e+13 1.0261e+13 5.1307e+12 24.81182 0.00 0.01415 0.86902 0.66515 -42.63325 73.35155 -28.98756 0.87436 0.60922 -52.81043 44.27160 -41.80468 0.5359 1.374e+13 5.131e+12
127 129 6.0361e+12 388.30 335.01 445.678 56.725 68 71.82745 64.90297 53.35926 67.57 -217.24 -740.78 5.896e+13 -5.518e+13 1.152e+13 0.10720 56.72512 6.6398e+12 6.3380e+12 5.4325e+12 4.8289e+12 0.0000e+00 41.73424 16.87 0.12474 0.37363 0.10516 22.49194 -49.72123 126.76456 0.40589 0.02581 -0.50156 -41.56079 114.83598 0.5608 6.979e+12 3.622e+12
128 127 1.4487e+13 459.53 417.98 596.703 189.435 68 65.03898 86.39698 44.89529 227.42 -69.08 97.78 3.202e+14 7.856e+13 -2.571e+13 0.08875 189.43463 1.4487e+13 1.4789e+13 9.9596e+12 3.9235e+12 3.0181e+12 115.08518 13.21 0.11756 0.26136 0.13025 4.96704 98.42036 40.20878 0.45617 0.20327 1.09692 70.21375 29.87457 0.6028 1.248e+13 1.600e+13
129 128 1.2374e+13 514.35 451.54 566.160 58.891 66 57.28518 0.38622 67.16279 269.95 63.41 -6.73 5.035e+13 -1.746e+13 -5.835e+12 0.02361 58.89123 1.2374e+13 1.2374e+13 1.1770e+13 9.3560e+12 4.2253e+12 78.75497 7.54 0.02478 0.86163 0.77359 10.83207 63.69207 74.26359 0.85351 0.65075 -43.87757 25.31030 64.01137 0.5489 1.223e+13 6.036e+12
130 130 1.0865e+13 543.65 420.02 542.141 37.291 66 62.27062 9.33628 89.20557 50.81 163.03 -55.14 2.075e+12 5.687e+13 1.029e+13 0.03254 37.29084 1.0865e+13 1.0865e+13 1.0261e+13 7.5452e+12 3.9235e+12 33.07298 0.00 0.03320 0.76760 0.66486 67.86187 -32.11914 -40.16818 0.46441 0.30077 48.20745 -4.20897 37.45722 0.5202 1.100e+13 3.923e+12
131 131 1.4487e+13 505.77 471.41 596.703 87.973 65 96.16810 28.54000 63.86828 -39.74 125.84 100.58 2.131e+13 -1.215e+14 1.043e+13 0.03778 87.97336 1.4487e+13 1.4487e+13 1.3280e+13 9.9596e+12 2.4145e+12 63.75615 0.00 0.04401 0.65023 0.42259 81.75085 64.06264 51.94614 0.91597 0.45429 49.14524 70.74136 -2.66482 0.5986 1.319e+13 9.960e+12
132 -1 1.5090e+12 214.75 136.54 280.760 100.735 65 71.19498 24.26415 84.56640 15.41 -131.93 151.32 7.039e+12 -4.850e+12 -3.521e+12 0.07037 100.73463 1.5090e+12 1.5090e+12 1.2072e+12 3.0181e+11 0.0000e+00 117.99411 25.77 0.14250 0.85505 0.17964 87.31554 100.66124 -45.86978 0.00000 0.00000 0.00000 0.00000 0.00000 0.5809 5.886e+12 2.113e+12
133 132 4.8289e+12 316.29 280.75 413.731 150.198 64 41.81785 22.53497 13.74780 -60.54 -244.19 162.54 -1.727e+13 -3.765e+12 1.471e+13 0.03035 150.19795 4.8289e+12 4.8289e+12 3.3199e+12 0.0000e+00 0.0000e+00 67.28963 24.63 0.05101 0.58258 0.00018 150.68573 38.02776 37.27679 0.00000 0.00000 0.00000 0.00000 0.00000 0.6911 6.143e+12 6.942e+12
134 136 8.7524e+12 405.77 322.54 504.441 103.916 63 0.81460 25.01370 70.96600 -469.08 -40.42 24.53 -3.054e+13 -1.497e+13 8.267e+12 0.02718 103.91627 8.7524e+12 9.3560e+12 8.7524e+12 4.8289e+12 1.8108e+12 79.15829 0.00 0.02881 0.76795 0.31306 68.44796 -30.48203 49.19007 0.17162 0.09173 35.68505 -23.00948 71.67706 0.4494 8.888e+12 7.545e+12
135 135 2.7163e+12 262.70 269.16 341.527 110.452 60 19.99002 12.59523 44.76780 343.25 39.93 -89.02 -2.255e+12 2.234e+12 8.195e+12 0.01899 110.45222 2.7163e+12 2.7163e+12 6.0361e+11 0.0000e+00 0.0000e+00 98.45224 55.05 0.05086 0.30590 0.00000 155.59149 -43.34826 9.09648 0.00000 0.00000 0.00000 0.00000 0.00000 1.1687 9.223e+12 3.320e+12
136 137 1.2374e+13 543.86 474.61 566.160 46.237 59 79.04538 9.94830 62.32906 -115.55 144.82 29.67 -3.628e+12 3.385e+13 2.264e+13 0.01733 46.23733 1.2374e+13 1.2374e+13 1.1469e+13 8.1488e+12 4.8289e+12 42.96767 0.00 0.01890 0.72410 0.50872 52.08599 -46.50325 -57.64640 0.76290 0.48082 -34.55575 38.79838 55.65028 0.5899 1.367e+13 6.036e+12
137 47 1.2072e+12 203.51 152.82 260.634 69.662 59 70.89998 23.41534 4.90290 160.93 -93.64 -190.15 3.151e+12 -3.023e+12 -4.782e+12 0.11335 69.66231 1.2072e+12 1.2072e+12 6.0361e+11 3.0181e+11 0.0000e+00 97.90520 215.88 0.14479 0.39497 0.21784 28.33072 126.61304 97.59990 0.00000 0.00000 0.00000 0.00000 0.00000 2.3396 5.032e+12 1.207e+12
138 134 5.1307e+12 343.98 183.92 422.177 79.358 58 2.87353 12.40362 9.29385 -5.93 -105.95 -167.45 4.396e+11 8.110e+12 5.890e+12 0.02026 79.35785 5.1307e+12 5.1307e+12 3.9235e+12 3.0181e+12 0.0000e+00 28.59655 24.90 0.02011 0.25110 0.04989 -73.13482 -14.91400 108.90424 0.35963 0.08148 -61.80772 2.34875 75.18706 0.2569 4.739e+12 3.320e+12
139 116 1.2072e+13 538.94 466.18 561.519 46.022 57 61.70666 41.90238 68.56064 -64.96 -235.70 -313.45 2.737e+13 2.209e+13 4.222e+13 0.02586 46.02181 1.2072e+13 1.2072e+13 1.1469e+13 9.3560e+12 5.1307e+12 27.69192 8.57 0.02647 0.88104 0.77650 33.54793 -25.76562 75.94048 0.87524 0.62543 71.14812 -16.73257 23.85506 0.5526 1.253e+13 5.131e+12
140 140 1.2072e+12 208.29 137.70 260.634 56.468 55 44.25943 20.87543 41.50148 89.99 -115.51 276.14 -2.649e+12 -3.346e+12 -5.016e+12 0.04448 56.46770 1.2072e+12 1.2072e+12 9.0542e+11 0.0000e+00 0.0000e+00 53.37276 95.55 0.14724 0.80124 0.42266 95.43149 -48.85076 -13.79348 0.00000 0.00000 0.00000 0.00000 0.00000 0.8472 4.008e+12 9.054e+11
141 -1 6.0361e+12 346.50 195.00 445.678 124.954 54 59.03902 0.68987 62.83095 141.60 34.79 142.12 3.460e+13 2.018e+13 1.353e+13 0.06025 124.95420 6.0361e+12 6.3380e+12 4.5271e+12 3.0181e+11 0.0000e+00 30.14849 0.00 0.06465 0.74100 0.17781 169.19998 -18.52308 89.29705 0.00000 0.00000 0.00000 0.00000 0.00000 0.2671 5.298e+12 6.338e+12
142 147 9.6578e+12 471.58 370.08 521.268 55.278 54 54.48024 38.28804 52.92273 -233.91 -21.34 -104.50 2.023e+13 -3.582e+13 -3.879e+12 0.02984 55.27827 9.6578e+12 9.6578e+12 9.0542e+12 8.1488e+12 3.3199e+12 37.66046 16.29 0.02887 0.83761 0.58417 46.49239 73.69843 -33.22701 0.92616 0.46885 25.14188 73.92783 -34.67459 0.4532 1.069e+13 4.527e+12
143 142 9.0542e+12 553.29 455.64 510.174 26.247 54 70.76667 25.90151 19.00761 -278.10 -47.82 -120.53 -7.342e+11 -8.820e+12 2.063e+13 0.01756 26.24703 9.0542e+12 9.0542e+12 8.4506e+12 7.8470e+12 4.8289e+12 38.91131 0.00 0.01747 0.43578 0.25723 23.96798 -16.35591 79.76595 0.52856 0.22878 25.15377 -17.24343 69.50703 0.5761 1.139e+13 3.622e+12
144 126 8.7524e+12 456.07 414.65 504.441 53.652 53 3.20189 0.15839 1.26187 -140.78 536.63 -64.56 4.211e+13 -2.243e+13 1.220e+12 0.03437 53.65236 8.7524e+12 8.7524e+12 8.7524e+12 6.9416e+12 2.4145e+12 28.40465 0.00 0.03929 0.62536 0.45698 27.75200 36.09132 89.65469 0.66166 0.23958 9.45369 22.45131 67.81895 0.6027 9.475e+12 4.527e+12
145 133 8.4506e+12 452.39 390.08 498.575 52.156 53 46.26612 93.48180 76.01419 212.28 99.71 11.81 1.656e+13 5.158e+13 -2.269e+13 0.04675 52.15574 8.4506e+12 8.4506e+12 8.1488e+12 6.3380e+12 2.7163e+12 59.83699 0.00 0.05126 0.73871 0.36064 85.20013 -35.61159 15.07265 0.61905 0.29862 72.08530 30.05377 33.83000 0.5676 8.915e+12 4.225e+12
146 139 1.2072e+12 216.07 178.98 260.634 43.787 53 70.43669 85.54635 40.96219 -346.39 53.40 105.96 -4.790e+11 3.795e+12 3.841e+11 0.02823 43.78706 1.2072e+12 1.2072e+12 1.2072e+12 3.0181e+11 0.0000e+00 96.44196 0.00 0.08596 0.80391 0.03303 69.08402 -12.71811 -64.21037 0.00000 0.00000 0.00000 0.00000 0.00000 1.2076 3.279e+12 6.036e+11
147 141 6.9416e+12 356.72 236.90 466.932 172.163 52 99.14675 17.07126 78.64043 -16.52 306.55 120.93 -7.769e+12 -2.316e+13 6.354e+12 0.02799 172.16324 6.9416e+12 6.9416e+12 5.7343e+12 2.1127e+12 0.0000e+00 50.89083 11.95 0.03058 0.44344 0.11687 -32.60704 -67.96935 160.31810 0.48867 0.04573 65.26109 -12.99010 107.12606 0.3647 5.848e+12 9.054e+12
148 146 3.0181e+12 312.88 191.72 353.735 41.759 52 92.67204 97.34825 13.30450 105.03 280.44 55.59 -7.718e+12 4.667e+12 -5.969e+12 0.04768 41.75881 3.0181e+12 3.0181e+12 3.0181e+12 1.8108e+12 0.0000e+00 46.04892 0.00 0.05251 0.37178 0.00344 109.95130 -19.12095 -63.29246 0.74283 0.22520 -45.74136 49.04376 74.73009 0.3626 4.184e+12 1.811e+12
149 150 1.2072e+12 203.63 118.21 260.634 69.252 52 86.38927 49.16078 79.34159 -7.91 -282.18 -298.00 3.070e+12 9.934e+11 -4.895e+12 0.04815 69.25213 1.2072e+12 1.2072e+12 9.0542e+11 0.0000e+00 0.0000e+00 76.31519 79.30 0.13107 0.34264 0.00000 97.94295 -65.46901 108.47693 0.00000 0.00000 0.00000 0.00000 0.00000 0.7336 5.340e+12 1.207e+12
150 149 5.7343e+12 338.54 244.39 438.123 132.608 52 57.05973 48.85053 16.32815 -41.96 -154.98 176.54 -1.097e+13 6.340e+12 1.845e+13 0.03063 132.60791 5.7343e+12 5.7343e+12 4.5271e+12 1.5090e+12 0.0000e+00 75.32336 22.25 0.03728 0.80642 0.12994 147.97571 88.33214 -32.34043 0.89693 0.11187 41.65319 -15.71904 87.59640 0.4535 6.944e+12 6.036e+12
151 151 1.8108e+12 227.76 147.35 298.352 112.138 51 5.62527 14.88756 92.98338 -53.97 -183.38 22.43 4.481e+12 -4.283e+11 -1.248e+13 0.07699 112.13813 1.8108e+12 2.1127e+12 1.2072e+12 0.0000e+00 0.0000e+00 122.09261 69.47 0.15087 0.36797 0.16942 -129.19974 143.51857 -101.85334 0.00000 0.00000 0.00000 0.00000 0.00000 0.6298 4.588e+12 3.320e+12
152 143 3.9235e+12 341.32 208.47 386.064 45.674 50 62.39497 75.38074 31.81937 -28.05 151.01 5.35 1.716e+12 -1.452e+12 -1.946e+13 0.06356 45.67413 3.9235e+12 3.9235e+12 3.9235e+12 3.3199e+12 0.0000e+00 51.51248 0.00 0.06143 0.45619 0.20712 73.80067 32.54587 -19.75050 0.23374 0.00271 79.42979 28.21637 -12.00039 0.3146 4.561e+12 1.811e+12
153 -1 6.0361e+12 396.22 314.95 445.678 51.325 50 86.26054 22.59336 96.94588 -105.79 -346.17 199.21 5.044e+12 -1.924e+13 1.887e+13 0.03677 51.32535 6.0361e+12 6.0361e+12 5.1307e+12 5.1307e+12 0.0000e+00 41.70028 0.00 0.04193 0.55484 0.32917 126.11135 52.48300 -7.20419 0.08701 0.00000 131.09465 112.29463 -14.72258 0.5276 6.562e+12 3.320e+12
154 153 5.1307e+12 340.03 254.72 422.177 86.155 49 3.00700 97.04163 1.95075 -52.30 760.21 14.65 7.393e+12 -3.571e+12 -6.998e+11 0.01360 86.15460 5.1307e+12 5.1307e+12 4.5271e+12 2.4145e+12 0.0000e+00 27.94330 0.00 0.01652 0.48974 0.18457 10.43931 148.14912 -76.62762 0.00000 0.00000 -38.23066 -53.66516 55.81093 0.4879 4.838e+12 4.225e+12
155 152 1.2072e+12 200.09 161.26 260.634 87.078 48 56.83342 55.96110 24.95485 -43.92 -80.61 165.45 -1.098e+12 8.075e+12 -3.087e+12 0.12905 87.07822 1.2072e+12 1.2072e+12 3.0181e+11 3.0181e+11 0.0000e+00 60.99979 139.24 0.19483 0.00000 0.00000 45.10117 -21.32416 -42.12379 0.00000 0.00000 0.00000 0.00000 0.00000 2.0353 3.893e+12 2.414e+12
156 161 3.3199e+12 289.71 176.11 365.154 83.945 48 46.69881 30.45287 73.54739 -136.04 -7.50 -89.55 1.690e+12 1.993e+12 -7.789e+12 0.02417 83.94468 3.3199e+12 3.3199e+12 3.0181e+12 0.0000e+00 0.0000e+00 81.12824 21.60 0.03403 0.47692 0.07800 -104.34023 -64.28793 208.10985 0.00000 0.00000 0.00000 0.00000 0.00000 0.4550 4.658e+12 3.018e+12
157 155 6.3380e+12 356.70 273.77 452.986 111.377 47 1.98689 0.35774 4.64759 6.41 328.06 -149.32 8.000e+12 -4.396e+13 3.803e+13 0.06644 111.37653 6.3380e+12 6.3380e+12 6.0361e+12 2.1127e+12 0.0000e+00 54.02150 0.00 0.08272 0.48564 0.09839 -75.62486 -89.91402 75.95798 0.00000 0.00000 -39.50274 -53.84087 54.95024 0.4939 7.013e+12 6.338e+12
158 154 4.8289e+12 331.73 232.92 413.731 87.346 47 50.29039 63.74106 14.33689 143.50 -41.50 290.25 1.602e+13 -4.219e+12 4.489e+12 0.03214 87.34569 4.8289e+12 4.8289e+12 4.2253e+12 2.1127e+12 0.0000e+00 33.77209 22.78 0.03808 0.42135 0.30650 63.63582 115.43838 90.63911 0.51787 0.05988 54.88180 74.71736 94.74965 0.4470 4.887e+12 4.225e+12
159 159 3.6217e+12 292.72 223.33 375.900 103.477 45 24.97399 39.36699 29.41401 320.83 -236.07 -41.93 5.103e+12 9.068e+12 -4.873e+11 0.02757 103.47701 3.6217e+12 3.6217e+12 3.3199e+12 1.2072e+12 0.0000e+00 55.99404 0.00 0.03732 0.78974 0.27626 93.26942 -59.66601 16.99805 0.30177 0.00000 49.38311 47.27859 -37.79795 0.5275 3.799e+12 3.923e+12
160 198 4.2253e+12 304.15 253.98 395.719 129.572 45 21.84175 12.62634 44.25684 173.41 32.96 -134.29 2.401e+13 1.246e+13 6.235e+12 0.04993 129.57155 4.2253e+12 4.2253e+12 3.6217e+12 0.0000e+00 0.0000e+00 58.76147 39.19 0.07691 0.59419 0.03400 142.04948 24.45986 93.47113 0.00000 0.00000 0.00000 0.00000 0.00000 0.6202 3.964e+12 5.433e+12
161 167 3.3199e+12 282.52 199.47 365.154 108.654 44 73.84601 32.26763 55.53548 -149.58 -1.14 143.07 -1.888e+13 -1.401e+13 -2.256e+12 0.07339 108.65445 3.3199e+12 3.3199e+12 2.4145e+12 6.0361e+11 0.0000e+00 58.97834 0.00 0.09782 0.12987 0.07385 74.05080 -55.58873 33.69075 0.00000 0.00000 0.00000 0.00000 0.00000 0.4694 3.921e+12 3.923e+12
162 168 1.2072e+12 204.00 125.27 260.634 67.951 43 65.93359 49.60495 47.54014 -22.48 64.74 -13.06 -3.080e+12 2.719e+12 -8.275e+12 0.11754 67.95081 1.2072e+12 1.2072e+12 0.0000e+00 0.0000e+00 0.0000e+00 160.90770 129.02 0.20655 0.78626 0.54684 88.90907 126.71726 47.07712 0.00000 0.00000 0.00000 0.00000 0.00000 1.7758 3.481e+12 1.207e+12
163 144 9.0542e+11 212.78 129.24 236.802 25.920 43 95.41518 28.43791 70.70314 -35.98 -169.07 -196.96 2.194e+12 -1.650e+12 2.660e+12 0.01895 25.91994 9.0542e+11 9.0542e+11 9.0542e+11 0.0000e+00 0.0000e+00 96.83910 0.00 0.13803 0.00000 0.00000 0.00000 0.00000 0.00000 0.00000 0.00000 0.00000 0.00000 0.00000 0.9486 4.385e+12 0.000e+00
164 164 3.0181e+12 280.60 139.08 353.735 81.444 43 92.38767 12.28670 8.74752 -30.16 -1.78 -236.78 -4.086e+12 -3.733e+12 -1.203e+13 0.05968 81.44392 3.0181e+12 3.0181e+12 2.7163e+12 1.5090e+12 0.0000e+00 54.22132 0.00 0.06430 0.78093 0.07144 24.13826 75.30396 70.99524 0.63431 0.01498 2.74010 117.82908 -41.00897 0.2277 4.194e+12 3.018e+12
165 170 6.0361e+11 161.21 0.00 206.865 56.501 42 99.36089 26.07162 68.56229 -169.15 66.17 176.35 -2.643e+11 8.129e+11 4.208e+11 0.01721 56.50082 6.0361e+11 6.0361e+11 0.0000e+00 0.0000e+00 0.0000e+00 189.73138 70.63 0.06762 0.00000 0.00000 0.00000 0.00000 0.00000 0.00000 0.00000 0.00000 0.00000 0.00000 0.0000 2.442e+12 6.036e+11
166 165 1.2072e+12 206.90 125.52 260.634 59.635 41 53.01578 90.47242 67.58816 122.08 252.25 47.94 1.944e+12 5.475e+12 -2.136e+12 0.06434 59.63547 1.2072e+12 1.2072e+12 9.0542e+11 6.0361e+11 0.0000e+00 69.18254 80.92 0.13840 0.69115 0.00956 -40.53774 87.89864 7.14997 0.00000 0.00000 0.00000 0.00000 0.00000 0.6589 3.264e+12 9.054e+11
167 169 6.0361e+11 165.98 0.00 206.865 43.452 40 76.34288 30.19176 58.58836 -45.52 115.16 126.06 -1.977e+11 1.121e+11 4.181e+10 0.00152 43.45213 6.0361e+11 6.0361e+11 6.0361e+11 3.0181e+11 0.0000e+00 81.61225 24.51 0.01640 0.00000 0.00000 0.00000 0.00000 0.00000 0.00000 0.00000 0.00000 0.00000 0.00000 0.0000 3.305e+12 3.018e+11
168 160 5.1307e+12 334.50 203.66 422.177 98.185 40 47.34555 45.29384 77.75207 -48.18 -224.53 -130.55 1.767e+13 -1.237e+13 -2.329e+12 0.04330 98.18501 5.1307e+12 5.1307e+12 4.8289e+12 3.0181e+12 0.0000e+00 4.20572 21.30 0.04351 0.64625 0.34165 89.32120 117.23476 -5.97988 0.81014 0.58834 -9.90611 76.92448 -65.16849 0.2975 5.623e+12 4.829e+12
169 162 5.1307e+12 321.04 211.87 422.177 194.275 38 23.28445 31.98176 54.34871 168.06 -18.72 50.03 2.567e+13 2.942e+13 -1.100e+13 0.06328 194.27461 5.1307e+12 5.1307e+12 3.6217e+12 0.0000e+00 0.0000e+00 152.84872 21.04 0.08134 0.15513 0.02188 69.09362 -3.43466 277.25372 0.00000 0.00000 0.00000 0.00000 0.00000 0.4262 5.873e+12 9.658e+12
170 156 5.7343e+12 370.40 257.51 438.123 65.545 37 1.23884 93.61452 15.55915 -308.71 494.64 -124.46 -1.164e+13 -4.428e+12 -2.028e+13 0.03545 65.54517 5.7343e+12 5.7343e+12 5.1307e+12 4.2253e+12 0.0000e+00 59.45411 0.00 0.03964 0.44018 0.05554 19.65278 184.12241 -79.80755 0.40327 0.00803 -10.02853 101.40298 7.93201 0.4299 5.441e+12 4.225e+12
171 166 1.2072e+12 221.59 123.08 260.634 37.781 36 52.98739 66.57221 18.43445 92.75 -169.72 173.12 3.307e+12 3.039e+10 1.693e+12 0.03312 37.78085 1.2072e+12 1.2072e+12 1.2072e+12 0.0000e+00 0.0000e+00 71.42778 0.00 0.08307 0.70587 0.24556 105.97126 75.89767 63.54056 0.00000 0.00000 0.00000 0.00000 0.00000 0.6794 3.148e+12 0.000e+00
172 171 2.7163e+12 264.98 184.95 341.527 98.109 36 40.97488 29.92670 51.44149 266.93 -299.81 -216.50 1.349e+11 -3.103e+12 1.314e+12 0.01264 98.10870 2.7163e+12 2.7163e+12 1.2072e+12 6.0361e+11 0.0000e+00 80.22356 0.00 0.01952 0.60200 0.22828 -20.65682 101.94134 36.80427 0.00000 0.00000 0.00000 0.00000 0.00000 0.5384 5.149e+12 2.716e+12
173 -1 9.0542e+11 181.13 297.16 236.802 84.910 32 71.07617 62.91484 47.64825 -259.28 -373.62 426.43 -8.239e+12 -2.644e+12 8.580e+12 0.63717 84.90961 9.0542e+11 9.0542e+11 0.0000e+00 0.0000e+00 0.0000e+00 88.62191 124.35 0.44003 0.00000 0.00000 0.00000 0.00000 0.00000 0.00000 0.00000 0.00000 0.00000 0.00000 9.1735 3.000e+12 1.207e+12
174 174 4.5271e+12 308.63 237.61 404.925 159.662 32 70.10658 82.63782 12.24095 -46.32 160.35 218.31 2.232e+11 7.413e+12 1.337e+13 0.02570 159.66212 4.5271e+12 4.5271e+12 3.0181e+12 1.2072e+12 0.0000e+00 14.15131 14.10 0.03777 0.28515 0.06745 -67.99614 -43.90353 76.80317 0.32012 0.18317 110.95221 22.47632 59.34211 0.5734 5.677e+12 7.545e+12
175 122 5.4325e+12 336.83 211.29 430.298 112.069 32 86.85687 48.65564 71.30984 7.88 -158.76 -160.12 -1.147e+13 3.498e+12 -2.486e+12 0.01921 112.06890 5.4325e+12 5.4325e+12 4.8289e+12 9.0542e+11 0.0000e+00 29.13561 30.47 0.02233 0.55057 0.31750 65.76238 173.81390 -32.02608 0.43093 0.18954 92.74082 87.30247 -46.47749 0.3817 5.432e+12 5.433e+12
176 172 6.0361e+11 189.39 0.00 206.865 20.775 32 46.85807 28.18445 68.65124 -55.08 -83.67 -76.80 0.000e+00 0.000e+00 0.000e+00 0.00000 20.77519 6.0361e+11 6.0361e+11 6.0361e+11 3.0181e+11 0.0000e+00 59.20962 0.00 0.00000 0.00000 0.00000 0.00000 0.00000 0.00000 0.00000 0.00000 0.00000 0.00000 0.00000 0.0000 3.810e+12 3.018e+11
177 183 6.0361e+11 193.69 0.00 206.865 18.819 31 7.68100 87.19363 39.78323 -67.94 245.42 -4.17 0.000e+00 0.000e+00 0.000e+00 0.00000 18.81894 6.0361e+11 6.0361e+11 6.0361e+11 6.0361e+11 0.0000e+00 109.18541 0.00 0.00000 0.00000 0.00000 0.00000 0.00000 0.00000 0.00000 0.00000 0.00000 0.00000 0.00000 0.0000 3.830e+12 0.000e+00
178 184 1.2072e+12 204.78 142.49 260.634 65.440 31 58.80227 2.86691 78.15430 64.19 178.83 -128.78 -3.383e+12 -1.047e+13 -5.569e+12 0.14171 65.43951 1.2072e+12 1.2072e+12 3.0181e+11 3.0181e+11 0.0000e+00 121.06570 154.94 0.27577 0.40241 0.00000 85.05247 3.37378 37.38764 0.00000 0.00000 0.00000 0.00000 0.00000 1.5963 3.574e+12 1.207e+12
179 182 9.0542e+11 188.60 95.32 236.802 52.733 30 69.39208 54.18858 49.34222 37.92 269.80 7.80 5.005e+11 2.510e+12 -9.897e+11 0.11072 52.73332 9.0542e+11 9.0542e+11 9.0542e+11 3.0181e+11 0.0000e+00 77.66047 254.99 0.09908 0.00000 0.00000 0.00000 0.00000 0.00000 0.00000 0.00000 0.00000 0.00000 0.00000 5.6792 2.021e+12 6.036e+11
180 202 2.7163e+12 275.55 184.36 341.527 68.803 30 3.37155 3.27442 97.72736 -216.76 608.00 -279.64 -1.661e+13 -2.036e+12 2.302e+13 0.10904 68.80293 2.7163e+12 2.7163e+12 2.7163e+12 3.0181e+11 0.0000e+00 51.24010 0.00 0.16470 0.72377 0.01447 133.18855 -120.39258 -99.65406 0.00000 0.00000 0.00000 0.00000 0.00000 0.4939 2.970e+12 1.509e+12
181 176 1.2072e+12 218.39 92.66 260.634 41.053 29 72.62412 96.11414 65.06351 -274.52 163.61 -79.28 -1.487e+12 -1.226e+11 -1.756e+12 0.03140 41.05313 1.2072e+12 1.2072e+12 1.2072e+12 0.0000e+00 0.0000e+00 62.56532 0.00 0.05152 0.40059 0.00466 96.41031 131.92049 3.54725 0.00000 0.00000 0.00000 0.00000 0.00000 0.3380 2.575e+12 6.036e+11
182 175 1.5090e+12 214.18 104.04 280.760 107.644 29 48.18997 54.44707 37.60233 514.30 -153.12 126.56 -6.251e+12 3.646e+12 -2.492e+12 0.05232 107.64390 1.5090e+12 1.5090e+12 0.0000e+00 0.0000e+00 0.0000e+00 148.82422 153.49 0.11796 0.84309 0.35205 150.75273 20.09446 31.21099 0.00000 0.00000 0.00000 0.00000 0.00000 1.3772 3.699e+12 2.716e+12
183 189 3.9235e+12 313.10 177.68 386.064 74.945 29 24.06142 61.56440 35.74079 277.97 31.28 48.35 -2.413e+12 -5.501e+12 -4.899e+12 0.02068 74.94547 3.9235e+12 3.9235e+12 3.9235e+12 9.0542e+11 0.0000e+00 52.53568 0.00 0.02430 0.34183 0.00724 -84.64024 91.40662 31.77137 0.42091 0.07367 85.18397 -24.64580 -29.41425 0.3502 3.747e+12 2.414e+12
184 178 1.5090e+12 222.93 141.65 280.760 64.119 29 68.01617 31.59904 51.08987 -120.63 52.95 1.49 -8.933e+11 -3.017e+12 3.918e+12 0.04045 64.11889 1.5090e+12 1.5090e+12 1.5090e+12 3.0181e+11 0.0000e+00 33.70941 0.00 0.07745 0.33484 0.00000 74.53314 45.55167 90.57191 0.00000 0.00000 0.00000 0.00000 0.00000 0.5969 3.270e+12 1.207e+12
185 181 6.0361e+11 162.09 0.00 206.865 53.335 29 24.06353 5.03193 98.32825 -185.47 404.57 350.56 1.555e+12 6.317e+09 3.140e+11 0.03905 53.33496 6.0361e+11 6.0361e+11 0.0000e+00 0.0000e+00 0.0000e+00 151.44846 84.00 0.11259 0.00000 0.00000 0.00000 0.00000 0.00000 0.00000 0.00000 0.00000 0.00000 0.00000 0.0000 2.475e+12 6.036e+11
186 186 3.3199e+12 277.95 159.50 365.154 152.113 28 15.53122 32.65999 65.66235 8.06 -166.52 -45.79 2.308e+13 2.896e+13 -1.645e+12 0.11197 152.11307 3.3199e+12 3.3199e+12 0.0000e+00 0.0000e+00 0.0000e+00 49.52157 37.65 0.15355 0.19808 0.00000 -152.13322 179.22717 71.64757 0.00000 0.00000 0.00000 0.00000 0.00000 0.3882 4.403e+12 6.036e+12
187 192 3.3199e+12 285.32 129.43 365.154 96.905 27 27.92483 58.73103 33.50389 203.93 10.69 -10.13 -8.130e+12 8.289e+12 4.044e+12 0.04380 96.90469 3.3199e+12 3.3199e+12 3.0181e+12 6.0361e+11 0.0000e+00 34.89005 0.00 0.05092 0.61136 0.00478 81.73769 21.06798 81.64054 0.00000 0.00000 0.00000 0.00000 0.00000 0.2411 3.448e+12 3.320e+12
188 197 2.1127e+12 242.30 132.36 314.083 97.237 26 35.29433 62.94803 10.14081 139.05 23.64 44.63 4.196e+12 -6.346e+12 -1.119e+12 0.05636 97.23746 2.1127e+12 2.4145e+12 1.8108e+12 9.0542e+11 0.0000e+00 25.26091 19.31 0.06765 0.94616 0.43612 42.32119 93.33080 -21.34964 0.69259 0.52309 -15.04999 34.65565 69.47653 0.2849 3.659e+12 3.018e+12
189 -1 1.8108e+12 226.93 113.00 298.352 131.007 25 40.56439 89.21352 98.31654 241.14 69.63 132.21 3.621e+12 -4.654e+12 5.513e+12 0.06100 131.00662 1.8108e+12 1.8108e+12 9.0542e+11 0.0000e+00 0.0000e+00 108.99879 46.30 0.09182 0.54709 0.29205 -104.93523 171.77234 -41.63642 0.00000 0.00000 0.00000 0.00000 0.00000 0.3597 3.175e+12 3.622e+12
190 196 1.8108e+12 244.05 117.60 298.352 54.613 25 30.53506 65.31501 14.29296 302.92 70.02 -22.13 -1.953e+12 1.147e+12 1.101e+12 0.02372 54.61310 1.8108e+12 1.8108e+12 1.5090e+12 1.2072e+12 0.0000e+00 35.53726 26.53 0.02865 0.35238 0.09174 -25.71695 -13.46747 105.18552 0.34198 0.00000 -30.38888 -22.16623 96.70479 0.2577 3.157e+12 1.207e+12
191 194 6.0361e+11 172.00 0.00 206.865 34.124 25 52.30233 41.43650 54.82692 169.69 -378.75 86.23 -2.279e+11 1.481e+11 -4.369e+10 0.00167 34.12404 6.0361e+11 6.0361e+11 6.0361e+11 3.0181e+11 0.0000e+00 86.59943 23.28 0.01954 0.00000 0.00000 0.00000 0.00000 0.00000 0.00000 0.00000 0.00000 0.00000 0.00000 0.0000 3.498e+12 3.018e+11
