#ID DescID Mvir Vmax Vrms Rvir Rs Np X Y Z VX VY VZ JX JY JZ Spin rs_klypin Mvir_all M200b M200c M500c M2500c Xoff Voff spin_bullock b_to_a c_to_a A[x] A[y] A[z] b_to_a(500c) c_to_a(500c) A[x](500c) A[y](500c) A[z](500c) T/|U| M_pe_Behroozi M_pe_Diemer
#a = 0.612089
#Om = 0.285000; Ol = 0.715000; h = 0.695000
#FOF linking length: 0.280000
#Unbound Threshold: 0.500000; FOF Refinement Threshold: 0.700000
#Particle mass: 3.01807e+11 Msun/h
#Box size: 100.000000 Mpc/h
#Force resolution assumed: 0.0976562 Mpc/h
#Units: Masses in Msun / h
#Units: Positions in Mpc / h (comoving)
#Units: Velocities in km / s (physical, peculiar)
#Units: Halo Distances, Lengths, and Radii in kpc / h (comoving)
#Units: Angular Momenta in (Msun/h) * (Mpc/h) * km/s (physical)
#Units: Spins are dimensionless
#Np is an internal debugging quantity.
#Rockstar Version: 0.99.9-RC3
0 20 4.7082e+13 641.03 670.75 858.639 691.360 300 6.55041 4.98185 92.02567 -542.60 536.88 619.79 -3.189e+14 -8.495e+13 -3.898e+13 0.01056 216.63583 4.7987e+13 5.1609e+13 3.6821e+13 1.7505e+13 8.1488e+12 163.67033 28.85 0.01530 0.72034 0.47061 98.16264 -72.28650 -16.10123 0.89153 0.46337 28.86024 -34.63181 60.31951 0.7121 4.823e+13 8.994e+13
1 18 2.5895e+14 1122.74 1171.13 1515.647 442.744 799 4.73680 5.45923 94.81586 -137.48 116.04 347.70 -9.598e+15 -5.574e+15 -9.385e+15 0.03093 414.41870 2.5895e+14 2.6438e+14 2.3058e+14 1.3340e+14 3.2595e+13 106.68858 258.90 0.03905 0.32398 0.24361 -172.53668 4.52276 193.23543 0.30397 0.20902 142.06660 -3.41513 -125.56882 0.6455 2.282e+14 2.722e+14
2 19 3.5613e+13 594.77 610.59 782.342 195.664 163 4.28971 5.47834 95.14298 326.32 114.81 -343.17 -3.531e+14 -2.206e+14 -2.985e+14 0.03108 168.61081 3.5915e+13 3.7122e+13 3.0181e+13 2.1127e+13 8.1488e+12 84.09890 10.67 0.03755 0.51118 0.34049 -74.22474 17.08174 145.45129 0.53342 0.38575 -5.79419 9.88594 105.26725 0.6264 3.237e+13 3.561e+13
3 21 1.5694e+13 507.02 545.33 595.347 66.109 55 71.20859 60.29887 49.83300 168.68 -167.61 19.90 -5.583e+13 3.560e+13 1.327e+14 0.02814 66.10921 1.6298e+13 1.5694e+13 1.4789e+13 1.0563e+13 4.2253e+12 90.08798 10.15 0.04261 0.67443 0.54175 107.30652 -31.37438 9.44349 0.51296 0.44671 86.23660 -26.32896 -24.05109 0.7825 1.584e+13 9.356e+12
4 22 1.5664e+14 989.20 1058.03 1281.814 236.307 587 70.89596 60.95040 49.77604 -311.25 210.58 376.70 7.452e+15 4.376e+15 5.035e+15 0.04621 247.22868 1.5664e+14 1.6147e+14 1.4789e+14 9.4466e+13 2.4446e+13 197.00163 164.55 0.06210 0.41800 0.33706 -52.18276 239.03802 -18.56009 0.45590 0.31888 -30.46189 172.96237 -17.15139 0.7027 1.451e+14 1.301e+14
5 23 6.3380e+12 488.76 296.50 440.057 17.519 38 71.30233 62.05873 52.39200 -265.54 -480.59 -478.54 4.217e+13 -1.767e+13 5.042e+12 0.07031 17.51903 6.9416e+12 6.3380e+12 6.0361e+12 4.8289e+12 3.6217e+12 35.29208 32.71 0.05990 0.60110 0.32604 26.73395 52.99695 -43.79618 0.65404 0.43406 -13.65772 -43.98809 41.24591 0.3824 1.147e+13 3.018e+12
6 23 1.0292e+14 829.25 826.25 1114.347 259.939 370 71.15083 61.77226 52.54496 77.28 27.09 -821.85 1.942e+15 -2.265e+15 6.547e+13 0.03127 290.30353 1.0292e+14 1.0775e+14 9.1448e+13 5.5533e+13 1.3280e+13 100.44250 70.66 0.03732 0.44387 0.33397 106.84799 151.97583 -71.89751 0.30187 0.22656 85.82125 128.16031 -49.25344 0.6015 9.053e+13 9.658e+13
7 118 6.3380e+12 369.30 325.34 440.057 52.453 108 18.46256 9.59612 1.76030 178.73 -74.13 176.54 4.232e+13 -2.297e+13 -2.631e+13 0.05429 52.45303 7.5452e+12 7.2434e+12 4.8289e+12 3.6217e+12 2.1127e+12 52.73175 7.96 0.07144 0.28960 0.10604 0.92740 83.27541 -38.32170 0.43913 0.13364 -6.96949 59.12185 -22.39119 0.6424 1.238e+13 3.018e+12
8 10 6.6398e+12 358.72 328.66 446.934 67.387 35 21.02347 9.76862 2.42986 522.02 73.13 201.82 -2.971e+12 5.112e+13 -7.168e+13 0.08447 67.38725 6.9416e+12 6.6398e+12 6.0361e+12 4.2253e+12 1.5090e+12 57.14006 0.00 0.10614 0.85370 0.34387 3.87641 59.74476 71.41816 0.39215 0.15107 61.14747 -31.00688 -39.21258 0.6017 6.186e+12 4.527e+12
9 13 1.4607e+14 915.41 926.11 1252.326 425.042 659 23.11484 11.04887 3.65215 52.69 125.53 226.89 2.535e+15 2.696e+15 -1.045e+15 0.02264 407.55731 1.4607e+14 1.5302e+14 1.2012e+14 7.2132e+13 2.6257e+13 49.44515 129.51 0.02682 0.57763 0.32143 156.68245 75.96742 67.00993 0.54206 0.32645 106.17751 62.02391 37.27824 0.6005 1.275e+14 1.769e+14
10 12 9.3560e+12 415.28 348.41 501.060 63.570 39 23.84796 11.37288 4.12259 -763.81 -299.04 -311.94 -1.599e+13 -7.805e+12 5.630e+13 0.03890 63.56976 9.3560e+12 9.3560e+12 8.7524e+12 6.0361e+12 2.4145e+12 68.46502 0.00 0.04017 0.56193 0.17385 95.63936 -41.89241 -24.67839 0.08314 0.04081 83.69128 7.36500 15.21665 0.4857 9.893e+12 5.433e+12
11 11 3.3199e+12 276.56 279.43 354.732 63.850 39 20.71208 10.84291 3.14773 198.63 513.97 619.94 -3.211e+12 6.930e+12 -6.842e+12 0.01028 63.84982 3.6217e+12 3.3199e+12 3.3199e+12 6.0361e+11 0.0000e+00 63.50488 61.37 0.03922 0.48650 0.18058 151.57767 -39.98347 10.36101 0.00000 0.00000 0.00000 0.00000 0.00000 0.9435 3.735e+12 2.113e+12
12 1 1.2072e+13 406.50 363.52 545.493 140.109 70 72.52773 17.02533 2.15008 374.95 742.19 41.27 -6.485e+13 3.199e+13 1.504e+14 0.04215 140.10864 1.2072e+13 1.2072e+13 1.5090e+12 3.0181e+11 0.0000e+00 43.33096 16.33 0.07423 0.39907 0.00435 114.76153 100.98958 -59.15908 0.00000 0.00000 0.00000 0.00000 0.00000 0.7276 1.123e+13 1.207e+13
13 0 7.9677e+13 747.13 732.16 1023.223 978.120 317 73.90132 18.90458 1.48389 -95.56 378.17 115.27 4.095e+14 4.500e+14 5.100e+14 0.01200 339.06577 7.9677e+13 8.2997e+13 6.4889e+13 3.0181e+13 9.9596e+12 31.31904 36.54 0.01521 0.78165 0.45446 -46.84222 148.68340 -28.53120 0.86176 0.41856 41.76651 92.85486 -9.48115 0.6131 7.044e+13 1.361e+14
14 3 1.2253e+14 879.73 892.05 1181.076 546.283 462 72.52891 21.23453 0.91732 188.40 -306.92 218.94 -1.093e+15 3.219e+15 1.977e+15 0.03063 304.78775 1.2253e+14 1.2676e+14 1.1107e+14 5.9758e+13 2.4446e+13 44.31158 52.65 0.03677 0.93697 0.59142 111.40065 -86.87728 102.65256 0.95686 0.60204 93.02281 -49.17591 -60.57702 0.6128 1.093e+14 1.569e+14
15 2 2.7163e+12 261.08 223.77 331.780 56.278 26 73.34085 20.09662 1.00539 -309.06 217.00 1007.64 1.438e+12 1.894e+13 7.802e+12 0.06293 56.27831 2.7163e+12 3.0181e+12 2.4145e+12 9.0542e+11 0.0000e+00 93.85833 0.00 0.10973 0.46102 0.04060 113.72124 17.80355 -48.26125 0.82537 0.57268 -24.33038 60.84957 13.16675 0.7164 3.790e+12 1.811e+12
16 25 1.2133e+14 864.27 905.31 1177.184 357.921 505 39.65779 17.32123 42.61572 269.65 204.57 36.42 -9.348e+14 1.836e+15 -1.862e+15 0.02083 358.95801 1.2133e+14 1.2797e+14 1.0141e+14 6.1267e+13 2.0221e+13 95.83040 38.60 0.02639 0.59927 0.44858 147.06706 94.81695 -11.39999 0.69636 0.43811 103.99925 75.87540 3.29803 0.6499 1.077e+14 1.412e+14
17 24 1.0563e+13 424.53 404.19 521.745 72.911 65 39.80892 18.38336 42.92256 464.59 -837.26 -124.35 3.861e+13 1.207e+13 -5.137e+13 0.02818 72.91104 1.0865e+13 1.0563e+13 8.4506e+12 6.3380e+12 2.4145e+12 75.75280 23.98 0.03634 0.62390 0.49737 63.22174 73.00098 -30.07019 0.64019 0.49140 41.66549 66.29073 -3.63982 0.6560 1.165e+13 6.338e+12
18 26 4.2555e+13 644.05 693.54 830.186 185.790 154 43.32294 18.56878 44.06874 81.23 220.04 -616.57 -2.037e+14 2.528e+13 -5.962e+14 0.02539 154.41904 4.2555e+13 4.5875e+13 3.6821e+13 2.5654e+13 9.0542e+12 107.40923 22.45 0.03435 0.79536 0.57410 -37.36851 49.82382 112.28518 0.71206 0.59625 -29.41145 48.71834 87.91652 0.7130 4.288e+13 3.893e+13
19 27 1.7203e+13 562.60 500.97 613.848 49.398 113 44.12669 18.57812 43.65228 -359.94 191.17 96.69 2.137e+13 -2.798e+13 -5.264e+13 0.01328 49.39825 1.7203e+13 1.7807e+13 1.5392e+13 1.0261e+13 7.2434e+12 32.81692 13.64 0.01561 0.72311 0.47727 88.86232 -32.26937 41.50539 0.70981 0.51120 71.22477 -34.26900 10.12394 0.6390 1.708e+13 7.545e+12
20 40 1.0986e+14 856.58 909.24 1138.858 225.252 467 93.07713 41.01417 61.24992 -216.91 -318.26 -95.81 2.724e+15 4.982e+14 -4.633e+15 0.04879 268.28580 1.0986e+14 1.1137e+14 1.0020e+14 6.4587e+13 2.1127e+13 111.40873 82.84 0.06053 0.57238 0.37815 -115.69324 134.98962 -56.11362 0.52740 0.33190 -81.13001 114.13326 -42.34212 0.6549 9.750e+13 9.326e+13
21 159 4.8289e+12 291.59 302.27 401.923 152.532 117 91.59190 46.45748 57.71827 -288.87 -423.17 270.28 3.965e+13 -2.426e+13 -2.354e+13 0.04929 152.53230 4.8289e+12 5.1307e+12 3.3199e+12 1.5090e+12 0.0000e+00 56.19437 11.59 0.10674 0.49854 0.25618 38.07270 -60.61494 101.76617 0.61447 0.15565 51.05569 -36.86392 -10.50381 0.8289 8.833e+12 8.451e+12
22 41 3.9235e+12 289.89 353.76 375.045 71.539 41 91.43802 44.52398 59.58206 -203.25 -490.70 281.52 -1.317e+13 -2.897e+13 -1.219e+13 0.05315 71.53861 3.9235e+12 3.9235e+12 3.3199e+12 2.4145e+12 0.0000e+00 56.32890 0.00 0.09867 0.31272 0.00817 41.01347 -28.78706 122.46926 0.33909 0.05679 -25.86047 -42.40091 113.67159 1.2225 5.754e+12 2.716e+12
23 41 2.1127e+12 231.12 343.94 305.118 67.716 29 91.14992 44.07615 59.40922 -79.82 -631.60 26.55 1.800e+11 1.624e+13 -3.420e+12 0.15680 67.71599 2.4145e+12 2.1127e+12 3.0181e+11 3.0181e+11 0.0000e+00 175.33966 0.00 0.13485 0.54005 0.32784 -49.91510 -45.89947 184.52553 0.00000 0.00000 0.00000 0.00000 0.00000 2.8165 2.954e+12 1.207e+12
24 35 3.9235e+12 281.02 325.81 375.045 91.422 27 69.82397 4.39479 27.99441 496.69 -79.35 -1.60 2.985e+13 -3.511e+13 5.553e+13 0.14153 91.42184 3.9235e+12 3.9235e+12 1.2072e+12 0.0000e+00 0.0000e+00 60.79032 65.87 0.20894 0.85747 0.58287 52.86724 -83.57475 116.95390 0.00000 0.00000 0.00000 0.00000 0.00000 1.4667 8.284e+12 3.923e+12
25 36 4.5271e+12 284.51 201.20 393.368 169.588 38 66.88985 5.11444 30.38935 303.83 -72.15 -172.46 -4.762e+12 -3.442e+12 -1.469e+13 0.02670 169.58759 4.5271e+12 4.5271e+12 2.7163e+12 0.0000e+00 0.0000e+00 32.41410 29.92 0.03608 0.26654 0.12468 35.68076 226.88586 -139.53096 0.00000 0.00000 0.00000 0.00000 0.00000 0.4793 5.361e+12 6.338e+12
26 37 2.4145e+12 242.92 217.45 319.006 67.866 26 70.08747 4.78476 28.24599 158.59 -514.61 -119.92 4.182e+11 9.022e+12 -4.541e+12 0.02627 67.86591 2.4145e+12 2.4145e+12 1.5090e+12 6.0361e+11 0.0000e+00 68.32506 0.00 0.06575 0.43899 0.13805 48.12672 89.17852 70.60831 0.00000 0.00000 0.00000 0.00000 0.00000 0.8263 3.819e+12 1.509e+12
27 34 5.9154e+13 747.40 816.89 926.519 118.945 102 71.03252 2.67498 26.01259 197.34 34.00 225.31 2.755e+14 7.985e+14 -1.646e+14 0.01561 135.78212 5.9154e+13 6.1267e+13 5.3722e+13 4.1348e+13 0.0000e+00 157.98526 97.82 0.02708 0.40392 0.17626 33.41119 78.93370 231.79448 0.06789 0.00958 53.29823 107.27881 260.71707 0.8208 5.662e+13 3.652e+13
28 33 1.1167e+13 389.79 362.57 531.500 164.556 55 71.93137 1.60329 24.46103 -368.66 392.68 342.11 -1.118e+13 -6.670e+13 -1.959e+13 0.02546 164.55643 1.1167e+13 1.2072e+13 7.2434e+12 5.1307e+12 0.0000e+00 49.04964 0.00 0.03567 0.23897 0.07129 121.98564 -95.45146 -33.88073 0.00000 0.00000 99.66278 -72.08598 -25.48409 0.6388 1.012e+13 1.237e+13
29 34 2.8068e+13 604.72 781.89 722.653 87.372 204 71.00759 2.70687 25.72809 147.63 251.77 609.29 -1.399e+14 2.890e+14 3.170e+13 0.01599 87.37173 2.8068e+13 2.9275e+13 2.6257e+13 1.9316e+13 8.4506e+12 103.61166 20.67 0.03517 0.96051 0.66546 36.16549 93.23020 -44.79110 0.85922 0.67050 28.65797 85.92320 -13.15473 1.1012 2.662e+13 1.630e+13
30 35 1.5090e+13 425.20 404.31 587.614 245.504 100 71.06745 3.65735 27.52731 -35.12 -312.99 -115.60 1.929e+14 4.310e+13 -5.677e+12 0.04580 245.50363 1.5694e+13 1.5392e+13 1.2072e+13 6.0361e+12 1.5090e+12 35.79379 6.04 0.06065 0.75432 0.38990 18.56579 -32.49234 126.61433 0.01061 0.00000 -8.69624 -44.35061 156.39651 0.6138 1.619e+13 2.535e+13
31 -1 3.3199e+12 257.49 235.46 354.732 132.683 62 48.95880 18.62978 43.19732 -59.57 184.62 -434.79 -1.780e+13 -3.755e+13 3.980e+13 0.05709 132.68256 3.3199e+12 3.3199e+12 0.0000e+00 0.0000e+00 0.0000e+00 81.44552 39.72 0.22012 0.38555 0.00680 7.05327 16.16760 236.37296 0.00000 0.00000 0.00000 0.00000 0.00000 0.9247 6.889e+12 6.338e+12
32 28 6.3380e+12 333.68 289.05 440.057 96.818 54 51.00779 17.33033 41.40339 -136.76 -203.47 -622.45 2.743e+13 7.144e+12 -4.119e+11 0.02834 96.81830 6.3380e+12 6.3380e+12 5.1307e+12 2.4145e+12 0.0000e+00 26.92619 0.00 0.03691 0.58155 0.32226 89.80172 32.91561 45.89484 0.79279 0.29030 -33.41970 59.33945 -37.30310 0.5823 6.461e+12 5.433e+12
33 30 9.9596e+12 445.31 360.63 511.612 51.372 51 51.96895 15.65001 40.38308 -316.47 745.40 175.33 -9.600e+13 4.592e+13 7.668e+13 0.08357 51.37194 9.9596e+12 1.0563e+13 9.6578e+12 8.1488e+12 3.3199e+12 42.90652 0.00 0.08040 0.85610 0.70032 30.69880 82.04147 -23.37149 0.65345 0.35953 46.76730 40.49455 -50.56438 0.4651 1.129e+13 4.829e+12
34 29 1.3068e+14 912.88 944.39 1206.697 312.351 453 51.80698 16.09081 40.61187 -287.95 211.13 0.42 1.378e+15 -5.726e+15 8.377e+15 0.06739 270.58054 1.3068e+14 1.3280e+14 1.1801e+14 7.4546e+13 1.6298e+13 142.16074 147.82 0.08600 0.46702 0.29978 -69.11479 205.94951 133.37473 0.31567 0.23936 -63.37426 151.55406 101.81518 0.6571 1.163e+14 1.325e+14
35 32 1.6901e+13 625.62 560.56 610.237 32.033 69 72.48054 68.83526 52.29745 -280.14 -208.79 127.67 -1.228e+14 -6.254e+13 -3.433e+14 0.08854 32.03343 1.7807e+13 1.7203e+13 1.6298e+13 1.2072e+13 9.0542e+12 70.58243 42.07 0.09392 0.61508 0.40673 -6.05858 77.50075 16.57838 0.56957 0.37415 -8.91647 69.01019 6.56742 0.6410 2.245e+13 6.036e+12
36 31 1.6509e+14 960.46 994.59 1304.462 517.786 556 72.29083 68.10891 52.39945 -111.05 -115.48 -406.47 2.056e+15 2.529e+15 6.634e+15 0.03113 383.11411 1.6630e+14 1.7112e+14 1.4668e+14 7.0925e+13 1.8108e+13 139.73958 142.08 0.04204 0.31309 0.23673 60.51814 235.61319 -49.68459 0.47732 0.35505 27.52777 142.42380 -16.40052 0.6695 1.435e+14 1.898e+14
37 15 1.9919e+13 544.18 591.23 644.590 74.633 152 29.42317 12.88964 5.94199 -299.74 -9.63 218.96 -2.116e+14 -2.891e+14 3.177e+14 0.05997 74.63343 1.9919e+13 1.9919e+13 1.9014e+13 1.5694e+13 4.5271e+12 71.74145 13.84 0.09245 0.54009 0.25782 121.89543 -51.97858 -66.07636 0.54754 0.15762 -74.33165 66.97720 79.79031 0.7938 2.786e+13 1.147e+13
38 14 9.6578e+12 374.81 424.40 506.391 139.709 138 27.17377 12.10400 5.20025 -154.72 -5.46 194.99 1.763e+14 1.190e+14 -5.567e+12 0.04460 139.70889 9.6578e+12 9.9596e+12 6.9416e+12 1.8108e+12 0.0000e+00 48.68101 97.05 0.13731 0.60427 0.22735 157.18076 -66.27766 -25.61741 0.46390 0.10384 94.76513 80.63517 33.34178 1.0825 1.333e+13 1.026e+13
39 16 5.4325e+12 341.99 243.76 418.016 56.737 54 31.41633 12.89883 6.10577 -397.06 129.51 214.32 3.837e+13 -9.726e+12 -1.164e+13 0.06261 56.73748 5.7343e+12 5.4325e+12 5.1307e+12 3.6217e+12 0.0000e+00 25.19054 15.44 0.06946 0.09301 0.02050 177.21957 121.69765 25.83066 0.42807 0.00000 30.72391 39.35931 64.50027 0.4367 5.530e+12 3.018e+12
40 17 2.7163e+12 241.06 319.83 331.780 121.248 25 34.17473 12.68128 7.06227 -229.36 205.59 -68.44 -2.287e+13 -2.842e+13 -9.019e+12 0.17593 121.24781 2.7163e+12 2.7163e+12 3.0181e+11 3.0181e+11 0.0000e+00 108.67608 67.66 0.20082 0.53977 0.01319 57.86926 88.77241 49.57182 0.00000 0.00000 0.00000 0.00000 0.00000 1.9376 3.399e+12 4.527e+12
41 17 1.0261e+13 374.09 523.68 516.728 211.032 127 33.36964 13.30697 6.17532 -356.24 -100.45 198.91 2.665e+14 -1.172e+14 -1.237e+14 0.16632 211.03165 1.0261e+13 1.2676e+13 2.7163e+12 0.0000e+00 0.0000e+00 63.54469 59.33 0.18449 0.20957 0.06538 297.21240 54.46360 153.83205 0.00000 0.00000 0.00000 0.00000 0.00000 1.7086 1.925e+13 2.354e+13
42 39 1.2736e+14 881.79 940.58 1196.391 320.469 493 54.35942 27.75133 35.65399 -60.77 -98.44 -38.21 1.492e+15 -2.200e+14 2.766e+15 0.02165 346.91867 1.2736e+14 1.3129e+14 1.1137e+14 6.4587e+13 2.4748e+13 105.28963 44.72 0.02762 0.62979 0.32623 -78.76375 -22.05890 160.73586 0.65499 0.36467 -32.35160 8.98795 116.24504 0.6620 1.104e+14 1.316e+14
43 44 2.7163e+12 249.00 110.72 331.780 79.694 31 52.76677 40.62730 54.90095 279.51 -496.97 232.75 -9.194e+12 1.081e+12 3.556e+12 0.04769 79.69388 2.7163e+12 2.7163e+12 2.4145e+12 6.0361e+11 0.0000e+00 101.33437 0.00 0.05300 0.54797 0.05247 15.25471 -19.27043 64.62399 0.00000 0.00000 0.00000 0.00000 0.00000 0.2103 3.865e+12 2.716e+12
44 45 1.0533e+14 885.95 938.09 1122.994 138.878 492 53.63125 40.72541 57.51532 86.44 -248.80 -295.62 1.851e+14 2.917e+14 8.124e+14 0.00906 187.48004 1.0533e+14 1.1016e+14 9.7786e+13 7.1227e+13 2.8672e+13 60.81808 32.74 0.01062 0.70234 0.42716 12.47005 85.24454 130.05161 0.66800 0.36988 7.78399 82.09607 91.89260 0.6486 9.982e+13 6.097e+13
45 46 5.8852e+13 673.71 679.41 924.941 482.017 327 73.68609 3.91668 29.94720 -285.47 -97.07 -159.77 6.373e+14 1.526e+13 -8.232e+14 0.02776 320.42188 5.8852e+13 6.3681e+13 4.9798e+13 2.5654e+13 1.2978e+13 112.58565 28.68 0.03305 0.84701 0.43786 -93.86771 98.85436 -3.71263 0.81009 0.56485 68.04982 -65.13360 0.67028 0.5973 5.480e+13 8.994e+13
46 47 2.3239e+13 496.28 514.52 678.577 219.004 164 76.60044 4.04721 32.10572 -539.61 41.72 -248.76 1.456e+14 -4.965e+13 2.266e+14 0.03007 219.00365 2.3239e+13 2.5050e+13 1.9919e+13 9.6578e+12 4.2253e+12 71.75558 0.00 0.04090 0.67701 0.45651 74.64062 -71.01868 -53.92245 0.86820 0.68633 -49.82603 53.42182 4.73301 0.6701 2.253e+13 3.018e+13
47 43 1.1076e+14 897.93 911.69 1141.978 190.691 457 57.87433 30.44880 31.73349 -257.68 -377.23 32.40 -2.222e+15 1.099e+15 -1.689e+15 0.02826 194.63394 1.1076e+14 1.1680e+14 9.7786e+13 6.8812e+13 2.7766e+13 29.67382 59.01 0.03318 0.86753 0.56665 -105.71369 -36.87429 123.52786 0.87528 0.52959 -77.79588 -46.69153 97.45058 0.6300 9.963e+13 8.179e+13
48 49 9.1146e+13 884.08 947.53 1070.134 149.154 383 47.32927 28.16550 45.43176 38.24 -179.99 -165.57 -2.138e+15 -2.130e+14 2.530e+15 0.04058 138.02740 9.1146e+13 9.5371e+13 8.2393e+13 6.0663e+13 3.2293e+13 52.19438 84.59 0.05082 0.85847 0.74568 71.55156 84.26832 82.54202 0.83003 0.63158 85.13852 52.09322 49.44011 0.7042 8.262e+13 5.825e+13
49 50 2.7163e+12 248.13 186.48 331.780 82.308 36 46.48781 31.21530 46.95184 273.97 -623.02 -68.83 1.280e+13 3.200e+12 4.345e+12 0.04976 82.30814 2.7163e+12 2.7163e+12 2.4145e+12 3.0181e+11 0.0000e+00 25.55069 23.23 0.07423 0.02311 0.00000 -7.47056 -101.95481 192.04990 0.00000 0.00000 0.00000 0.00000 0.00000 0.5339 3.311e+12 2.716e+12
50 58 4.3460e+13 621.07 620.38 836.033 230.598 203 96.58708 23.55989 50.91203 -74.23 -198.46 360.69 -4.384e+14 1.032e+14 3.587e+13 0.02046 221.70161 4.3460e+13 4.4667e+13 3.8631e+13 2.2032e+13 9.6578e+12 48.00822 22.10 0.02377 0.90588 0.68227 95.33861 -80.99120 -43.48212 0.90111 0.85963 76.96564 11.58515 51.28018 0.5891 3.866e+13 4.497e+13
51 59 1.9919e+13 499.36 466.04 644.590 121.068 126 97.13241 23.51677 52.81592 -76.68 -47.50 -107.06 5.893e+13 5.469e+13 3.528e+14 0.06187 121.06782 1.9919e+13 2.0523e+13 1.9617e+13 9.9596e+12 3.6217e+12 18.01312 0.00 0.06987 0.91909 0.46092 -55.43064 11.51800 98.93526 0.71803 0.48658 -27.97842 -23.69838 75.79445 0.5538 1.946e+13 1.660e+13
52 60 1.5090e+12 199.36 136.35 272.746 88.855 36 96.17213 25.12383 55.59268 -18.69 -157.82 -50.90 -3.636e+12 -1.995e+12 -2.034e+12 0.03057 88.85459 1.5090e+12 1.5090e+12 1.2072e+12 0.0000e+00 0.0000e+00 78.08008 32.15 0.06575 0.81911 0.12795 120.06712 62.62440 -37.92207 0.00000 0.00000 0.00000 0.00000 0.00000 0.6491 3.128e+12 1.811e+12
53 68 6.1267e+13 690.80 703.85 937.420 280.776 273 42.71852 41.23217 81.31622 181.68 -240.89 -162.04 -3.402e+14 -7.418e+13 1.702e+14 0.00937 272.39157 6.1267e+13 6.3078e+13 5.2213e+13 3.1690e+13 1.0261e+13 40.80258 85.67 0.01150 0.53170 0.38316 -40.72170 114.66413 110.03481 0.77866 0.45651 -47.53519 77.05504 62.03740 0.6234 5.375e+13 6.821e+13
54 63 8.1488e+12 350.43 333.01 478.509 151.284 76 70.94125 27.06416 5.79052 122.11 -451.87 19.60 -3.792e+13 -9.388e+12 -8.121e+12 0.01438 151.28426 8.1488e+12 8.4506e+12 4.8289e+12 6.0361e+11 0.0000e+00 104.16733 0.00 0.03417 0.88084 0.61077 146.29059 17.92784 -62.65816 0.00000 0.00000 0.00000 0.00000 0.00000 0.8436 1.229e+13 1.177e+13
55 65 8.7524e+12 355.79 364.48 490.044 182.248 51 71.91786 29.35568 5.91672 -82.65 -335.78 288.46 -9.260e+12 -6.741e+13 2.675e+13 0.03217 182.24849 8.7524e+12 9.0542e+12 7.2434e+12 3.3199e+12 0.0000e+00 34.76740 35.89 0.05558 0.00648 0.00000 83.50905 -42.60337 282.44159 0.33927 0.00000 13.48627 69.52361 -66.74538 0.7523 8.357e+12 1.147e+13
56 67 1.3280e+13 471.59 497.81 563.101 67.802 78 72.50858 30.14149 6.40430 -381.64 -579.32 -141.25 -2.794e+13 1.386e+14 -3.842e+13 0.03855 67.80170 1.3280e+13 1.4185e+13 1.2374e+13 8.4506e+12 4.5271e+12 39.00185 48.64 0.05562 0.59131 0.18820 77.66613 -39.38511 -46.25673 0.75163 0.15490 72.35551 -30.05346 -22.22636 0.7581 2.566e+13 7.545e+12
57 66 1.3581e+13 464.07 370.38 567.335 77.077 66 71.84503 30.37072 6.13569 206.41 -979.58 281.69 1.693e+13 -1.226e+13 1.053e+14 0.04029 77.07706 1.4487e+13 1.3581e+13 1.2676e+13 7.5452e+12 3.3199e+12 94.48164 33.47 0.03923 0.80898 0.18556 -64.85213 66.65752 -31.73591 0.81189 0.14539 -37.91583 74.62056 1.80190 0.4349 1.282e+13 7.545e+12
58 61 4.2253e+12 297.39 227.82 384.425 72.900 26 99.49371 21.99437 76.46069 -213.77 104.53 -625.41 -1.730e+13 -1.390e+12 3.366e+13 0.07378 72.90005 4.2253e+12 4.2253e+12 4.2253e+12 1.5090e+12 0.0000e+00 31.89039 0.00 0.09692 0.53368 0.15913 35.23853 83.59686 -47.10542 0.49517 0.05737 -33.16335 -29.84173 36.23595 0.5310 4.182e+12 2.716e+12
59 61 4.9496e+13 677.16 678.58 873.073 156.807 262 99.26546 22.50697 75.90636 21.70 63.99 63.47 8.453e+14 4.297e+14 -4.360e+14 0.03712 162.67247 4.9496e+13 5.1911e+13 4.2555e+13 3.1690e+13 1.0865e+13 85.84483 62.94 0.04420 0.75530 0.37645 49.50986 -29.92341 123.03933 0.60840 0.37762 27.06527 -26.44262 101.42506 0.6254 4.367e+13 3.773e+13
60 4 1.1770e+13 398.58 424.08 540.909 157.268 115 71.30025 24.16807 4.31394 126.23 -574.16 73.97 -5.752e+12 -4.012e+13 7.012e+13 0.01634 157.26781 1.1770e+13 1.2072e+13 1.0261e+13 3.6217e+12 0.0000e+00 203.14259 0.00 0.03758 0.34499 0.24475 -72.67826 138.22942 169.21709 0.29331 0.15229 -38.97575 123.36772 122.21810 0.8628 2.014e+13 1.418e+13
61 5 2.7163e+12 240.42 253.97 331.780 130.598 114 69.97423 24.48508 7.91309 8.95 -149.08 -239.71 -1.417e+13 -2.720e+12 1.942e+12 0.11355 130.59843 2.7163e+12 3.0181e+12 3.0181e+11 3.0181e+11 0.0000e+00 95.64471 130.47 0.07779 0.30994 0.25473 5.29588 95.49335 186.43675 0.00000 0.00000 0.00000 0.00000 0.00000 3.7812 1.026e+13 7.545e+12
62 75 5.4325e+13 689.84 733.16 900.589 214.417 249 34.78638 7.16654 40.80564 75.68 443.19 3.63 -7.492e+13 4.264e+14 -7.086e+13 0.01190 183.25890 5.4325e+13 5.5231e+13 4.5875e+13 3.3199e+13 1.0563e+13 116.05058 49.33 0.01591 0.69905 0.40175 60.97905 -72.76978 105.50572 0.49888 0.37889 30.04766 -13.14086 99.41326 0.6971 4.799e+13 5.282e+13
63 70 2.8370e+13 613.86 602.63 725.234 82.920 156 4.71146 5.15215 77.88044 -62.59 448.88 148.68 -2.033e+14 -4.486e+14 -4.712e+13 0.04617 82.92007 2.8370e+13 3.0784e+13 2.3239e+13 1.9014e+13 9.6578e+12 28.29083 0.00 0.05298 0.83684 0.37098 5.45459 -7.77405 108.65033 0.89769 0.38470 -0.56870 -23.45816 86.87601 0.6327 2.843e+13 1.750e+13
64 71 2.1428e+13 478.52 459.39 660.473 261.532 114 4.45428 6.48417 76.26908 -108.84 66.51 399.69 -1.354e+14 6.763e+13 3.228e+13 0.02089 261.53217 2.1428e+13 2.2636e+13 1.6901e+13 7.5452e+12 3.0181e+12 44.58897 8.19 0.02645 0.54520 0.41482 42.44729 -16.32183 125.69449 0.54223 0.37529 71.71286 17.10192 42.90379 0.6015 2.118e+13 3.260e+13
65 103 1.9014e+13 589.55 546.41 634.672 48.364 180 78.77029 74.31550 55.97398 -510.54 -170.32 -249.04 5.629e+13 -7.986e+12 3.595e+13 0.01281 48.36431 1.9014e+13 1.9617e+13 1.8410e+13 1.6599e+13 1.5090e+12 11.41571 0.00 0.01403 0.80802 0.68518 109.77716 -33.02253 35.41610 0.86881 0.63554 93.52931 -15.18014 55.97168 0.6280 2.491e+13 5.734e+12
66 104 1.5090e+12 216.25 140.82 272.746 44.176 27 81.09595 73.65725 55.05386 -541.11 -26.54 23.02 1.211e+12 6.660e+11 -1.184e+12 0.01449 44.17617 1.5090e+12 1.5090e+12 9.0542e+11 9.0542e+11 0.0000e+00 75.40558 29.08 0.02590 0.54270 0.37508 -39.51072 75.37007 37.19574 0.39411 0.00000 75.43581 -66.61237 -1.69044 0.5899 3.336e+12 9.054e+11
67 103 1.2072e+12 203.88 85.83 253.195 37.480 34 77.93410 75.46778 56.56656 -83.31 -289.57 -459.34 3.052e+11 3.962e+11 2.641e+12 0.03743 37.47976 1.2072e+12 1.2072e+12 6.0361e+11 6.0361e+11 0.0000e+00 109.42477 4.95 0.05551 0.38624 0.24466 101.34689 -63.12681 -78.85033 0.00000 0.00000 0.00000 0.00000 0.00000 0.2402 3.349e+12 6.036e+11
68 73 1.5392e+13 473.75 413.94 591.506 90.272 96 86.94661 48.34214 71.07510 -15.52 -182.91 -197.44 6.829e+13 -3.355e+13 3.701e+13 0.02266 90.27207 1.5392e+13 1.5392e+13 1.3280e+13 9.9596e+12 0.0000e+00 39.05268 0.00 0.02511 0.52922 0.44821 -6.46915 139.37988 51.80755 0.39870 0.06423 2.67872 154.84712 -5.06522 0.5425 1.469e+13 1.026e+13
69 74 2.8974e+13 561.77 574.30 730.342 144.182 158 87.10963 51.26540 70.10275 -197.18 -429.94 -247.52 7.742e+13 1.508e+14 1.249e+14 0.01798 144.18214 2.8974e+13 2.8974e+13 2.6559e+13 1.7807e+13 5.4325e+12 44.54152 0.00 0.02177 0.70605 0.47156 -36.66287 43.47752 115.04728 0.53653 0.48262 -38.77127 46.73562 80.05846 0.6358 2.665e+13 2.475e+13
70 77 5.7343e+12 316.35 290.63 425.618 112.258 25 43.07182 82.20342 45.05980 269.58 495.56 129.78 1.777e+13 3.125e+13 -2.140e+13 0.03584 112.25842 5.7343e+12 6.3380e+12 3.6217e+12 1.5090e+12 0.0000e+00 33.79447 25.58 0.06436 0.46721 0.34893 64.94095 146.27551 -99.27523 0.54025 0.41333 -17.50421 107.29323 47.30741 0.7395 5.346e+12 6.036e+12
71 78 9.9596e+12 377.58 372.13 511.612 145.964 52 43.07503 83.25686 45.32366 156.43 427.27 137.70 -1.673e+13 -1.147e+14 -6.964e+12 0.03895 145.96358 1.0563e+13 1.0563e+13 5.7343e+12 3.0181e+12 0.0000e+00 71.63010 18.29 0.07120 0.58354 0.43350 97.02753 -63.24277 8.83683 0.90322 0.31554 66.23134 1.18907 18.73042 0.7713 9.043e+12 1.087e+13
72 79 4.1951e+13 612.49 647.77 826.242 256.452 195 42.83738 85.52637 45.63449 220.81 47.73 -23.63 1.471e+14 -4.652e+14 -1.128e+14 0.02179 224.16705 4.1951e+13 4.3158e+13 3.6519e+13 2.3239e+13 8.4506e+12 63.32440 15.50 0.02794 0.86842 0.54684 102.03108 56.03099 42.42956 0.54707 0.28444 47.58544 54.15382 48.06364 0.6605 3.718e+13 4.919e+13
73 69 6.0965e+13 693.84 719.28 935.879 270.748 268 39.24569 23.10899 60.23478 192.71 206.96 -240.87 5.688e+14 -3.163e+14 1.188e+13 0.01584 253.60164 6.0965e+13 6.3380e+13 5.3420e+13 2.9879e+13 1.3280e+13 59.27864 32.17 0.01948 0.48620 0.31814 -37.48581 4.53307 146.09576 0.57535 0.32219 -19.95936 17.17136 109.87380 0.6343 5.393e+13 6.640e+13
74 83 2.6861e+13 515.05 515.42 712.141 307.750 89 53.50434 55.38145 37.23370 8.65 -73.54 -46.61 1.695e+13 1.248e+14 8.670e+13 0.01342 307.75037 2.6861e+13 2.9879e+13 2.1127e+13 1.1469e+13 3.3199e+12 140.17134 6.90 0.01793 0.69852 0.30178 20.08191 119.99770 -75.52297 0.35350 0.19658 -47.31060 75.36252 28.88207 0.6464 2.891e+13 4.195e+13
75 85 1.1167e+13 466.02 406.50 531.500 51.655 85 52.62743 56.40120 37.02103 513.25 -446.19 79.82 -3.951e+13 -5.056e+13 -4.611e+13 0.03248 51.65477 1.1167e+13 1.1770e+13 9.9596e+12 6.3380e+12 3.0181e+12 98.30393 0.00 0.04003 0.74477 0.61696 44.89100 52.18518 61.60450 0.88294 0.28196 25.75737 54.60676 -4.53246 0.6346 1.195e+13 4.829e+12
76 84 9.0542e+12 369.17 376.68 495.613 127.860 52 53.87894 55.94466 36.76666 -291.61 -210.38 385.73 -8.686e+13 -4.786e+13 8.326e+12 0.02882 127.85954 9.6578e+12 9.3560e+12 6.9416e+12 0.0000e+00 0.0000e+00 94.02566 23.66 0.07151 0.25703 0.06451 11.32177 122.07343 143.37334 0.00000 0.00000 0.00000 0.00000 0.00000 0.8690 8.693e+12 9.356e+12
77 55 1.4185e+13 417.64 429.42 575.619 218.066 138 91.19276 23.51151 0.96878 -133.05 -691.56 -124.58 -1.374e+14 -1.540e+13 1.400e+14 0.03491 218.06590 1.4185e+13 1.5694e+13 1.0261e+13 4.5271e+12 0.0000e+00 87.01979 5.23 0.06689 0.37196 0.08502 114.61459 -95.91077 102.02269 0.44859 0.10320 93.15772 -81.47990 52.75610 0.7990 2.714e+13 2.596e+13
78 56 6.0361e+12 321.07 337.06 432.958 116.977 64 92.00205 22.70695 1.03190 -390.02 -177.32 -192.55 1.129e+14 4.851e+13 -3.810e+13 0.04553 116.97682 6.0361e+12 6.3380e+12 4.8289e+12 2.7163e+12 0.0000e+00 50.15854 161.37 0.18175 0.13447 0.00000 88.25904 160.18027 150.80400 0.56866 0.21625 62.91928 50.82203 111.65746 1.0476 1.178e+13 6.338e+12
79 82 4.2253e+13 687.95 666.52 828.219 173.799 198 66.48766 95.75665 66.33698 -83.09 372.87 -216.88 -2.185e+12 -6.147e+13 -9.246e+13 0.00504 103.90691 4.2253e+13 4.4969e+13 3.6519e+13 2.2636e+13 1.4487e+13 22.86448 19.64 0.00612 0.62691 0.40026 -61.30679 116.43098 61.85266 0.73367 0.49643 -8.63703 92.91827 47.51970 0.6506 3.842e+13 3.622e+13
80 52 3.3199e+12 260.50 218.92 354.732 107.839 54 26.17860 29.36853 63.22836 442.40 -236.22 42.97 -4.041e+12 -7.179e+12 2.714e+12 0.01667 107.83892 4.2253e+12 3.9235e+12 1.8108e+12 1.2072e+12 0.0000e+00 78.22086 71.45 0.03318 0.38541 0.10298 -9.29381 86.32137 26.22671 0.20266 0.00000 -14.80206 104.48855 45.47276 0.7530 6.528e+12 4.225e+12
81 54 1.8410e+13 466.72 428.99 627.883 165.464 129 27.58410 29.07452 63.63020 122.06 -30.04 -59.20 5.599e+13 -2.162e+13 2.284e+13 0.01152 165.46446 1.8410e+13 1.9014e+13 1.5996e+13 6.3380e+12 3.6217e+12 67.49522 0.00 0.01414 0.62848 0.35540 79.61332 -24.47156 -70.91936 0.58239 0.26308 -42.65316 20.31609 62.26323 0.5736 3.094e+13 1.901e+13
82 53 1.2374e+13 400.23 352.07 550.001 194.174 62 28.65155 28.67561 63.85056 -109.92 117.40 -351.04 5.844e+13 1.635e+14 2.727e+13 0.05885 194.17398 1.2374e+13 1.2374e+13 1.0261e+13 3.9235e+12 0.0000e+00 125.29547 11.25 0.07502 0.61187 0.24714 -77.58714 -22.87472 92.91916 0.50343 0.11873 69.40472 28.86021 -46.54728 0.5538 1.078e+13 1.539e+13
83 80 2.9275e+13 539.14 529.92 732.869 217.614 176 34.15924 14.32677 42.96958 431.95 159.23 -140.17 -1.273e+13 2.797e+13 -2.649e+11 0.00245 217.61400 2.9275e+13 2.9577e+13 2.5955e+13 1.5694e+13 1.5090e+12 76.75031 0.00 0.00312 0.80674 0.38875 129.16844 -49.51022 -93.54464 0.77681 0.54753 98.04084 36.74114 -38.98460 0.6200 2.760e+13 3.320e+13
84 81 1.8108e+12 215.09 327.61 289.836 77.701 69 35.70827 15.53935 43.44772 383.05 13.40 -556.45 -2.444e+13 3.141e+13 -4.088e+12 0.54779 77.70107 3.0181e+12 3.3199e+12 9.0542e+11 0.0000e+00 0.0000e+00 100.72686 132.13 0.42027 0.32607 0.12720 160.27754 133.14351 66.90186 0.00000 0.00000 0.00000 0.00000 0.00000 3.4327 8.600e+12 1.811e+12
85 105 7.2434e+12 360.05 332.23 460.087 80.810 68 66.58795 24.24024 89.61902 -68.70 38.95 187.40 1.078e+14 2.407e+13 -2.448e+12 0.08833 80.81043 7.2434e+12 7.5452e+12 5.7343e+12 4.8289e+12 1.5090e+12 40.12841 24.34 0.11512 0.61177 0.14283 -6.48686 -43.50772 57.05631 0.66163 0.09341 -9.96317 -36.25450 50.30468 0.6274 9.890e+12 5.734e+12
86 106 3.1388e+13 583.13 576.79 750.090 200.093 121 66.50424 24.80433 89.42627 252.75 -193.82 77.17 -3.722e+14 2.539e+14 -1.764e+14 0.03737 137.58441 3.1992e+13 3.2897e+13 2.9879e+13 1.6901e+13 7.8470e+12 98.05876 18.51 0.04378 0.93083 0.72691 12.67459 -79.02987 77.66673 0.82108 0.55459 -45.26151 13.31504 68.68970 0.6137 2.905e+13 3.290e+13
87 90 4.8289e+12 333.40 284.77 401.923 50.773 45 44.74099 30.45880 74.01410 141.33 -77.25 -31.80 -3.522e+13 1.418e+13 8.399e+12 0.05639 50.77267 4.8289e+12 6.3380e+12 4.8289e+12 2.7163e+12 0.0000e+00 31.55182 49.71 0.07965 0.81505 0.55081 58.26443 105.07310 -13.76068 0.66488 0.51882 -40.11296 120.14148 22.41083 0.6589 6.638e+12 2.414e+12
88 91 1.2072e+13 508.13 438.92 545.493 41.104 66 46.28373 30.38663 73.40327 -155.80 -67.54 -125.20 2.331e+13 -5.431e+13 -1.015e+13 0.02587 41.10410 1.2072e+13 1.2072e+13 1.0563e+13 9.0542e+12 5.7343e+12 23.50134 0.00 0.02667 0.88476 0.81108 71.67735 -37.80823 -0.52798 0.87691 0.71353 43.87117 19.29882 49.41263 0.5739 1.474e+13 5.734e+12
89 88 1.1770e+13 487.69 371.27 540.909 46.598 67 42.72001 29.95801 74.96761 372.90 104.19 -225.69 6.547e+13 4.321e+12 -9.004e+13 0.05061 46.59801 1.1770e+13 1.1770e+13 9.3560e+12 7.5452e+12 4.8289e+12 51.00832 16.43 0.05170 0.56457 0.37633 -3.98331 13.54208 108.33208 0.76911 0.53155 21.98075 26.27037 75.72371 0.4867 1.376e+13 4.829e+12
90 89 8.7524e+12 376.14 306.70 490.044 98.221 54 43.51031 30.31051 75.06796 47.03 -82.76 -413.65 5.944e+13 -5.470e+13 3.375e+13 0.05691 98.22107 8.7524e+12 8.7524e+12 8.1488e+12 3.3199e+12 0.0000e+00 27.92573 25.89 0.06656 0.54176 0.09399 -51.46785 106.53227 -5.50537 0.73303 0.20165 -20.08660 81.06799 26.37663 0.5109 7.942e+12 7.545e+12
91 76 5.0402e+13 684.49 670.67 878.364 370.306 231 64.84814 4.87069 71.44109 -46.61 97.71 -135.48 -6.496e+13 -2.533e+14 1.052e+14 0.00988 158.56371 5.0402e+13 5.3118e+13 4.1046e+13 2.5654e+13 1.4789e+13 10.18503 56.77 0.01159 0.54601 0.40310 65.80300 102.96937 20.23524 0.54016 0.48814 33.75356 82.15890 -21.59307 0.6059 4.453e+13 6.730e+13
92 95 5.3118e+13 709.51 673.93 893.868 302.100 218 65.57606 64.40383 39.32381 -52.04 20.98 246.93 -3.441e+14 -9.538e+14 2.514e+14 0.03456 143.79446 5.3118e+13 5.4929e+13 4.4667e+13 2.8672e+13 1.5090e+13 112.47369 29.03 0.03933 0.96675 0.82673 61.83784 87.47655 -48.32160 0.90578 0.81641 53.06130 52.22136 41.48925 0.5875 4.648e+13 6.428e+13
93 93 1.8108e+12 213.90 258.08 289.836 82.705 150 70.00335 72.96994 48.07728 -78.51 -79.35 182.47 -3.650e+13 -8.875e+12 3.646e+12 0.33909 82.70529 1.8108e+12 1.8108e+12 3.0181e+11 0.0000e+00 0.0000e+00 116.81486 71.09 0.39640 0.57301 0.24895 -56.75965 153.26648 -142.10927 0.00000 0.00000 0.00000 0.00000 0.00000 2.1614 1.117e+13 1.811e+12
94 93 1.2072e+12 187.85 269.27 253.195 68.090 77 69.09588 77.00299 47.87765 -66.73 30.88 -81.20 -4.059e+12 1.831e+13 -7.228e+12 0.52124 68.08992 1.2072e+12 1.2072e+12 9.0542e+11 6.0361e+11 0.0000e+00 84.59699 157.88 0.41501 0.73553 0.15420 76.57375 -24.13876 -43.39433 0.00000 0.00000 0.00000 0.00000 0.00000 3.6252 6.444e+12 1.207e+12
95 102 2.7766e+13 564.08 578.30 720.054 125.636 222 90.37016 12.45950 99.42979 -143.69 371.08 172.25 -2.199e+12 -2.783e+13 2.351e+14 0.02023 125.63551 2.7766e+13 2.8672e+13 2.5955e+13 1.8108e+13 3.0181e+12 59.46865 0.00 0.02628 0.49743 0.39130 -35.09254 124.24048 45.72008 0.29076 0.17948 -46.75439 104.27926 30.57892 0.6762 2.614e+13 2.173e+13
96 100 4.1348e+13 600.35 626.55 822.260 547.317 129 39.53288 4.63259 5.33683 62.72 427.34 161.69 1.834e+14 -1.612e+15 1.311e+15 0.08516 272.78772 4.1348e+13 4.5271e+13 3.2595e+13 1.6901e+13 7.8470e+12 136.68755 80.46 0.11924 0.28068 0.14757 -97.81519 118.73035 113.56814 0.79459 0.52602 -19.73705 58.35621 63.49936 0.6913 3.989e+13 6.398e+13
97 101 1.9919e+13 498.97 469.28 644.590 121.702 89 39.37141 4.98223 5.79272 -153.46 67.37 -261.99 8.984e+13 -3.614e+13 3.127e+14 0.05469 121.70156 1.9919e+13 2.0221e+13 1.8712e+13 1.2374e+13 3.6217e+12 46.27589 0.00 0.06321 0.97595 0.45611 -51.47818 120.49671 16.53655 0.66505 0.42448 83.73340 -20.76366 54.59650 0.5766 1.834e+13 1.630e+13
98 86 4.9195e+13 734.62 758.49 871.294 111.868 213 79.42387 85.56646 5.03884 -93.02 165.96 187.05 4.137e+14 4.140e+13 2.322e+14 0.01736 101.51435 4.9195e+13 5.1005e+13 4.5875e+13 3.5010e+13 1.8108e+13 45.90318 25.59 0.02038 0.47867 0.34482 -91.25288 46.39479 88.63522 0.42584 0.29422 -80.66729 50.02144 79.72375 0.6688 4.773e+13 3.199e+13
99 99 4.2253e+13 651.58 671.55 828.219 212.044 211 86.42136 14.32621 0.26452 -131.47 5.25 106.14 1.982e+13 -5.340e+13 -1.592e+14 0.00731 140.67056 4.2555e+13 4.3762e+13 3.6519e+13 2.1428e+13 9.6578e+12 72.94706 20.70 0.00932 0.65035 0.40527 113.17866 -30.04626 -38.70082 0.74674 0.47787 76.59632 -23.00196 -34.62701 0.6730 3.812e+13 4.255e+13
100 97 1.2072e+12 190.12 445.62 253.195 60.538 97 67.85448 25.03083 12.73358 118.34 26.53 -1.11 1.382e+12 1.260e+13 2.311e+13 1.17428 60.53838 1.2072e+12 1.2072e+12 0.0000e+00 0.0000e+00 0.0000e+00 130.53253 120.88 0.54416 0.00000 0.00000 -88.05847 38.43689 145.40863 0.00000 0.00000 0.00000 0.00000 0.00000 10.9807 9.582e+12 1.207e+12
101 98 1.2676e+13 405.07 397.81 554.437 181.959 110 66.58621 25.71203 15.67822 84.59 -80.07 -117.84 2.999e+13 -1.017e+14 -5.765e+13 0.03392 181.95927 1.2676e+13 1.3883e+13 1.0261e+13 3.9235e+12 0.0000e+00 68.57408 9.35 0.04948 0.44522 0.36588 -39.91423 53.77225 138.04256 0.38037 0.08789 -55.26384 55.41236 -5.15136 0.6758 1.304e+13 1.720e+13
102 92 3.6519e+13 641.78 619.34 788.916 138.896 206 52.65759 44.37666 44.55175 24.99 -224.27 43.90 -9.165e+14 3.821e+14 -3.486e+14 0.06132 110.38029 3.6519e+13 3.7424e+13 3.3802e+13 2.4446e+13 4.2253e+12 66.07439 27.18 0.07399 0.76820 0.44555 24.96620 110.97544 -94.37481 0.26297 0.18683 15.43799 110.34138 -63.85229 0.6328 3.442e+13 2.867e+13
103 109 1.4789e+13 493.15 483.14 583.671 67.319 89 66.55095 84.46689 46.53035 134.10 -53.84 -93.68 1.428e+14 1.237e+14 -1.803e+13 0.04355 67.31875 1.4789e+13 1.5090e+13 1.1770e+13 9.0542e+12 3.3199e+12 49.75868 12.50 0.06020 0.79268 0.43485 -16.07542 90.60871 41.88935 0.78463 0.45478 -7.48525 77.45165 35.13432 0.7146 1.556e+13 8.752e+12
104 110 1.6901e+13 470.94 426.10 610.237 117.678 94 65.59646 86.05034 45.09880 229.24 -63.39 72.59 1.054e+14 -8.492e+13 3.513e+13 0.03176 117.67781 1.6901e+13 1.7203e+13 1.4185e+13 9.3560e+12 0.0000e+00 49.86431 18.86 0.03550 0.41993 0.29501 67.10661 -102.93324 110.85997 0.06626 0.03094 89.45188 -70.81818 94.06666 0.5291 1.505e+13 1.358e+13
105 115 2.1730e+13 538.68 470.84 663.560 93.900 181 66.21803 92.79658 27.29745 196.97 303.94 48.50 3.549e+14 -6.106e+13 -6.234e+13 0.05679 93.90021 2.1730e+13 2.3239e+13 1.8712e+13 1.1469e+13 6.3380e+12 33.69038 13.71 0.06104 0.45961 0.27535 3.07906 29.43646 113.59893 0.54270 0.32684 -1.45041 -7.19455 83.02872 0.5257 2.367e+13 1.207e+13
106 107 3.1992e+13 609.10 595.60 754.868 226.095 157 1.71230 19.19547 53.06535 -181.24 324.29 -151.43 -9.901e+13 -3.745e+14 2.309e+14 0.03133 110.45612 3.1992e+13 3.2897e+13 2.8068e+13 1.5090e+13 7.5452e+12 63.25721 13.48 0.03953 0.41223 0.34768 -46.14647 95.00661 47.49041 0.44600 0.39561 -24.32229 63.78070 41.29224 0.6590 2.823e+13 3.501e+13
107 108 4.5271e+12 292.81 258.84 393.368 102.204 34 0.91227 20.36330 53.63676 -15.49 -24.32 -117.14 3.760e+13 -8.408e+12 -1.084e+13 0.05420 102.20379 4.5271e+12 4.5271e+12 3.9235e+12 6.0361e+11 0.0000e+00 59.43316 0.00 0.09129 0.30974 0.09233 77.24152 63.03047 32.89245 0.00000 0.00000 0.00000 0.00000 0.00000 0.6800 4.254e+12 4.527e+12
108 117 2.8974e+13 629.07 609.81 730.342 76.922 162 39.06734 83.68340 96.25569 224.08 198.65 41.68 -1.707e+14 -1.124e+14 -1.016e+14 0.02018 76.92237 2.8974e+13 2.9275e+13 2.5955e+13 1.8108e+13 1.0563e+13 32.17217 5.46 0.02361 0.78245 0.47238 43.24322 104.16400 29.68306 0.70733 0.50637 -37.37737 82.96161 -25.04145 0.6477 2.692e+13 1.569e+13
109 94 2.4145e+12 233.26 94.21 319.006 103.300 76 28.53507 11.05378 42.09843 350.19 320.97 -194.77 -2.477e+12 -3.543e+12 -6.422e+12 0.04113 103.29986 2.4145e+12 2.4145e+12 1.2072e+12 0.0000e+00 0.0000e+00 72.12051 17.97 0.05035 0.93593 0.48666 -88.51093 125.35336 -71.20592 0.00000 0.00000 0.00000 0.00000 0.00000 0.1916 1.069e+13 3.923e+12
110 111 4.4969e+13 639.35 640.77 845.599 380.760 179 37.74736 10.60052 9.21001 -179.59 282.59 -70.42 1.018e+15 -7.886e+14 8.792e+14 0.06705 190.49884 4.4969e+13 4.5875e+13 4.3158e+13 2.4145e+13 8.1488e+12 65.25480 44.35 0.07749 0.44703 0.25700 116.99680 -58.59645 -86.75466 0.46803 0.21934 94.12740 -44.26089 -60.74832 0.5899 4.209e+13 5.191e+13
111 141 2.0221e+13 552.65 538.87 647.829 71.366 112 2.89909 1.40052 0.91931 -143.94 533.45 -48.24 -9.046e+13 -5.950e+13 -9.152e+13 0.02249 71.36629 2.0221e+13 2.1127e+13 1.8712e+13 1.2072e+13 6.6398e+12 90.08565 11.26 0.02669 0.79678 0.66216 2.91060 -46.55489 92.41507 0.44197 0.37061 -25.88547 -34.36571 84.96632 0.6502 1.872e+13 1.026e+13
112 184 1.3883e+13 451.26 420.33 571.507 94.913 66 2.00016 1.07375 4.34056 -19.43 339.54 -199.97 1.012e+14 -5.925e+13 7.480e+13 0.04064 94.91324 1.3883e+13 1.3883e+13 1.2676e+13 7.2434e+12 2.4145e+12 48.42243 0.00 0.04901 0.43304 0.25851 -9.22871 125.54171 80.33965 0.41932 0.16604 -6.65357 123.43760 30.08685 0.6022 1.291e+13 9.960e+12
113 112 4.5573e+13 627.72 609.41 849.366 301.439 175 89.78372 34.76455 66.12010 -3.19 -154.64 -251.93 -6.803e+14 -1.072e+14 5.231e+13 0.02935 238.40466 4.5573e+13 4.7082e+13 3.9235e+13 2.2636e+13 9.9596e+12 31.23461 53.40 0.03357 0.78453 0.45304 54.04729 121.68164 -33.10501 0.83212 0.41599 40.20671 72.64568 -46.06189 0.5662 4.052e+13 5.010e+13
114 119 9.0542e+11 179.95 235.22 230.043 40.513 28 51.42736 52.78703 38.92452 733.84 -141.85 -113.48 -2.098e+12 -2.562e+12 -4.396e+12 0.18100 40.51345 9.0542e+11 2.1127e+12 9.0542e+11 0.0000e+00 0.0000e+00 131.18784 0.00 0.18355 0.00000 0.00000 0.00000 0.00000 0.00000 0.00000 0.00000 0.00000 0.00000 0.00000 4.6357 4.198e+12 0.000e+00
115 119 3.0181e+13 561.11 567.30 740.348 163.541 127 52.42209 52.56244 39.15278 189.94 -116.26 -151.88 1.249e+14 -1.679e+14 -8.749e+12 0.01595 163.54051 3.0181e+13 3.1690e+13 2.6559e+13 1.5090e+13 4.8289e+12 92.92797 0.00 0.02023 0.60743 0.18942 -45.45143 -69.47598 119.84122 0.44744 0.08930 -60.06202 -54.96896 107.82811 0.6441 2.721e+13 2.746e+13
116 113 4.1046e+13 611.80 626.71 820.255 266.521 152 69.41873 37.87269 55.51756 -58.27 -236.50 4.18 -7.072e+14 5.711e+14 6.319e+13 0.04228 208.86086 4.1046e+13 4.2555e+13 3.6217e+13 2.2032e+13 7.2434e+12 117.99025 48.51 0.05273 0.45307 0.25929 75.86400 118.15394 -16.73151 0.41101 0.33600 61.38063 68.80965 19.49381 0.6347 3.599e+13 4.527e+13
117 7 3.0181e+12 249.99 417.78 343.639 122.113 84 78.40297 16.58488 2.42808 -125.03 140.20 137.06 5.366e+13 1.497e+13 -2.789e+13 0.36155 122.11282 3.0181e+12 3.0181e+12 2.1127e+12 0.0000e+00 0.0000e+00 18.84814 47.34 0.27935 0.68956 0.33954 135.29893 -109.33521 30.23767 0.00000 0.00000 0.00000 0.00000 0.00000 2.8434 1.040e+13 5.131e+12
118 142 1.2072e+12 226.22 88.10 253.195 22.669 25 80.18655 30.05893 65.98312 142.97 -62.25 97.05 -7.728e+11 7.891e+11 -1.473e+12 0.03057 22.66895 1.2072e+12 1.2072e+12 1.2072e+12 9.0542e+11 0.0000e+00 75.84412 0.00 0.03801 0.53901 0.05726 52.18443 50.89359 29.42070 0.83807 0.00000 36.23237 40.45179 19.86467 0.2235 1.855e+12 6.036e+11
119 142 2.7766e+13 564.96 541.19 720.054 124.401 133 81.87955 29.82986 66.98734 -56.81 -79.61 -11.09 4.851e+14 -3.072e+14 1.656e+14 0.05710 124.40091 2.7766e+13 2.7766e+13 2.7766e+13 1.5392e+13 2.7163e+12 61.80484 0.00 0.06634 0.59317 0.39901 137.03346 26.11289 47.27393 0.44994 0.12584 117.95184 10.57795 35.75034 0.5968 2.703e+13 2.173e+13
120 114 2.8068e+13 578.49 562.74 722.653 110.612 158 90.18196 91.17035 23.04405 -55.97 394.73 -28.15 -4.384e+13 1.305e+14 1.246e+14 0.01821 110.61210 2.8068e+13 2.8068e+13 2.5352e+13 2.0221e+13 8.1488e+12 28.81449 0.00 0.02024 0.87871 0.55114 -50.15701 -0.63156 114.85552 0.56152 0.39540 -52.63824 -18.65055 95.35824 0.5935 2.744e+13 2.052e+13
121 116 2.5654e+13 617.38 623.09 701.308 66.957 139 67.51802 81.81768 47.30587 -14.92 73.94 -175.97 2.995e+14 -5.782e+13 9.320e+13 0.03499 66.95679 2.5955e+13 2.5654e+13 2.2636e+13 1.9014e+13 9.6578e+12 51.61670 10.59 0.04040 0.75182 0.55971 -27.45985 92.47819 -36.72303 0.80366 0.55108 -5.78658 83.45467 -24.92744 0.6675 2.803e+13 1.418e+13
122 122 1.5090e+12 203.09 290.34 272.746 70.620 62 61.30642 9.24799 87.08843 198.41 88.50 157.43 -1.760e+13 -4.508e+12 2.403e+13 0.71661 70.61951 1.5090e+12 1.5090e+12 0.0000e+00 0.0000e+00 0.0000e+00 111.01025 139.35 0.42883 0.39010 0.12550 153.07137 -18.24658 163.45868 0.00000 0.00000 0.00000 0.00000 0.00000 6.2176 8.184e+12 1.509e+12
123 123 1.6901e+13 446.28 394.44 610.237 197.080 89 62.48860 9.67366 89.05737 83.86 178.52 -22.76 1.145e+13 -8.566e+13 5.038e+13 0.02213 197.07977 1.6901e+13 1.7203e+13 1.4487e+13 5.1307e+12 3.6217e+12 14.79833 0.00 0.02540 0.60208 0.22481 89.71240 20.53117 53.80852 0.39984 0.05854 40.94960 11.13348 46.52101 0.5038 1.481e+13 1.932e+13
124 8 2.4145e+13 498.13 470.16 687.278 268.735 151 81.18561 15.57314 2.04583 -219.18 224.98 -34.81 -2.435e+14 -1.290e+14 7.100e+13 0.03247 268.73456 2.4145e+13 2.5654e+13 1.8410e+13 8.1488e+12 2.4145e+12 95.10972 7.07 0.03988 0.88743 0.52241 108.36015 -75.38406 -23.72197 0.74297 0.53486 75.29220 -35.42396 -34.12452 0.5740 2.220e+13 3.350e+13
125 126 1.7203e+13 565.32 540.37 613.848 48.431 101 29.69886 24.52402 15.46790 301.63 -458.58 13.70 -7.592e+13 2.815e+13 4.721e+13 0.02132 48.43131 1.7203e+13 1.7807e+13 1.5996e+13 1.3883e+13 6.9416e+12 24.30600 0.00 0.02311 0.81980 0.47716 -27.57408 49.92374 77.66635 0.84289 0.46753 -20.42638 44.89145 76.90163 0.6337 2.102e+13 8.451e+12
126 127 6.6398e+12 331.71 275.53 446.934 119.695 47 32.63686 24.16559 16.74306 67.55 -372.92 -41.01 1.782e+13 -5.382e+12 1.035e+13 0.01892 119.69537 6.6398e+12 6.6398e+12 4.5271e+12 1.5090e+12 0.0000e+00 42.16422 23.82 0.02566 0.50189 0.04864 146.85941 -66.80936 36.01271 0.45497 0.09220 51.77366 28.31805 93.69006 0.5779 5.962e+12 6.640e+12
127 128 1.3883e+13 518.71 438.36 571.507 47.883 96 96.08538 95.99685 92.51996 42.08 544.35 395.44 -7.935e+13 -1.881e+13 1.243e+13 0.02629 47.88278 1.3883e+13 1.3883e+13 1.2374e+13 7.8470e+12 5.1307e+12 23.96793 0.00 0.02907 0.51234 0.29253 67.18650 53.81153 36.84135 0.58635 0.33278 59.36687 46.63879 30.25426 0.5791 1.330e+13 6.036e+12
128 129 3.9235e+12 311.43 219.55 375.045 47.124 48 97.20130 97.77378 93.48031 78.89 374.23 301.91 1.213e+13 -1.092e+13 2.062e+13 0.06922 47.12432 3.9235e+12 3.9235e+12 3.6217e+12 3.0181e+12 0.0000e+00 43.35044 40.81 0.07614 0.44186 0.16360 63.31699 79.57899 41.92597 0.24092 0.02500 25.18809 80.87309 -3.23653 0.4400 7.134e+12 1.811e+12
129 124 3.0181e+12 253.95 152.39 343.639 96.538 42 60.37110 79.48635 32.48450 280.70 186.56 -51.57 -8.424e+12 -1.024e+13 -6.513e+11 0.04807 96.53823 3.0181e+12 3.6217e+12 2.7163e+12 3.0181e+11 0.0000e+00 69.44025 24.45 0.05951 0.25179 0.01166 109.66505 55.21719 42.26031 0.00000 0.00000 0.00000 0.00000 0.00000 0.3733 4.111e+12 3.622e+12
130 125 1.5090e+13 425.56 365.66 587.614 236.291 100 60.25464 83.15056 33.81199 300.51 -14.66 17.08 2.775e+13 -1.566e+13 -1.349e+14 0.03275 236.29149 1.5090e+13 1.5694e+13 1.0865e+13 5.1307e+12 0.0000e+00 24.73919 28.30 0.04250 0.72820 0.21694 -58.77578 142.40715 10.07999 0.19331 0.03406 -33.69738 95.04878 40.70168 0.5706 1.345e+13 2.052e+13
131 131 1.1469e+13 461.78 382.26 536.245 56.540 51 76.04933 30.88489 9.10201 -358.60 -486.85 -333.40 8.368e+13 2.163e+13 3.044e+13 0.04223 56.54042 1.1469e+13 1.1770e+13 9.6578e+12 7.5452e+12 3.9235e+12 45.31279 0.00 0.04440 0.97695 0.39322 88.48077 27.96721 19.62923 0.70665 0.31229 63.12625 50.85206 44.36882 0.5205 1.436e+13 6.640e+12
132 131 1.0563e+13 415.43 354.30 521.745 82.398 75 75.86230 30.69808 8.30339 -410.34 -361.79 50.55 5.723e+13 1.709e+14 -6.579e+12 0.08845 82.39849 1.0563e+13 1.0865e+13 1.0261e+13 6.3380e+12 0.0000e+00 20.61752 0.00 0.10025 0.19840 0.09851 94.36771 -12.40533 87.83598 0.28912 0.14271 69.98766 2.43528 45.27112 0.5345 1.070e+13 7.243e+12
133 120 3.0181e+13 549.23 546.49 740.348 199.237 138 61.29152 27.47397 86.87663 278.25 -271.85 125.78 8.976e+11 -3.872e+14 1.129e+14 0.03209 199.23676 3.0181e+13 3.0784e+13 2.5654e+13 1.5694e+13 4.8289e+12 51.77163 5.00 0.03896 0.64863 0.44135 102.23449 -21.03656 -93.21281 0.79276 0.39424 -69.78973 6.60618 71.37658 0.6092 2.626e+13 3.139e+13
134 133 3.4104e+13 657.08 640.78 771.132 89.786 135 78.55122 25.29195 79.32941 -154.10 -226.64 -70.33 -5.586e+14 -7.482e+14 1.509e+14 0.06082 85.41209 3.4104e+13 3.4406e+13 3.1086e+13 2.1730e+13 8.4506e+12 60.71713 18.91 0.07453 0.41967 0.38815 -13.97074 -33.84158 141.54419 0.38767 0.21822 -22.23336 -17.07001 130.93665 0.6657 3.260e+13 1.992e+13
135 140 3.3199e+12 258.50 338.47 354.732 121.763 97 97.46001 37.28773 63.14083 -495.39 -192.67 7.92 5.175e+13 1.088e+13 -2.411e+12 0.21340 121.76270 3.3199e+12 3.3199e+12 1.8108e+12 0.0000e+00 0.0000e+00 52.97097 174.07 0.20248 0.51219 0.30088 -44.90961 121.90435 82.97362 0.00000 0.00000 0.00000 0.00000 0.00000 2.1846 6.801e+12 4.829e+12
136 130 3.0784e+13 592.84 579.93 745.251 114.569 132 52.03250 40.56599 48.34400 126.12 -272.19 -109.79 -6.595e+14 3.186e+13 -2.126e+14 0.05408 118.33447 3.0784e+13 3.0784e+13 2.8068e+13 1.8712e+13 4.8289e+12 136.58716 6.54 0.06483 0.81566 0.37048 -37.77380 -60.75433 117.68002 0.35175 0.28666 -34.65776 -25.25177 106.59087 0.6227 3.008e+13 2.113e+13
137 139 2.1428e+13 531.60 493.23 660.473 98.006 131 38.66301 52.01393 42.60246 334.59 -120.17 -42.38 -2.364e+13 -6.170e+13 9.665e+13 0.01646 98.00604 2.1428e+13 2.2334e+13 1.7807e+13 9.0542e+12 5.4325e+12 80.75573 7.60 0.02001 0.50952 0.31711 37.11325 -38.57616 100.75733 0.42079 0.20041 21.89509 -24.41368 86.32429 0.6118 2.080e+13 1.268e+13
138 121 2.1127e+12 224.46 219.11 305.118 90.599 38 99.31586 25.71946 69.77142 -170.17 439.29 403.38 1.193e+13 -1.939e+13 1.318e+13 0.23325 90.59917 2.1127e+12 3.3199e+12 6.0361e+11 3.0181e+11 0.0000e+00 44.29267 245.46 0.21373 0.75249 0.66541 -37.29926 33.30086 66.10543 0.00000 0.00000 0.00000 0.00000 0.00000 2.5859 3.667e+12 2.716e+12
139 121 1.7807e+13 486.62 492.16 620.945 108.083 83 99.57296 25.00059 70.99434 -383.20 83.70 105.52 -1.046e+14 4.211e+12 -1.805e+14 0.03922 108.08308 1.7807e+13 1.9316e+13 1.6298e+13 1.0563e+13 3.6217e+12 96.32039 0.00 0.04857 0.95044 0.79476 15.19804 -8.68286 103.68537 0.80122 0.47322 66.56446 48.55181 -4.86674 0.6423 1.630e+13 1.298e+13
140 134 2.1730e+13 480.58 439.54 663.560 266.442 120 57.48332 29.76003 28.43477 65.86 -114.66 526.38 2.679e+14 -1.307e+14 1.398e+14 0.04095 266.44244 2.2334e+13 2.4446e+13 1.6599e+13 7.5452e+12 0.0000e+00 41.89565 21.28 0.05499 0.25995 0.06334 -29.89335 -76.98318 147.89970 0.29004 0.00811 10.50115 -36.14875 100.74750 0.6134 2.037e+13 2.958e+13
141 146 2.2032e+13 507.41 453.33 666.617 142.295 116 37.96535 27.06070 50.04089 490.05 -172.53 -153.08 -1.453e+14 7.191e+13 -8.677e+13 0.02790 142.29474 2.2032e+13 2.3239e+13 2.0523e+13 1.2676e+13 4.5271e+12 41.92902 0.00 0.03001 0.73973 0.50062 -53.54426 13.46863 115.48867 0.98216 0.39613 -43.90205 -37.06684 66.53539 0.5072 1.995e+13 1.871e+13
142 168 1.0865e+13 447.76 356.45 526.668 58.963 114 86.01816 21.79808 97.36813 -78.59 -361.64 264.73 2.411e+13 8.704e+13 -5.595e+13 0.05457 58.96340 1.0865e+13 1.2374e+13 9.6578e+12 7.2434e+12 0.0000e+00 40.98246 0.00 0.05633 0.64992 0.41397 113.68864 16.88368 22.64161 0.12789 0.05985 171.20598 9.93279 13.90401 0.4802 1.185e+13 6.338e+12
143 137 7.5452e+12 348.67 285.71 466.390 116.133 50 41.90850 1.51103 23.59732 446.38 317.40 -22.90 -2.267e+13 -4.008e+13 -3.346e+10 0.03888 116.13337 7.5452e+12 7.5452e+12 6.6398e+12 3.3199e+12 0.0000e+00 117.20779 14.90 0.04484 0.24426 0.02462 -64.37821 -37.89794 68.93052 0.33430 0.02626 45.74753 25.51061 -46.55463 0.4812 6.685e+12 7.545e+12
144 138 1.5392e+13 507.41 444.86 591.506 63.491 62 42.71977 1.59955 23.36669 17.62 364.50 145.24 -1.679e+11 2.583e+13 2.593e+13 0.01069 63.49142 1.5392e+13 1.5392e+13 1.4789e+13 1.3280e+13 4.5271e+12 29.15285 0.00 0.01086 0.74859 0.34886 93.49644 -18.10248 -71.53900 0.32844 0.19621 -16.12977 27.82470 96.22256 0.5251 1.783e+13 8.451e+12
145 144 1.0563e+13 399.92 349.70 521.745 105.635 77 41.69486 21.97835 14.02997 -47.46 -265.72 219.20 -9.136e+12 -9.261e+12 -3.710e+13 0.01872 105.63494 1.0563e+13 1.0563e+13 9.3560e+12 5.4325e+12 0.0000e+00 48.55104 0.00 0.02185 0.68454 0.39969 63.15816 88.28290 -18.36578 0.31488 0.03374 43.59725 65.12151 16.34372 0.5407 1.239e+13 9.356e+12
146 145 5.1307e+12 297.71 288.52 410.127 153.347 34 42.94737 22.68511 14.36285 -184.79 -329.00 89.51 4.717e+13 2.044e+13 -6.389e+13 0.06546 153.34744 5.1307e+12 5.4325e+12 3.0181e+12 1.2072e+12 0.0000e+00 41.44818 45.06 0.15184 0.20100 0.04312 226.75755 -77.36838 -28.86120 0.29262 0.20057 21.13081 141.41470 19.49645 0.8339 5.283e+12 7.545e+12
147 158 2.2937e+13 520.67 488.60 675.627 131.593 108 57.83845 0.41046 67.15833 290.12 60.46 -13.38 5.800e+13 2.215e+14 1.168e+14 0.03464 131.59297 2.2937e+13 2.2937e+13 2.1127e+13 1.3280e+13 5.1307e+12 38.53310 8.28 0.03924 0.73292 0.36757 -14.58338 37.47116 125.93750 0.60441 0.37374 -30.98478 43.74174 83.55394 0.5631 2.166e+13 1.992e+13
148 179 9.0542e+11 168.94 39.52 230.043 69.898 108 86.29642 48.43385 78.98424 -37.35 -273.30 -320.92 -1.959e+12 -4.386e+11 -2.653e+12 0.04460 69.89771 9.0542e+11 9.0542e+11 0.0000e+00 0.0000e+00 0.0000e+00 79.23722 46.53 0.11094 0.00000 0.00000 0.00000 0.00000 0.00000 0.00000 0.00000 0.00000 0.00000 0.00000 0.3821 7.562e+12 1.207e+12
149 151 6.6398e+12 323.54 316.14 446.934 182.902 68 75.95643 31.85902 61.80689 127.84 -112.38 -61.67 -6.064e+13 4.113e+13 -6.249e+12 0.05199 182.90163 6.6398e+12 7.5452e+12 4.2253e+12 2.1127e+12 0.0000e+00 44.34569 9.53 0.08860 0.62046 0.14734 88.31033 25.14552 91.29135 0.37059 0.11888 78.87355 -36.31422 -30.93375 0.7319 8.103e+12 1.207e+13
150 51 4.5271e+12 320.42 256.94 393.368 54.652 107 19.51804 31.71129 64.92985 72.48 -283.56 -178.52 8.785e+12 -4.558e+13 1.694e+13 0.08522 54.65228 4.5271e+12 5.4325e+12 4.5271e+12 1.5090e+12 0.0000e+00 75.16721 0.00 0.11272 0.87556 0.18941 -7.78602 134.13327 22.64440 0.60746 0.23343 -25.31830 112.57450 32.62169 0.5699 5.692e+12 2.113e+12
151 143 6.0361e+11 180.23 0.00 200.961 17.706 46 31.22610 15.38852 10.13711 144.12 -261.73 -89.61 0.000e+00 0.000e+00 0.000e+00 0.00000 17.70600 6.0361e+11 6.0361e+11 6.0361e+11 6.0361e+11 0.0000e+00 119.87764 0.00 0.00000 0.00000 0.00000 0.00000 0.00000 0.00000 0.00000 0.00000 0.00000 0.00000 0.00000 0.0000 4.675e+12 0.000e+00
152 143 2.7163e+12 243.82 173.46 331.780 99.877 60 32.79782 16.51159 11.77864 -7.09 -68.55 -135.21 -5.598e+12 -1.014e+13 4.752e+12 0.03233 99.87670 2.7163e+12 3.0181e+12 6.0361e+11 3.0181e+11 0.0000e+00 121.96723 54.27 0.06691 0.32509 0.14280 7.63216 223.77278 -47.78837 0.00000 0.00000 0.00000 0.00000 0.00000 0.7121 5.943e+12 3.018e+12
153 135 2.0221e+13 521.47 482.25 647.829 96.086 104 96.11892 28.91500 64.17093 -64.79 132.72 147.31 1.825e+13 -1.584e+14 -4.307e+13 0.02675 96.08585 2.0221e+13 2.1127e+13 1.7203e+13 1.0865e+13 6.3380e+12 51.26750 4.02 0.03110 0.43901 0.13778 110.80132 58.16824 49.68596 0.65480 0.18712 84.87778 37.62445 20.18871 0.5888 1.786e+13 1.117e+13
154 147 2.3541e+13 603.57 598.12 681.502 63.373 104 25.59159 58.02011 25.52801 275.29 -92.24 174.67 -7.781e+12 -5.619e+13 7.414e+13 0.01214 63.37266 2.3541e+13 2.4145e+13 2.3239e+13 2.1428e+13 5.1307e+12 78.61067 8.72 0.01364 0.67407 0.40571 -68.21911 -50.79794 99.48495 0.32277 0.23657 -82.69622 -39.75031 86.45678 0.6495 2.903e+13 1.177e+13
155 149 1.5996e+13 436.84 380.20 599.139 203.656 102 56.44540 55.25748 25.41949 -11.20 -47.57 273.95 -4.911e+13 1.733e+14 2.273e+14 0.05470 203.65640 1.5996e+13 1.5996e+13 1.1167e+13 2.1127e+12 0.0000e+00 43.75362 27.52 0.08070 0.03680 0.00073 28.92290 304.60257 47.67462 0.00000 0.00000 -47.88589 115.58533 87.21161 0.6476 1.459e+13 2.022e+13
156 148 1.2374e+13 490.51 434.72 550.001 49.628 101 41.54750 29.37699 50.94207 276.99 -288.20 -240.11 2.225e+13 2.656e+13 7.510e+13 0.03102 49.62781 1.2374e+13 1.2676e+13 1.1770e+13 9.0542e+12 2.1127e+12 16.32699 0.00 0.03531 0.45700 0.31975 -46.52687 130.20894 -13.46458 0.25437 0.04883 -37.47131 124.52296 14.98246 0.6108 1.450e+13 4.829e+12
157 157 2.1127e+13 500.05 489.35 657.358 141.019 101 22.46963 13.74275 29.53194 218.36 -21.20 56.05 -1.716e+14 2.943e+14 2.395e+13 0.05124 141.01907 2.1127e+13 2.2032e+13 1.8410e+13 1.1770e+13 4.8289e+12 121.00469 0.00 0.05979 0.89752 0.23628 92.46487 58.18159 -24.19770 0.53076 0.10339 89.50126 66.69138 -47.00591 0.5873 1.903e+13 1.841e+13
158 132 2.3541e+13 590.64 575.93 681.502 69.776 99 46.76431 93.73866 76.21529 245.87 59.01 53.43 8.792e+13 4.597e+13 -1.094e+14 0.01936 69.77580 2.3541e+13 2.4145e+13 2.2937e+13 1.6901e+13 6.6398e+12 78.59255 0.00 0.02158 0.66177 0.41700 82.34652 -52.72571 -35.59769 0.81403 0.53341 71.36767 -37.02350 -11.20383 0.6261 2.361e+13 1.237e+13
159 57 2.2334e+13 531.00 482.65 669.648 108.382 98 94.52601 21.49308 1.25262 -525.43 -335.30 -53.01 3.826e+13 -5.290e+11 8.839e+13 0.01301 108.38210 2.2334e+13 2.3843e+13 1.7807e+13 9.0542e+12 5.7343e+12 54.56684 8.13 0.01537 0.84702 0.34383 93.62168 27.12292 -10.11439 0.77077 0.39228 71.77421 10.05436 9.96866 0.5808 2.036e+13 1.298e+13
160 153 2.7163e+13 541.96 503.02 714.798 157.388 98 4.87011 12.38899 10.29638 -150.79 -168.37 -306.63 1.079e+14 1.788e+14 3.407e+13 0.02123 157.38794 2.7163e+13 2.8068e+13 2.4748e+13 1.3581e+13 4.5271e+12 59.97160 0.00 0.02437 0.87504 0.30097 94.96691 5.88741 83.77010 0.67595 0.23849 88.10717 -8.08241 -1.20558 0.5523 2.473e+13 2.535e+13
161 155 1.4487e+13 429.69 368.61 579.673 157.355 96 45.22204 85.83722 74.44218 203.77 310.31 84.29 -4.429e+13 6.307e+13 -6.965e+13 0.02748 157.35451 1.4487e+13 1.4789e+13 1.2978e+13 6.6398e+12 0.0000e+00 32.36582 9.09 0.03410 0.24736 0.12019 -102.32364 29.58120 157.21559 0.24677 0.05562 -66.32613 -1.16020 133.15640 0.5628 1.347e+13 1.509e+13
162 156 1.8410e+13 520.00 508.59 627.883 79.971 96 78.80401 10.17286 62.38242 -145.16 168.18 -21.74 -9.698e+13 3.439e+13 2.626e+13 0.02036 79.97089 1.8410e+13 1.9014e+13 1.6901e+13 1.2374e+13 5.4325e+12 52.59478 0.00 0.02338 0.83342 0.64687 -66.81464 26.53382 61.55054 0.91556 0.53267 -36.15975 -47.88493 52.35670 0.6206 1.727e+13 1.117e+13
163 38 6.0361e+12 331.68 210.40 432.958 88.026 95 52.44018 25.41813 34.01102 371.21 35.28 458.65 9.836e+12 -3.256e+10 5.833e+12 0.01516 88.02609 6.0361e+12 6.6398e+12 6.0361e+12 1.8108e+12 0.0000e+00 29.72442 0.00 0.01615 0.26901 0.07486 -8.51049 33.33682 148.55589 0.58376 0.18483 -52.79461 41.60257 60.99725 0.3398 8.405e+12 4.829e+12
164 154 2.7163e+12 241.95 172.39 331.780 112.371 35 65.38415 86.55270 53.07069 159.06 65.89 -239.08 -5.849e+12 9.188e+12 -5.882e+12 0.04556 112.37057 2.7163e+12 3.3199e+12 1.8108e+12 0.0000e+00 0.0000e+00 92.37606 38.73 0.06615 0.60972 0.09204 93.79773 62.23837 95.74917 0.00000 0.00000 0.00000 0.00000 0.00000 0.5083 5.020e+12 3.622e+12
165 150 2.1127e+12 224.04 128.94 305.118 92.919 92 95.30491 28.18549 70.48481 -91.22 -33.40 -177.86 -2.354e+12 -8.266e+12 1.572e+12 0.04920 92.91877 2.1127e+12 3.9235e+12 1.8108e+12 0.0000e+00 0.0000e+00 72.66685 30.15 0.07099 0.42385 0.18741 -76.17612 -96.63956 131.44713 0.00000 0.00000 0.00000 0.00000 0.00000 0.4001 9.195e+12 3.622e+12
166 162 1.6599e+13 478.43 443.84 606.583 101.417 91 85.40511 71.35899 10.08025 -295.97 208.22 115.18 4.772e+13 1.160e+11 1.028e+13 0.01180 101.41745 1.6599e+13 1.6901e+13 1.6298e+13 8.1488e+12 4.2253e+12 50.86448 0.00 0.01277 0.72122 0.28886 -60.04895 76.47285 -65.72609 0.76781 0.40439 79.65802 1.25214 2.53758 0.5394 1.665e+13 1.177e+13
167 160 1.2676e+13 468.97 394.36 554.437 63.604 90 50.68370 63.67086 15.05913 186.73 -49.19 277.34 -6.739e+13 1.980e+13 3.302e+12 0.02780 63.60355 1.2676e+13 1.3280e+13 1.1469e+13 9.6578e+12 4.2253e+12 49.86200 12.63 0.02884 0.71278 0.55859 -4.88426 43.55178 93.46619 0.52541 0.23014 28.75313 54.16437 56.63762 0.5177 1.370e+13 6.640e+12
168 161 1.8410e+13 489.73 454.51 627.883 112.689 88 70.11350 25.77618 18.66374 -329.11 -24.67 -149.38 -1.173e+14 5.175e+13 2.167e+13 0.02540 112.68932 1.8410e+13 1.9014e+13 1.6901e+13 1.1469e+13 3.0181e+12 45.42239 0.00 0.02863 0.87066 0.59332 97.64509 -43.31313 -46.70052 0.83672 0.31339 -5.70526 -19.48044 100.42216 0.5593 1.676e+13 1.388e+13
169 166 1.1770e+13 395.85 353.70 540.909 172.819 86 25.92244 38.27570 29.19312 284.58 -245.18 38.29 -7.086e+13 -5.835e+13 -9.662e+13 0.04011 172.81877 1.1770e+13 1.4185e+13 6.3380e+12 2.4145e+12 0.0000e+00 151.07156 0.00 0.06184 0.22736 0.06383 -68.59602 156.81845 -29.74690 0.67890 0.52468 -44.02058 66.96949 95.14516 0.6715 1.273e+13 1.600e+13
170 164 1.0865e+13 436.79 416.15 526.668 66.598 86 2.73234 12.19123 9.07703 -65.88 -167.11 -168.35 1.764e+13 -8.084e+13 -2.475e+13 0.03443 66.59828 1.0865e+13 1.1469e+13 9.0542e+12 6.6398e+12 3.3199e+12 50.91523 28.31 0.04579 0.28570 0.23611 -55.30878 17.28493 106.91450 0.24664 0.13878 -26.70416 4.40398 89.48753 0.6826 1.069e+13 6.338e+12
171 167 1.2072e+12 194.97 190.85 253.195 49.592 85 69.53659 85.01479 41.55940 -516.67 169.57 208.34 -1.233e+12 -5.322e+12 1.683e+12 0.05369 49.59159 1.2072e+12 1.2072e+12 1.2072e+12 0.0000e+00 0.0000e+00 104.15300 0.00 0.11803 0.94087 0.61733 -28.21718 103.81422 6.19239 0.00000 0.00000 0.00000 0.00000 0.00000 1.3867 5.339e+12 9.054e+11
172 163 1.1770e+13 468.58 387.83 540.909 55.498 85 62.25046 75.87949 31.75529 -26.46 73.63 65.29 -1.744e+13 5.279e+13 5.709e+13 0.03332 55.49796 1.1770e+13 1.2072e+13 1.0865e+13 6.3380e+12 3.9235e+12 46.04511 0.00 0.03697 0.86157 0.51238 36.14094 -35.50473 75.86120 0.80632 0.61639 32.84937 -17.54562 54.98265 0.5534 1.148e+13 4.527e+12
173 177 1.0865e+13 430.26 371.12 526.668 72.033 82 74.60926 57.77986 50.54152 -722.60 202.95 89.76 8.634e+13 -9.174e+13 -3.369e+13 0.06473 72.03322 1.0865e+13 1.1167e+13 1.0261e+13 7.8470e+12 0.0000e+00 28.08402 0.00 0.06914 0.43075 0.25956 42.79751 98.00382 -86.95139 0.21351 0.04717 -50.27135 -40.65552 90.24701 0.5070 1.118e+13 6.942e+12
174 171 7.8470e+12 341.63 282.80 472.527 211.945 81 5.28597 14.32774 92.82700 -83.17 -253.52 132.99 -3.575e+13 -3.566e+13 -1.194e+13 0.03865 211.94473 7.8470e+12 8.1488e+12 5.7343e+12 2.4145e+12 0.0000e+00 24.55053 36.89 0.04733 0.48298 0.32530 100.02731 83.82770 87.29498 0.41160 0.02389 77.41817 49.97720 92.64053 0.5083 7.762e+12 1.147e+13
175 172 3.3199e+12 260.33 166.31 354.732 108.822 40 90.93893 12.37649 8.49713 48.43 64.28 -226.62 1.882e+13 -3.173e+13 -1.688e+13 0.11931 108.82211 3.3199e+12 3.3199e+12 1.8108e+12 6.0361e+11 0.0000e+00 19.81909 22.76 0.15519 0.83029 0.13591 -26.24636 96.77760 87.45834 0.00000 0.00000 0.00000 0.00000 0.00000 0.3997 5.529e+12 3.923e+12
176 172 2.7163e+12 241.07 244.30 331.780 121.155 40 92.84615 12.22052 8.28934 -289.65 -81.46 -124.73 -2.462e+13 1.448e+13 2.573e+13 0.09140 121.15526 2.7163e+12 2.7163e+12 1.5090e+12 1.2072e+12 0.0000e+00 79.77840 116.41 0.20543 0.68411 0.25963 43.67471 110.98257 30.99102 0.48191 0.25116 57.54456 40.63102 -59.85438 1.1971 6.109e+12 3.320e+12
177 175 1.1167e+13 592.54 485.98 531.500 20.896 80 49.38913 54.05947 37.98394 595.82 -97.41 180.88 -5.723e+12 1.134e+13 3.017e+12 0.00671 20.89613 1.1167e+13 1.2072e+13 1.0261e+13 9.0542e+12 6.6398e+12 41.12474 0.00 0.00661 0.61378 0.50254 -26.16586 57.83068 39.13359 0.57552 0.47032 -18.06122 46.02291 50.90612 0.6093 1.900e+13 4.829e+12
178 169 6.0361e+12 344.78 194.17 432.958 68.317 78 71.93704 64.47869 51.85951 6.92 -209.16 -683.65 1.027e+13 -2.411e+13 4.419e+11 0.03732 68.31671 6.9416e+12 6.0361e+12 5.7343e+12 2.4145e+12 0.0000e+00 28.31765 0.00 0.03701 0.16592 0.01003 103.71787 -101.68121 50.41700 0.38257 0.27124 -29.38823 83.13757 -40.44808 0.2733 6.223e+12 3.622e+12
179 173 1.2676e+13 444.35 410.32 554.437 84.297 76 61.57930 41.33267 68.02222 -59.23 -238.23 -331.28 -7.476e+13 1.554e+14 -2.644e+13 0.05353 84.29670 1.2676e+13 1.2676e+13 1.1469e+13 8.1488e+12 0.0000e+00 74.17214 0.00 0.07153 0.69076 0.16001 -37.15443 -108.27706 117.22882 0.25822 0.02076 59.77551 -82.03966 123.68411 0.6507 1.191e+13 8.451e+12
180 165 1.6599e+13 482.03 440.92 606.583 96.911 76 53.90378 38.26153 52.60095 -222.29 24.53 -83.59 3.272e+13 -5.391e+11 2.145e+12 0.00813 96.91060 1.6599e+13 1.6599e+13 1.5694e+13 1.0261e+13 5.1307e+12 69.74729 10.02 0.00858 0.73567 0.39357 51.57470 63.12500 71.23014 0.62303 0.44088 19.89595 68.48444 42.55271 0.5277 1.529e+13 1.087e+13
181 174 9.0542e+12 361.05 256.01 495.613 171.223 75 92.97720 98.00388 13.43303 67.60 348.81 33.53 7.128e+12 3.129e+13 2.151e+13 0.02425 171.22295 9.0542e+12 9.3560e+12 6.6398e+12 1.5090e+12 0.0000e+00 17.48644 0.00 0.02776 0.28316 0.11516 54.70084 81.52155 -3.83590 0.72807 0.29324 19.57638 45.05321 -2.21973 0.4195 9.150e+12 1.207e+13
182 170 1.4487e+13 539.90 492.38 579.673 43.703 75 23.65072 31.86446 54.52666 184.55 -94.48 13.67 4.061e+13 1.786e+13 -1.405e+13 0.01510 43.70287 1.4487e+13 1.4487e+13 1.3581e+13 1.2676e+13 6.9416e+12 23.95397 0.00 0.01528 0.77216 0.67527 -37.76688 43.89350 75.50368 0.76519 0.54013 -38.16218 36.50878 72.55373 0.5854 1.817e+13 6.942e+12
183 176 1.5090e+13 566.90 467.17 587.614 38.606 75 20.77627 12.72238 44.61351 369.16 49.92 -111.38 3.451e+13 5.633e+13 -9.039e+13 0.03127 38.60589 1.5090e+13 1.6599e+13 1.2978e+13 8.7524e+12 6.3380e+12 60.03902 13.92 0.03433 0.74642 0.33840 -26.48862 57.43131 67.49694 0.55302 0.28741 62.66534 -5.78849 -39.35920 0.5978 1.740e+13 6.338e+12
184 205 1.0865e+13 447.48 362.91 526.668 59.139 71 70.00194 82.97720 12.75519 -49.87 133.65 247.74 -7.812e+12 -4.100e+13 3.337e+13 0.02942 59.13892 1.0865e+13 1.1469e+13 1.0563e+13 7.5452e+12 2.4145e+12 57.84023 0.00 0.02834 0.84711 0.35726 -21.20784 -55.50969 76.53439 0.59493 0.30127 -23.18216 -53.33550 59.96541 0.4562 1.273e+13 6.036e+12
185 -1 6.0361e+11 156.47 0.00 200.961 36.482 69 24.86699 5.13330 98.37865 -206.88 457.26 368.49 1.270e+12 -4.742e+11 6.350e+11 0.02863 36.48187 6.0361e+11 6.0361e+11 6.0361e+11 0.0000e+00 0.0000e+00 160.88771 77.67 0.09814 0.00000 0.00000 0.00000 0.00000 0.00000 0.00000 0.00000 0.00000 0.00000 0.00000 0.0000 4.084e+12 0.000e+00
186 183 6.0361e+12 347.44 266.48 432.958 65.341 69 47.87076 61.61584 69.20975 89.55 -86.42 -116.68 1.910e+12 -8.941e+12 -3.303e+13 0.04495 65.34068 6.0361e+12 6.6398e+12 5.7343e+12 3.3199e+12 1.8108e+12 40.90466 11.60 0.04840 0.49917 0.12618 74.53013 65.25630 -55.65282 0.84293 0.06461 58.54576 43.68248 20.86487 0.4554 6.669e+12 3.622e+12
187 190 1.5392e+13 533.59 486.08 591.506 50.843 69 57.05253 48.55297 16.80022 -9.01 -209.33 247.75 2.875e+11 9.703e+12 -2.921e+12 0.00277 50.84335 1.5392e+13 1.5392e+13 1.3883e+13 1.2072e+13 5.4325e+12 47.70935 0.00 0.00301 0.77361 0.48476 32.79968 2.81553 87.67896 0.82341 0.20646 16.45519 42.86376 71.54494 0.6046 1.861e+13 6.640e+12
188 182 4.8289e+12 342.83 237.03 401.923 44.304 46 0.21753 21.94771 79.98868 -22.95 -544.43 -401.81 -6.353e+12 1.179e+13 1.610e+13 0.04058 44.30392 4.8289e+12 4.8289e+12 3.9235e+12 3.3199e+12 0.0000e+00 33.43416 0.00 0.04290 0.51084 0.24282 -35.19413 22.55788 98.52847 0.67785 0.18395 47.06115 5.85749 66.88828 0.4332 4.923e+12 2.414e+12
189 178 1.4185e+13 551.93 459.62 575.619 38.718 68 53.33216 20.89000 33.38668 -98.59 244.31 305.21 -2.262e+13 -4.659e+13 1.548e+13 0.01712 38.71842 1.4185e+13 1.4487e+13 1.2072e+13 9.0542e+12 7.5452e+12 10.74118 0.00 0.01838 0.63259 0.40808 -54.10843 66.26946 -9.70109 0.50563 0.41224 -15.19247 78.19782 1.41260 0.5918 1.748e+13 6.036e+12
190 186 1.5392e+13 487.35 444.38 591.506 77.365 67 0.48601 94.79166 15.24487 -293.09 518.10 -162.46 -1.572e+14 5.371e+13 1.536e+13 0.04283 77.36537 1.5392e+13 1.5694e+13 1.3883e+13 9.9596e+12 2.7163e+12 54.61071 0.00 0.04951 0.72103 0.54258 -10.90125 -74.23053 84.42865 0.96630 0.65008 3.40856 -34.52820 76.18793 0.5952 1.404e+13 9.658e+12
191 195 6.6398e+12 414.93 317.76 446.934 34.133 67 46.90060 28.01262 68.16787 2.31 34.38 -52.35 -1.601e+13 -1.025e+13 -1.322e+13 0.03049 34.13277 6.6398e+12 7.2434e+12 6.3380e+12 6.0361e+12 2.1127e+12 11.93723 0.00 0.02791 0.90985 0.70130 58.12138 12.10410 -52.48952 0.65942 0.37960 61.25533 8.14700 -49.73571 0.4429 8.581e+12 2.716e+12
192 218 1.8108e+12 239.32 191.83 289.836 37.489 67 65.71156 49.57798 47.47868 4.26 39.97 -15.27 -1.199e+13 -2.628e+12 1.484e+12 0.05772 37.48883 1.8108e+12 1.8108e+12 1.8108e+12 9.0542e+11 0.0000e+00 54.73055 0.00 0.12988 0.70055 0.44965 -64.38882 84.15221 -24.99288 0.00000 0.00000 103.36304 -23.16666 -17.91000 0.7751 5.278e+12 9.054e+11
193 187 1.8108e+12 213.29 55.33 289.836 85.702 65 87.42147 48.64512 54.74388 -144.80 -321.00 285.78 -1.531e+12 4.069e+11 -1.029e+12 0.01472 85.70248 1.8108e+12 1.8108e+12 0.0000e+00 0.0000e+00 0.0000e+00 55.44205 33.87 0.01984 0.64516 0.45127 -111.43816 -104.86829 108.82120 0.00000 0.00000 0.00000 0.00000 0.00000 0.1338 7.204e+12 2.113e+12
194 185 1.5090e+12 200.05 165.61 272.746 84.333 65 71.62733 24.03056 84.52175 -83.29 -132.32 70.25 -5.920e+12 -6.163e+12 2.040e+12 0.03156 84.33253 1.5090e+12 1.5090e+12 9.0542e+11 0.0000e+00 0.0000e+00 126.16115 74.97 0.12506 0.19496 0.00000 87.41341 87.55842 -1.39861 0.00000 0.00000 0.00000 0.00000 0.00000 1.0969 6.005e+12 1.811e+12
195 188 6.6398e+12 381.17 313.73 446.934 49.296 65 69.01500 90.10231 12.66274 107.12 205.53 248.94 7.746e+12 1.640e+13 3.133e+13 0.04083 49.29641 6.6398e+12 6.6398e+12 6.3380e+12 5.7343e+12 0.0000e+00 18.52022 23.73 0.04362 0.40146 0.19166 108.11351 -18.18922 25.76090 0.29079 0.14197 103.73003 -20.85854 8.93777 0.5220 7.660e+12 3.622e+12
196 189 2.1127e+12 237.88 173.28 305.118 54.913 63 64.53056 96.61263 43.98120 89.77 -45.36 -132.32 3.204e+12 -8.340e+12 3.629e+11 0.03924 54.91304 2.1127e+12 2.1127e+12 2.1127e+12 0.0000e+00 0.0000e+00 139.78188 0.00 0.07264 0.53678 0.02653 -105.19836 165.85025 -20.27862 0.00000 0.00000 0.00000 0.00000 0.00000 0.6514 4.489e+12 1.207e+12
197 -1 3.6217e+12 264.80 224.01 365.171 140.639 63 87.70129 24.27268 33.84814 -265.83 -213.22 41.85 1.518e+13 -1.887e+13 -7.232e+12 0.04880 140.63942 3.6217e+12 3.6217e+12 2.4145e+12 0.0000e+00 0.0000e+00 103.20111 8.82 0.08363 0.05939 0.00000 123.73030 -91.77111 182.73013 0.00000 0.00000 0.00000 0.00000 0.00000 0.6679 4.971e+12 4.829e+12
198 192 9.6578e+12 468.60 369.56 506.391 39.185 62 2.93693 98.81197 2.05425 -73.15 830.37 44.22 1.853e+13 2.524e+13 -1.941e+13 0.02393 39.18531 1.0261e+13 9.9596e+12 8.7524e+12 7.8470e+12 3.9235e+12 34.64920 20.67 0.02377 0.87700 0.82003 62.54335 -31.96255 42.84270 0.90650 0.49449 66.69887 17.22750 24.81767 0.5001 1.112e+13 3.923e+12
199 191 6.0361e+12 352.57 254.72 432.958 60.245 62 21.65577 0.45717 36.36935 88.25 442.10 6.12 1.613e+12 3.932e+13 -1.100e+13 0.05806 60.24501 6.0361e+12 6.0361e+12 5.4325e+12 3.9235e+12 0.0000e+00 52.87807 40.19 0.05771 0.81297 0.39387 54.17857 71.36621 -49.58557 0.82845 0.39082 48.83334 -24.50492 60.74181 0.3959 8.057e+12 3.923e+12
200 180 1.5090e+13 472.49 430.60 587.614 87.684 62 99.09254 17.77803 78.86729 -24.10 338.93 137.88 8.637e+12 6.343e+13 -1.076e+14 0.03488 87.68434 1.5090e+13 1.5090e+13 1.4185e+13 9.9596e+12 3.0181e+12 46.50238 0.00 0.03840 0.93043 0.87031 39.43005 94.79135 -18.74399 0.93486 0.72196 6.36248 78.29660 30.07945 0.5550 1.417e+13 1.026e+13
201 196 3.0181e+12 253.39 169.37 343.639 99.111 61 42.88925 76.51289 3.31473 156.96 104.07 -29.01 -4.169e+12 -5.062e+12 7.327e+11 0.02107 99.11103 3.0181e+12 3.0181e+12 1.8108e+12 6.0361e+11 0.0000e+00 45.67209 0.00 0.02959 0.51190 0.19291 130.37193 92.17359 -29.81042 0.00000 0.00000 0.00000 0.00000 0.00000 0.4863 5.331e+12 3.320e+12
202 197 7.2434e+12 342.53 276.20 460.087 119.312 59 53.18108 66.23272 18.55544 179.62 -120.82 63.63 3.042e+12 -2.179e+13 -1.413e+12 0.01856 119.31226 7.2434e+12 8.1488e+12 6.3380e+12 3.0181e+12 0.0000e+00 35.74191 19.82 0.02298 0.71546 0.31912 52.34689 114.09650 51.64098 0.41280 0.02311 -20.41844 61.63815 72.17821 0.5231 7.577e+12 7.243e+12
203 194 1.2072e+12 196.88 219.18 253.195 46.369 58 53.16492 90.94831 67.71938 -38.82 270.47 24.37 -1.912e+12 9.056e+11 2.903e+12 0.05012 46.36937 1.2072e+12 1.5090e+12 9.0542e+11 6.0361e+11 0.0000e+00 68.12315 0.00 0.07418 0.62920 0.24720 11.79764 -39.68367 89.48232 0.00000 0.00000 0.00000 0.00000 0.00000 1.7036 6.217e+12 9.054e+11
204 220 5.7343e+12 323.98 256.57 425.618 90.839 58 40.99223 89.13343 98.40162 196.58 99.29 -17.25 9.557e+13 1.561e+13 -2.390e+13 0.13046 90.83851 5.7343e+12 6.3380e+12 4.2253e+12 2.7163e+12 0.0000e+00 37.59435 0.00 0.15344 0.37440 0.32511 50.83229 12.44802 82.32022 0.51331 0.16790 29.74150 9.50860 73.49944 0.4798 6.143e+12 4.225e+12
205 198 1.2978e+13 495.90 415.32 558.803 51.509 58 47.21415 44.80894 77.50377 -49.91 -257.46 -72.39 -9.827e+12 1.805e+13 -1.034e+14 0.04046 51.50914 1.2978e+13 1.2978e+13 1.2374e+13 1.0563e+13 2.1127e+12 37.00627 0.00 0.04156 0.77960 0.56541 39.79054 107.39684 -14.17504 0.79495 0.25488 21.54372 103.33950 -46.53875 0.5269 1.548e+13 6.338e+12
206 209 6.6398e+12 367.59 300.01 446.934 58.989 58 15.60021 32.29868 65.46280 5.78 -206.72 -37.38 1.692e+11 3.936e+12 1.104e+13 0.01270 58.98853 6.6398e+12 7.8470e+12 5.7343e+12 3.6217e+12 0.0000e+00 63.75356 0.00 0.01412 0.55394 0.28114 11.58657 -15.03453 101.15438 0.78831 0.15034 -5.08644 -1.51475 86.06649 0.5168 7.444e+12 3.622e+12
207 193 7.8470e+12 454.72 329.57 472.527 31.347 57 68.59569 22.48303 87.44028 58.40 281.69 240.55 -1.801e+13 -2.064e+13 -1.091e+13 0.02829 31.34731 7.8470e+12 7.8470e+12 6.9416e+12 6.6398e+12 4.2253e+12 50.45824 11.93 0.02689 0.95654 0.41748 -55.91349 60.37398 -22.38408 0.81330 0.40514 24.64165 55.16067 -48.64407 0.4594 9.777e+12 3.018e+12
208 201 3.6217e+12 271.27 181.23 365.171 96.881 27 32.63124 60.51891 4.39305 383.24 85.99 111.41 -1.199e+13 -3.468e+12 3.505e+12 0.03295 96.88120 3.6217e+12 3.6217e+12 2.7163e+12 9.0542e+11 0.0000e+00 10.49229 0.00 0.04291 0.00000 0.00000 198.74191 67.06619 27.47154 0.65287 0.00000 -21.07370 100.27895 38.56622 0.4566 4.332e+12 3.622e+12
209 201 1.8108e+12 215.09 148.77 289.836 77.691 30 33.69724 61.12988 4.55644 335.05 21.68 -139.57 -3.653e+12 -1.086e+13 -6.150e+12 0.09450 77.69090 1.8108e+12 3.0181e+12 6.0361e+11 6.0361e+11 0.0000e+00 70.64486 209.59 0.13662 0.03922 0.00000 225.87807 -66.22115 63.54525 0.00000 0.00000 0.00000 0.00000 0.00000 1.6487 2.831e+12 1.811e+12
210 200 2.1127e+12 220.85 160.77 305.118 125.678 56 69.85332 74.11772 18.18381 -282.10 265.37 12.48 1.350e+13 2.186e+12 -1.672e+13 0.06892 125.67778 2.1127e+12 2.1127e+12 0.0000e+00 0.0000e+00 0.0000e+00 19.68707 58.66 0.17546 0.52873 0.00000 111.79009 -22.48705 112.02654 0.00000 0.00000 0.00000 0.00000 0.00000 0.7774 3.827e+12 4.225e+12
211 204 2.4145e+12 244.45 121.47 319.006 64.739 55 76.37463 30.38388 59.10844 -59.14 172.80 122.17 -2.343e+12 1.480e+12 -5.644e+12 0.03278 64.73866 2.4145e+12 3.3199e+12 2.4145e+12 0.0000e+00 0.0000e+00 81.92431 0.00 0.04090 0.76629 0.67936 33.39479 -86.69549 122.18643 0.00000 0.00000 0.00000 0.00000 0.00000 0.2893 5.885e+12 1.811e+12
212 202 9.0542e+12 412.52 355.92 495.613 61.542 53 73.12247 80.83633 18.44669 -290.77 101.04 -63.35 -3.063e+13 -5.483e+13 -6.291e+12 0.04129 61.54189 9.0542e+12 9.0542e+12 8.4506e+12 6.6398e+12 1.8108e+12 8.69279 0.00 0.04535 0.79611 0.12190 -62.27837 5.55859 62.68911 0.86753 0.09079 -43.36698 -1.08854 62.34071 0.5481 9.462e+12 5.734e+12
213 247 9.0542e+11 171.38 46.48 230.043 59.243 52 43.56377 37.48124 75.94286 95.67 -259.44 -33.55 5.285e+10 6.980e+11 1.222e+12 0.03908 59.24294 9.0542e+11 9.0542e+11 0.0000e+00 0.0000e+00 0.0000e+00 186.78470 176.62 0.04696 0.00000 0.00000 0.00000 0.00000 0.00000 0.00000 0.00000 0.00000 0.00000 0.00000 3.7500 3.925e+12 9.054e+11
214 206 7.2434e+12 356.38 276.21 460.087 86.485 52 31.25003 65.36016 14.07563 275.05 -23.46 -62.73 3.287e+13 3.742e+13 2.972e+13 0.05599 86.48511 7.2434e+12 7.2434e+12 6.6398e+12 3.6217e+12 1.5090e+12 43.42503 9.19 0.06044 0.86073 0.71840 72.87317 -8.30070 52.25027 0.33949 0.10882 52.13556 -39.39531 10.59849 0.4468 6.833e+12 6.036e+12
215 208 5.4325e+12 340.34 267.35 418.016 58.222 50 73.52327 32.26993 55.87429 -147.59 27.67 215.18 -4.056e+13 1.931e+13 -1.140e+12 0.06710 58.22178 5.4325e+12 5.4325e+12 5.1307e+12 3.0181e+12 0.0000e+00 53.93582 31.76 0.07565 0.45796 0.13118 -75.02539 -30.52641 120.98365 0.25553 0.06409 -69.03187 -40.00186 74.68661 0.4971 7.750e+12 3.018e+12
216 210 1.1167e+13 520.47 432.31 531.500 33.004 50 72.10514 79.26327 17.38822 -252.68 235.76 82.97 -3.218e+12 -1.327e+13 -2.035e+13 0.01214 33.00350 1.1167e+13 1.1770e+13 1.0563e+13 8.7524e+12 5.1307e+12 103.08019 0.00 0.01241 0.76141 0.55881 2.71615 79.85145 44.31293 0.68308 0.60513 20.22764 50.63661 47.07154 0.5660 1.339e+13 4.829e+12
217 211 9.6578e+12 442.75 376.68 506.391 49.836 49 24.61917 61.65292 35.90161 288.05 -41.69 93.18 -1.265e+13 -1.296e+13 2.834e+12 0.01129 49.83584 9.6578e+12 9.6578e+12 8.7524e+12 7.5452e+12 2.1127e+12 54.43412 14.49 0.01183 0.64133 0.63452 -16.25920 -50.16740 82.72477 0.48189 0.26890 -13.91733 -66.55642 73.43960 0.5336 1.041e+13 4.527e+12
218 199 9.6578e+12 473.13 428.29 506.391 37.702 47 38.49191 34.93217 67.15144 233.21 -387.58 -140.05 -2.635e+13 -4.671e+13 2.429e+13 0.03796 37.70193 9.6578e+12 9.6578e+12 9.6578e+12 8.4506e+12 3.9235e+12 40.00335 0.00 0.03799 0.56802 0.41974 59.93250 -32.32234 62.94391 0.33939 0.28482 51.39874 -30.28102 68.48939 0.5717 1.312e+13 3.923e+12
219 213 2.1127e+12 239.62 199.11 305.118 52.406 47 72.23093 93.20538 38.18789 -260.65 192.29 -39.77 -9.815e+11 -2.131e+12 6.485e+12 0.02823 52.40613 2.1127e+12 2.1127e+12 2.1127e+12 6.0361e+11 0.0000e+00 68.05839 0.00 0.05603 0.69094 0.32385 115.71349 -28.89365 10.28808 0.00000 0.00000 0.00000 0.00000 0.00000 0.7475 3.075e+12 1.509e+12
220 244 1.2072e+12 191.02 86.66 253.195 58.097 46 64.18205 99.14912 68.22893 80.97 289.79 -169.71 1.082e+11 -8.805e+12 3.086e+12 0.07209 58.09659 1.2072e+12 1.2072e+12 6.0361e+11 0.0000e+00 0.0000e+00 139.62523 105.13 0.19265 0.36142 0.02729 133.43434 -49.61421 -99.10513 0.00000 0.00000 0.00000 0.00000 0.00000 0.7385 4.739e+12 9.054e+11
221 207 6.0361e+11 167.70 0.00 200.961 24.636 46 62.40975 26.91048 20.59739 66.69 -54.73 95.54 0.000e+00 0.000e+00 0.000e+00 0.00000 24.63563 6.0361e+11 6.0361e+11 6.0361e+11 0.0000e+00 0.0000e+00 123.33312 0.00 0.00000 0.00000 0.00000 0.00000 0.00000 0.00000 0.00000 0.00000 0.00000 0.00000 0.00000 0.0000 3.060e+12 0.000e+00
222 216 6.3380e+12 332.20 230.06 440.057 100.448 45 67.74523 31.64498 51.01911 -57.19 26.98 41.94 5.857e+12 -1.508e+13 -8.708e+12 0.02107 100.44814 6.3380e+12 6.3380e+12 4.8289e+12 9.0542e+11 0.0000e+00 24.80695 0.00 0.02392 0.77325 0.32319 82.72614 64.99988 53.03948 0.32125 0.01427 34.65385 67.16238 51.57943 0.4109 6.075e+12 5.131e+12
223 214 8.4506e+12 381.12 294.68 484.345 82.174 44 49.00014 63.23314 0.57162 -33.83 -10.88 189.84 2.726e+13 1.458e+13 3.076e+13 0.02984 82.17370 8.4506e+12 8.7524e+12 8.1488e+12 1.8108e+12 0.0000e+00 47.33196 0.00 0.03515 0.06794 0.02473 22.42669 -100.44501 128.73424 0.31556 0.19373 16.34298 -35.49749 116.36585 0.5044 8.422e+12 6.640e+12
224 227 5.4325e+12 322.49 266.40 418.016 80.795 44 15.02444 47.32035 54.13638 -134.43 -291.88 18.54 -1.193e+13 -6.240e+12 7.151e+13 0.10063 80.79527 5.4325e+12 5.4325e+12 4.2253e+12 3.0181e+12 0.0000e+00 32.40517 42.50 0.12250 0.47325 0.08504 17.10693 101.76942 21.55337 0.21117 0.02062 12.07385 66.82754 11.38883 0.5358 5.798e+12 4.225e+12
225 228 3.3199e+12 262.72 215.51 354.732 97.225 42 76.85275 3.95639 17.52205 -86.91 184.31 95.43 -1.436e+13 2.494e+12 -4.084e+12 0.03201 97.22514 3.3199e+12 3.9235e+12 1.5090e+12 0.0000e+00 0.0000e+00 16.49809 0.00 0.05789 0.78215 0.62613 52.72298 102.42753 149.48834 0.00000 0.00000 0.00000 0.00000 0.00000 0.6771 4.649e+12 3.923e+12
226 219 4.5271e+12 310.62 204.50 393.368 65.297 42 21.62293 31.64255 48.39744 157.88 -159.13 206.88 -1.229e+13 6.519e+12 -6.600e+12 0.03195 65.29735 4.5271e+12 4.5271e+12 3.6217e+12 2.4145e+12 0.0000e+00 36.79882 0.00 0.03512 0.54445 0.14860 -28.17034 56.58604 115.47298 0.25178 0.10059 -9.46645 55.83251 106.46857 0.3983 5.533e+12 3.018e+12
227 212 6.3380e+12 356.05 257.22 440.057 63.423 41 59.03907 41.87589 13.33060 15.09 -263.86 234.19 -2.015e+13 -2.249e+13 -6.994e+12 0.03574 63.42271 6.3380e+12 6.3380e+12 5.7343e+12 3.6217e+12 0.0000e+00 35.60487 0.00 0.04035 0.87705 0.46350 -87.30998 31.86470 104.28396 0.51390 0.00000 -59.15156 92.91762 23.19180 0.4569 6.991e+12 3.622e+12
228 221 6.0361e+11 177.57 0.00 200.961 18.876 40 30.76913 1.35040 94.75070 29.60 234.25 205.12 0.000e+00 0.000e+00 0.000e+00 0.00000 18.87592 6.0361e+11 1.2072e+12 6.0361e+11 3.0181e+11 0.0000e+00 46.93264 0.00 0.00000 0.00000 0.00000 0.00000 0.00000 0.00000 0.00000 0.00000 0.00000 0.00000 0.00000 0.0000 3.849e+12 3.018e+11
229 215 6.0361e+12 428.36 303.62 432.958 25.872 40 76.55270 97.00820 62.69366 -280.54 247.50 -115.08 8.736e+12 1.921e+13 -1.972e+13 0.04558 25.87155 6.0361e+12 6.3380e+12 5.7343e+12 5.1307e+12 2.7163e+12 34.51440 0.00 0.04080 0.87960 0.38103 69.79646 -19.46911 -30.86357 0.31838 0.22710 78.90437 -12.35817 -27.29628 0.4296 7.625e+12 2.414e+12
230 224 3.3199e+12 259.36 270.77 354.732 115.029 40 59.03973 3.34244 77.95622 155.50 215.86 -110.38 -3.634e+13 -2.480e+13 1.316e+13 0.05204 115.02938 3.3199e+12 3.6217e+12 1.8108e+12 6.0361e+11 0.0000e+00 92.00369 11.32 0.17565 0.50050 0.15478 106.97855 -3.00973 14.98715 0.00000 0.00000 0.00000 0.00000 0.00000 1.0905 6.432e+12 4.225e+12
231 234 1.5090e+12 294.73 162.16 272.746 11.913 39 88.48834 29.47921 99.20255 -279.35 -738.39 200.30 9.342e+11 1.624e+12 1.082e+12 0.02755 11.91317 1.5090e+12 1.5090e+12 1.5090e+12 1.5090e+12 0.0000e+00 49.68279 0.00 0.03080 0.96077 0.48713 25.35718 41.16988 -14.47836 0.96243 0.48534 23.98589 41.86166 -14.82996 0.4031 3.822e+12 3.018e+11
232 232 2.1127e+12 258.63 131.73 305.118 34.647 39 3.97075 22.52349 10.87550 -110.10 -533.15 -142.39 -9.884e+11 -1.021e+12 3.816e+12 0.02672 34.64737 2.1127e+12 2.4145e+12 2.1127e+12 6.0361e+11 0.0000e+00 74.24413 0.00 0.03308 0.02089 0.00000 164.41925 63.77374 -69.27237 0.00000 0.00000 0.00000 0.00000 0.00000 0.3226 4.529e+12 6.036e+11
233 237 1.2072e+12 196.87 94.14 253.195 46.382 38 69.89220 64.76966 46.18793 -225.79 -119.20 462.39 -1.486e+11 2.031e+12 -1.166e+12 0.02581 46.38187 1.2072e+12 2.7163e+12 1.2072e+12 0.0000e+00 0.0000e+00 118.12914 0.00 0.04846 0.42097 0.22278 58.24316 -17.19258 153.77843 0.00000 0.00000 0.00000 0.00000 0.00000 0.4367 4.560e+12 6.036e+11
234 238 9.0542e+11 187.20 98.57 230.043 32.130 38 58.11192 75.59473 28.07632 326.97 142.08 152.20 -3.260e+12 -8.993e+11 4.728e+11 0.03213 32.13037 9.0542e+11 1.5090e+12 6.0361e+11 6.0361e+11 0.0000e+00 7.33436 98.57 0.11387 0.00000 0.00000 0.00000 0.00000 0.00000 0.00000 0.00000 0.00000 0.00000 0.00000 1.1885 3.319e+12 6.036e+11
235 230 1.5090e+12 198.28 116.06 272.746 98.363 38 67.26116 60.81566 43.80957 -9.01 160.27 325.44 -7.031e+11 1.416e+10 8.446e+12 0.06806 98.36329 1.5090e+12 1.5090e+12 1.2072e+12 0.0000e+00 0.0000e+00 44.27824 56.90 0.12065 0.37235 0.20154 -97.56242 116.28072 -70.46893 0.00000 0.00000 0.00000 0.00000 0.00000 0.5308 3.436e+12 2.113e+12
236 223 6.0361e+11 183.71 0.00 200.961 16.343 37 3.08193 2.97991 99.22420 -164.45 592.02 -173.40 0.000e+00 0.000e+00 0.000e+00 0.00000 16.34312 6.0361e+11 1.2072e+12 6.0361e+11 6.0361e+11 0.0000e+00 83.79994 0.00 0.00000 0.00000 0.00000 0.00000 0.00000 0.00000 0.00000 0.00000 0.00000 0.00000 0.00000 0.0000 2.803e+12 0.000e+00
237 -1 1.5090e+12 197.42 190.65 272.746 112.423 37 71.83482 96.28537 64.93487 -276.10 110.93 -100.06 1.307e+13 3.090e+12 5.594e+12 0.11015 112.42297 1.5090e+12 1.5090e+12 3.0181e+11 0.0000e+00 0.0000e+00 114.03307 61.18 0.20716 0.31144 0.00000 -68.74665 -36.96329 123.19585 0.00000 0.00000 0.00000 0.00000 0.00000 1.5270 5.172e+12 3.018e+12
238 231 2.4145e+12 231.12 177.59 319.006 126.449 37 70.67263 12.33825 66.74178 -85.12 109.87 69.35 1.553e+12 -6.460e+12 -9.462e+12 0.04106 126.44924 2.4145e+12 2.4145e+12 9.0542e+11 3.0181e+11 0.0000e+00 128.23938 28.34 0.07519 0.30336 0.13677 73.14259 55.66624 -67.53244 0.00000 0.00000 0.00000 0.00000 0.00000 0.6446 2.879e+12 4.225e+12
239 217 7.8470e+12 466.02 329.31 472.527 28.573 37 7.60978 87.79173 39.65532 -98.59 336.87 -64.86 -2.543e+13 6.936e+12 -2.524e+12 0.02607 28.57261 7.8470e+12 8.1488e+12 7.8470e+12 6.9416e+12 3.3199e+12 36.15561 0.00 0.02415 0.59904 0.18860 33.63475 19.46180 76.39564 0.82709 0.22889 16.10769 0.23825 62.62484 0.4458 9.869e+12 3.018e+12
240 250 6.0361e+11 164.84 0.00 200.961 26.903 36 81.52185 28.90429 68.51936 302.89 5.26 -247.82 0.000e+00 0.000e+00 0.000e+00 0.00000 26.90316 6.0361e+11 6.0361e+11 6.0361e+11 0.0000e+00 0.0000e+00 116.44624 0.00 0.00000 0.00000 0.00000 0.00000 0.00000 0.00000 0.00000 0.00000 0.00000 0.00000 0.00000 0.0000 3.198e+12 0.000e+00
241 235 2.1127e+12 242.16 139.85 305.118 49.116 36 85.15796 26.53335 55.16290 -69.23 -24.30 131.88 -1.083e+13 2.348e+12 -1.823e+12 0.07180 49.11551 2.1127e+12 2.1127e+12 2.1127e+12 9.0542e+11 0.0000e+00 21.46054 0.00 0.09121 0.20122 0.00000 82.85780 28.54031 37.85181 0.54513 0.00000 81.64131 -58.25820 6.40590 0.3754 3.378e+12 9.054e+11
242 236 2.4145e+12 256.08 139.69 319.006 48.053 35 78.48926 20.12926 71.35015 -100.75 104.34 -42.61 3.786e+12 -5.748e+12 -4.726e+12 0.04770 48.05286 2.4145e+12 2.4145e+12 2.1127e+12 1.5090e+12 0.0000e+00 60.72111 0.00 0.05430 0.67688 0.57538 57.24833 -27.49250 73.80216 0.59053 0.49176 -39.24988 -30.90784 59.79562 0.2973 3.401e+12 1.509e+12
243 245 3.6217e+12 277.09 208.87 365.171 79.903 34 99.33169 11.77379 8.91611 63.90 -134.44 -144.86 -3.166e+12 -1.346e+13 -2.121e+13 0.05987 79.90269 3.6217e+12 3.9235e+12 2.7163e+12 0.0000e+00 0.0000e+00 95.17213 0.00 0.08378 0.91872 0.40969 130.19330 -66.06351 10.54420 0.00000 0.00000 0.00000 0.00000 0.00000 0.5318 4.849e+12 3.018e+12
244 240 9.0542e+11 181.92 37.43 230.043 37.841 34 96.77715 4.66571 34.71029 -172.76 41.04 -56.36 1.170e+12 1.343e+11 -1.190e+12 0.03235 37.84085 9.0542e+11 1.2072e+12 9.0542e+11 6.0361e+11 0.0000e+00 32.69438 37.43 0.05584 0.00000 0.00000 0.00000 0.00000 0.00000 0.00000 0.00000 0.00000 0.00000 0.00000 0.1587 3.342e+12 6.036e+11
245 242 9.0542e+12 477.66 383.69 495.613 32.688 34 28.32665 58.71934 33.48034 212.21 -32.31 70.70 -1.392e+13 -3.003e+13 -8.564e+12 0.02400 32.68819 9.0542e+12 9.0542e+12 8.1488e+12 6.0361e+12 3.9235e+12 73.16416 0.00 0.02456 0.42235 0.35665 27.95276 64.79707 -44.99812 0.65581 0.44520 20.18337 49.67532 -31.59217 0.5469 1.081e+13 3.622e+12
246 248 3.6217e+12 270.92 191.97 365.171 98.182 34 47.45874 22.44377 48.06675 -164.71 120.80 -484.58 -6.480e+12 -7.495e+12 -1.429e+13 0.04605 98.18195 3.6217e+12 3.6217e+12 2.7163e+12 3.0181e+11 0.0000e+00 34.21357 13.52 0.05754 0.28368 0.10634 135.60094 -47.55952 -89.94730 0.00000 0.00000 0.00000 0.00000 0.00000 0.4563 4.711e+12 3.622e+12
247 -1 2.4145e+12 254.17 183.91 319.006 50.185 34 22.31303 12.58721 44.02218 148.13 -10.15 -123.68 5.068e+12 -8.331e+12 6.198e+12 0.04279 50.18543 2.4145e+12 2.7163e+12 2.4145e+12 0.0000e+00 0.0000e+00 159.39470 0.00 0.07515 0.24814 0.00909 163.71327 15.28776 -73.00090 0.00000 0.00000 0.00000 0.00000 0.00000 0.6459 4.469e+12 9.054e+11
248 -1 6.0361e+11 155.48 0.00 200.961 38.085 33 74.35417 70.34943 53.20473 -577.79 -396.63 -519.73 7.041e+11 1.492e+11 -7.566e+11 0.02488 38.08462 9.0542e+11 6.0361e+11 6.0361e+11 0.0000e+00 0.0000e+00 107.90278 68.40 0.06845 0.00000 0.00000 0.00000 0.00000 0.00000 0.00000 0.00000 0.00000 0.00000 0.00000 0.0000 1.832e+12 3.018e+11
249 249 1.5090e+12 223.52 160.57 272.746 36.689 32 22.59401 18.12432 0.79401 7.71 -387.24 226.54 -6.275e+12 1.078e+12 -2.117e+12 0.05173 36.68938 1.5090e+12 1.5090e+12 1.5090e+12 0.0000e+00 0.0000e+00 30.56829 0.00 0.09551 0.26894 0.00000 -24.38648 -20.86030 138.96960 0.00000 0.00000 0.00000 0.00000 0.00000 0.6394 3.702e+12 6.036e+11
250 254 5.1307e+12 299.77 228.81 410.127 133.593 32 17.68201 31.93666 65.13778 -7.34 -151.91 -128.30 -5.030e+13 -3.666e+13 1.680e+13 0.09343 133.59340 5.1307e+12 5.1307e+12 3.9235e+12 9.0542e+11 0.0000e+00 37.01263 37.23 0.11938 0.34420 0.01599 22.13474 -21.67055 146.17772 0.69751 0.43457 7.77738 -30.41232 55.76942 0.4790 4.762e+12 6.036e+12
251 256 7.2434e+12 398.70 306.67 460.087 47.133 32 35.53158 63.04800 10.28744 186.84 6.21 5.91 -1.517e+13 2.899e+13 2.865e+12 0.03576 47.13256 7.2434e+12 7.5452e+12 6.6398e+12 6.0361e+12 2.4145e+12 18.02895 0.00 0.03423 0.32497 0.16865 38.13836 12.98216 90.38023 0.37634 0.17450 34.05840 14.39250 75.68013 0.4394 8.016e+12 3.622e+12
252 257 2.4145e+12 231.93 134.40 319.006 114.815 31 99.63740 17.72468 86.69627 7.54 -57.08 -106.33 -2.910e+12 1.110e+12 -3.429e+12 0.02069 114.81546 2.4145e+12 2.4145e+12 3.0181e+11 0.0000e+00 0.0000e+00 64.45524 32.50 0.03013 0.32471 0.04818 -45.48586 166.50156 -64.90578 0.00000 0.00000 0.00000 0.00000 0.00000 0.4189 3.671e+12 3.622e+12
253 244 1.2072e+12 185.15 189.43 253.195 81.868 31 63.75336 0.65387 69.01923 -34.06 131.83 -182.65 -1.057e+12 1.521e+13 -1.214e+13 0.32210 81.86834 1.2072e+12 1.2072e+12 6.0361e+11 3.0181e+11 0.0000e+00 96.84571 164.89 0.40236 0.35746 0.05145 -52.63632 116.46140 129.09518 0.00000 0.00000 0.00000 0.00000 0.00000 2.4494 3.262e+12 1.207e+12
254 252 9.0542e+11 169.52 49.86 230.043 66.851 31 71.64977 19.24723 69.64887 44.95 101.08 5.12 -5.486e+11 -1.752e+11 -1.081e+12 0.01810 66.85109 9.0542e+11 9.0542e+11 6.0361e+11 0.0000e+00 0.0000e+00 38.78366 49.86 0.04085 0.00000 0.00000 0.00000 0.00000 0.00000 0.00000 0.00000 0.00000 0.00000 0.00000 0.4330 2.466e+12 9.054e+11
255 253 1.2072e+12 185.45 101.13 253.195 79.900 31 74.84933 12.92618 58.26997 -68.75 55.28 78.41 5.411e+12 -3.043e+12 1.420e+12 0.03891 79.89977 1.2072e+12 1.2072e+12 6.0361e+11 3.0181e+11 0.0000e+00 71.33164 78.74 0.13148 0.38643 0.07314 -74.77287 -86.81033 97.11414 0.00000 0.00000 0.00000 0.00000 0.00000 0.8133 3.802e+12 1.509e+12
256 258 2.1127e+12 220.94 264.90 305.118 123.328 31 66.50906 84.86506 48.56106 71.34 -68.26 -378.22 9.319e+12 -1.141e+13 -3.287e+13 0.23175 123.32763 2.1127e+12 2.1127e+12 6.0361e+11 3.0181e+11 0.0000e+00 53.11775 76.80 0.29268 0.58305 0.06165 58.87354 196.87016 -60.78246 0.00000 0.00000 0.00000 0.00000 0.00000 1.9018 2.945e+12 3.622e+12
257 261 3.0181e+12 267.97 125.94 343.639 61.758 31 97.33059 11.74590 9.11167 6.25 -61.70 -204.68 -6.544e+12 5.320e+12 4.500e+11 0.03666 61.75807 3.0181e+12 3.0181e+12 2.4145e+12 1.8108e+12 0.0000e+00 64.62679 16.33 0.03787 0.08543 0.03153 -17.94213 -34.00611 146.46623 0.38085 0.07079 -7.03893 -15.74443 96.77531 0.2093 3.742e+12 2.414e+12
258 260 9.0542e+11 175.32 81.45 230.043 48.633 30 23.43838 64.66628 37.69074 273.46 -164.06 -76.50 -5.317e+11 -2.087e+12 -2.445e+12 0.01109 48.63265 9.0542e+11 9.0542e+11 3.0181e+11 3.0181e+11 0.0000e+00 134.31876 53.27 0.10868 0.00000 0.00000 0.00000 0.00000 0.00000 0.00000 0.00000 0.00000 0.00000 0.00000 0.9615 3.712e+12 6.036e+11
259 251 1.5090e+12 219.66 202.01 272.746 40.333 30 38.22527 20.09832 10.41559 36.87 -414.39 331.56 -9.209e+12 -4.697e+12 4.520e+12 0.03521 40.33311 1.5090e+12 2.1127e+12 1.2072e+12 6.0361e+11 0.0000e+00 60.17587 0.00 0.16062 0.47572 0.04949 8.08234 -34.48676 89.17835 0.00000 0.00000 0.00000 0.00000 0.00000 1.0596 3.899e+12 6.036e+11
260 259 1.5090e+12 231.07 106.06 272.746 31.048 29 66.72683 79.37083 17.28415 63.59 24.08 60.20 5.320e+11 -4.287e+12 -6.253e+11 0.04608 31.04761 1.5090e+12 1.5090e+12 1.5090e+12 6.0361e+11 0.0000e+00 35.33863 0.00 0.06214 0.32443 0.00000 -33.28629 -40.22638 64.95856 0.00000 0.00000 0.00000 0.00000 0.00000 0.3078 3.257e+12 6.036e+11
261 241 1.8108e+12 238.93 127.12 289.836 37.801 27 29.82537 56.01244 82.58126 186.74 -46.82 -19.04 4.078e+12 2.241e+12 9.766e+11 0.04239 37.80073 1.8108e+12 1.8108e+12 1.5090e+12 1.2072e+12 0.0000e+00 41.17951 38.57 0.04995 0.39111 0.27047 13.87770 -59.62402 93.19415 0.45501 0.06189 27.65976 -59.84528 100.67971 0.3136 2.882e+12 1.207e+12
262 225 6.9416e+12 350.09 295.67 453.606 87.422 27 69.90977 36.32085 55.45644 -88.76 168.51 -87.47 -4.696e+12 6.991e+12 4.440e+13 0.04453 87.42155 6.9416e+12 6.9416e+12 6.6398e+12 3.9235e+12 0.0000e+00 96.96002 0.00 0.05056 0.36353 0.07191 82.06107 42.43402 121.18232 0.40472 0.07615 61.33545 45.63605 102.85972 0.4981 6.583e+12 5.734e+12
263 266 1.5090e+12 227.80 67.95 272.746 33.292 27 88.29037 21.17724 54.43924 7.42 194.22 25.04 1.011e+12 -1.934e+12 -1.841e+12 0.03316 33.29179 1.5090e+12 1.8108e+12 1.5090e+12 0.0000e+00 0.0000e+00 58.14374 0.00 0.04063 0.31322 0.00000 108.12482 17.62270 117.36080 0.00000 0.00000 0.00000 0.00000 0.00000 0.1338 3.479e+12 3.018e+11
264 267 9.0542e+11 168.24 98.67 230.043 74.266 27 96.67943 20.75068 1.44432 -553.47 -339.32 -9.69 -1.717e+12 -1.695e+11 1.651e+12 0.07909 74.26567 9.0542e+11 9.0542e+11 6.0361e+11 0.0000e+00 0.0000e+00 101.68372 203.72 0.07964 0.00000 0.00000 0.00000 0.00000 0.00000 0.00000 0.00000 0.00000 0.00000 0.00000 4.2972 3.077e+12 9.054e+11
265 265 1.8108e+12 228.77 134.09 289.836 48.246 27 62.39296 19.71276 8.13934 362.52 84.94 -9.76 -1.920e+12 -5.199e+11 1.638e+10 0.01618 48.24602 1.8108e+12 2.1127e+12 1.5090e+12 9.0542e+11 0.0000e+00 25.18150 14.02 0.02090 0.11630 0.00000 121.78583 -47.25808 60.37045 0.73625 0.31588 57.08381 -43.72459 -26.27484 0.3670 3.456e+12 9.054e+11
266 271 1.5090e+12 200.01 99.60 272.746 84.581 25 5.56285 91.42645 80.26390 -6.15 366.57 141.00 -5.824e+12 -1.455e+12 -1.806e+12 0.05180 84.58056 1.5090e+12 1.5090e+12 9.0542e+11 0.0000e+00 0.0000e+00 97.79668 64.38 0.08923 0.00000 0.00000 128.51143 104.35486 5.83649 0.00000 0.00000 0.00000 0.00000 0.00000 0.4693 2.548e+12 1.509e+12
267 136 4.2253e+12 281.58 208.03 384.425 121.199 25 97.63065 31.92704 63.63814 -298.39 -95.47 143.15 -1.378e+13 2.449e+13 -8.081e+12 0.05076 121.19934 4.2253e+12 4.2253e+12 2.1127e+12 0.0000e+00 0.0000e+00 27.31163 22.76 0.07483 0.82436 0.26987 -25.13250 145.13924 -3.07073 0.00000 0.00000 0.00000 0.00000 0.00000 0.5599 3.905e+12 5.131e+12
268 54 1.2072e+12 193.99 93.90 253.195 51.436 25 24.65002 30.00364 63.64912 433.14 -127.25 -79.44 1.538e+12 7.215e+11 1.245e+12 0.02331 51.43592 1.2072e+12 1.2072e+12 1.2072e+12 0.0000e+00 0.0000e+00 115.51421 0.00 0.04349 0.48403 0.07429 57.59881 -48.26839 151.16437 0.00000 0.00000 0.00000 0.00000 0.00000 0.4386 2.431e+12 9.054e+11
269 272 6.0361e+11 182.38 0.00 200.961 16.842 25 70.60039 28.54735 6.82035 304.39 -631.43 -73.15 0.000e+00 0.000e+00 0.000e+00 0.00000 16.84163 6.0361e+11 6.0361e+11 6.0361e+11 6.0361e+11 0.0000e+00 114.27953 0.00 0.00000 0.00000 0.00000 0.00000 0.00000 0.00000 0.00000 0.00000 0.00000 0.00000 0.00000 0.0000 2.595e+12 0.000e+00
