#ID DescID Mvir Vmax Vrms Rvir Rs Np X Y Z VX VY VZ JX JY JZ Spin rs_klypin Mvir_all M200b M200c M500c M2500c Xoff Voff spin_bullock b_to_a c_to_a A[x] A[y] A[z] b_to_a(500c) c_to_a(500c) A[x](500c) A[y](500c) A[z](500c) T/|U| M_pe_Behroozi M_pe_Diemer
#a = 0.572826
#Om = 0.285000; Ol = 0.715000; h = 0.695000
#FOF linking length: 0.280000
#Unbound Threshold: 0.500000; FOF Refinement Threshold: 0.700000
#Particle mass: 3.01807e+11 Msun/h
#Box size: 100.000000 Mpc/h
#Force resolution assumed: 0.0976562 Mpc/h
#Units: Masses in Msun / h
#Units: Positions in Mpc / h (comoving)
#Units: Velocities in km / s (physical, peculiar)
#Units: Halo Distances, Lengths, and Radii in kpc / h (comoving)
#Units: Angular Momenta in (Msun/h) * (Mpc/h) * km/s (physical)
#Units: Spins are dimensionless
#Np is an internal debugging quantity.
#Rockstar Version: 0.99.9-RC3
0 0 4.4969e+13 630.14 666.80 855.394 689.934 275 6.92867 4.68079 91.55277 -492.61 530.74 551.93 -6.387e+14 -5.267e+13 -4.422e+14 0.02514 330.36606 4.5271e+13 4.6780e+13 3.0181e+13 1.5090e+13 4.5271e+12 200.41986 18.47 0.03977 0.36774 0.28794 -29.13017 131.68858 -82.03593 0.56239 0.41782 -20.09282 68.97267 -66.05721 0.7358 4.315e+13 8.270e+13
1 1 2.1127e+13 627.90 548.01 664.973 50.568 80 4.86577 5.31605 94.33490 145.33 182.62 24.21 -1.555e+12 1.564e+13 -1.063e+14 0.02097 50.56777 2.1127e+13 2.1730e+13 2.0825e+13 1.7203e+13 8.7524e+12 84.22360 0.00 0.01933 0.64170 0.51927 -16.19816 15.25312 104.92120 0.70795 0.51713 -31.00946 15.10325 80.59423 0.5103 2.493e+13 9.356e+12
2 1 2.1821e+14 1114.28 1244.85 1448.162 354.066 780 4.44776 5.32189 95.11603 -79.60 210.62 212.18 -7.397e+15 -4.222e+15 -5.647e+15 0.02318 321.87805 2.1821e+14 2.2485e+14 2.0221e+14 1.1257e+14 2.1730e+13 349.76053 134.65 0.03753 0.23362 0.15649 -157.74252 0.57908 261.04065 0.33813 0.21547 -80.63479 7.33544 157.45418 0.7835 1.923e+14 2.158e+14
3 19 1.7505e+13 515.04 514.38 624.569 88.474 137 70.92063 2.27446 25.35740 193.05 465.89 362.51 -8.222e+12 3.977e+13 -3.638e+13 0.00941 88.47398 1.7505e+13 1.9919e+13 1.6298e+13 8.1488e+12 4.5271e+12 72.16481 26.33 0.01342 0.82542 0.70518 53.83716 95.22929 -8.33247 0.60292 0.59431 1.95927 83.07384 1.21930 0.7213 1.946e+13 8.451e+12
4 17 1.1167e+13 399.71 338.13 537.657 172.148 50 72.07598 1.43588 24.22666 -304.74 333.70 289.33 -7.664e+13 -3.637e+13 -1.749e+13 0.02936 172.14812 1.1167e+13 1.1469e+13 6.0361e+12 0.0000e+00 0.0000e+00 91.10277 16.27 0.04510 0.33550 0.02755 -164.24541 158.42819 130.32292 0.00000 0.00000 0.00000 0.00000 0.00000 0.6378 9.820e+12 1.328e+13
5 18 4.5573e+13 648.11 627.57 859.205 485.740 129 70.91824 2.62293 25.78391 141.58 -39.99 198.19 7.233e+14 2.970e+13 1.094e+14 0.02637 229.29892 4.5573e+13 4.6177e+13 4.0744e+13 1.4789e+13 1.8108e+12 98.12781 67.09 0.03657 0.29305 0.17671 0.19556 182.87547 190.48981 0.27256 0.18138 38.46181 150.72385 50.43354 0.6692 4.302e+13 8.119e+13
6 21 1.2374e+13 418.75 380.83 556.372 152.052 78 71.18479 3.88130 27.60933 -79.57 -290.02 -50.56 1.623e+14 1.273e+14 1.397e+13 0.07049 152.05237 1.2374e+13 1.3280e+13 1.0563e+13 6.0361e+12 0.0000e+00 81.04122 0.00 0.09071 0.66093 0.51049 125.07472 64.60847 74.60837 0.12051 0.02495 110.66548 93.48583 17.07287 0.5869 1.181e+13 1.358e+13
7 22 5.3118e+13 700.26 693.54 904.222 202.102 275 73.73135 4.08894 30.10213 -247.47 -94.96 -172.96 6.241e+14 1.944e+14 -6.764e+14 0.03188 190.94336 5.3118e+13 5.5533e+13 4.3762e+13 2.8370e+13 1.2072e+13 52.74373 44.17 0.03640 0.82646 0.39953 71.36655 42.66685 105.62608 0.77610 0.48494 13.02163 52.41660 86.67495 0.5878 4.826e+13 4.708e+13
8 23 2.1428e+13 507.18 497.80 668.124 167.286 120 76.99786 4.10183 32.38996 -547.17 60.11 -233.50 1.399e+14 -1.870e+14 1.231e+14 0.03692 167.28600 2.1428e+13 2.2334e+13 1.9014e+13 1.1469e+13 2.1127e+12 49.31465 11.00 0.04638 0.83165 0.34908 -31.21811 65.01096 106.63872 0.95223 0.27449 77.90778 -39.67379 -43.65334 0.6187 1.907e+13 2.143e+13
9 3 9.0542e+11 212.64 68.27 232.708 20.259 29 15.78018 9.46960 0.95575 219.81 -21.56 361.28 5.284e+11 -6.384e+11 -1.400e+12 0.02927 20.25911 9.0542e+11 1.2072e+12 9.0542e+11 9.0542e+11 0.0000e+00 51.81882 0.00 0.05578 0.00000 0.00000 0.00000 0.00000 0.00000 0.46973 0.26479 61.98360 91.93774 4.53800 0.3216 4.044e+12 0.000e+00
10 4 6.9416e+12 379.07 357.42 458.860 64.373 45 20.55858 9.66971 2.21617 517.17 -49.30 179.85 -3.468e+12 7.149e+13 -8.301e+13 0.08735 64.37262 7.2434e+12 6.9416e+12 6.6398e+12 3.9235e+12 1.2072e+12 68.42460 0.00 0.12603 0.66426 0.47238 74.49947 59.28498 19.59167 0.41406 0.15023 61.82475 35.29538 25.30296 0.6952 6.914e+12 3.923e+12
11 7 1.2374e+14 899.61 920.47 1198.668 364.856 595 23.00530 10.88389 3.39032 102.62 138.20 179.76 2.085e+15 1.643e+15 8.228e+14 0.02202 338.37311 1.2374e+14 1.2887e+14 1.0714e+14 6.5794e+13 2.3843e+13 62.85531 107.13 0.02627 0.81666 0.37974 170.62173 39.95198 25.29793 0.63834 0.35588 128.46228 31.90804 14.05277 0.6110 1.080e+14 1.422e+14
12 6 9.3560e+12 428.27 367.84 506.864 63.205 45 24.38831 11.52974 4.26656 -540.14 -186.17 -104.47 -2.788e+13 -2.617e+13 8.605e+12 0.02643 63.20467 9.3560e+12 9.6578e+12 9.0542e+12 6.6398e+12 3.0181e+12 39.12413 0.00 0.02740 0.67961 0.43789 -42.78864 97.55170 -11.44303 0.98376 0.41272 70.68110 26.20990 24.28518 0.5083 9.977e+12 5.131e+12
13 14 7.0321e+13 746.13 783.88 992.864 281.388 304 74.03135 18.58349 1.39258 -44.83 325.45 87.76 5.875e+14 8.771e+13 3.243e+14 0.01308 276.06229 7.0321e+13 7.1227e+13 6.2776e+13 3.6217e+13 1.4487e+13 43.40673 35.80 0.01641 0.87734 0.65623 118.78835 -75.50018 33.29488 0.74596 0.55797 95.77985 14.93379 -11.46281 0.6457 6.053e+13 7.394e+13
14 15 1.0322e+14 872.63 912.29 1128.357 260.924 392 72.48405 21.37099 0.71113 159.87 -248.72 206.45 -6.324e+14 1.659e+15 8.273e+14 0.02058 240.82399 1.0322e+14 1.0624e+14 9.5975e+13 5.7947e+13 2.2937e+13 130.37958 45.88 0.02505 0.80568 0.63266 125.24961 -100.29800 40.49544 0.84490 0.72962 109.65904 -43.97224 16.58557 0.6440 9.179e+13 9.899e+13
15 36 9.8993e+13 838.58 824.08 1112.745 414.880 356 93.27837 41.38887 61.39586 -180.88 -371.83 -5.70 2.183e+15 1.112e+15 -3.995e+15 0.05146 299.90289 9.8993e+13 1.0111e+14 8.6921e+13 4.4064e+13 1.5392e+13 85.04320 80.48 0.06426 0.69037 0.60463 -119.91707 121.67501 -50.77524 0.65428 0.48813 -48.70176 97.60371 -29.92986 0.6201 8.510e+13 1.135e+14
16 35 1.4789e+13 472.26 441.93 590.432 99.856 96 93.39764 40.88242 61.18195 -700.62 343.55 -146.56 -9.759e+12 1.672e+14 -1.241e+14 0.05421 99.85649 1.6298e+13 1.4789e+13 1.2978e+13 6.9416e+12 1.5090e+12 77.40454 50.01 0.06795 0.74939 0.36835 -28.85481 120.25971 32.32146 0.81121 0.31900 73.81159 -24.93219 -33.85615 0.6190 1.400e+13 1.117e+13
17 183 2.7163e+12 248.95 186.94 335.623 111.498 71 87.53447 48.80450 54.47852 -178.86 -356.90 325.96 -9.256e+12 8.386e+12 -3.187e+12 0.04193 111.49791 2.7163e+12 3.9235e+12 1.8108e+12 0.0000e+00 0.0000e+00 46.05217 62.23 0.07081 0.75996 0.04657 15.20571 -111.59396 116.29088 0.00000 0.00000 0.00000 0.00000 0.00000 0.6006 6.148e+12 4.225e+12
18 36 1.8108e+12 224.78 233.97 293.194 67.160 70 91.38126 44.50279 59.46693 -23.29 -695.80 -155.69 -5.156e+12 7.060e+12 6.993e+12 0.06301 67.16047 1.8108e+12 1.8108e+12 1.5090e+12 0.0000e+00 0.0000e+00 98.89812 0.00 0.12087 0.73890 0.00000 62.18913 -6.75776 113.47059 0.00000 0.00000 0.00000 0.00000 0.00000 1.3694 6.149e+12 1.509e+12
19 33 4.2253e+12 291.23 252.86 388.878 112.631 94 51.08075 17.45710 41.86661 -205.06 -87.80 -617.08 -1.321e+13 1.839e+13 -2.099e+12 0.03759 112.63132 4.2253e+12 4.2253e+12 3.0181e+12 1.5090e+12 0.0000e+00 59.62565 0.00 0.05979 0.73520 0.58794 116.31744 3.45154 -25.75198 0.53790 0.37739 47.85305 8.63055 110.42149 0.6638 9.919e+12 5.433e+12
20 34 9.0542e+11 171.33 50.98 232.708 91.535 49 48.75515 18.79493 43.87612 -93.70 160.63 -589.10 -2.862e+12 -3.877e+12 4.771e+12 0.55543 91.53514 9.0542e+11 9.0542e+11 3.0181e+11 0.0000e+00 0.0000e+00 132.28600 166.14 0.23242 0.00000 0.00000 0.00000 0.00000 0.00000 0.00000 0.00000 0.00000 0.00000 0.00000 21.6090 2.181e+12 1.509e+12
21 32 1.9617e+13 586.32 672.57 648.747 59.191 102 52.05038 15.40348 40.29230 41.98 -121.91 -422.61 -2.231e+14 -1.370e+14 -9.642e+12 0.02283 59.19094 2.2334e+13 2.0825e+13 1.7807e+13 1.4185e+13 7.8470e+12 90.87816 46.04 0.05333 0.85488 0.58502 -20.26314 89.88043 37.57888 0.94781 0.65117 68.03099 35.58110 -3.59233 0.9153 1.858e+13 9.356e+12
22 32 1.1499e+14 942.58 1018.23 1169.713 170.285 365 51.96736 15.79331 40.51493 -261.62 327.49 4.52 1.117e+15 -3.408e+15 5.919e+15 0.05573 189.05836 1.1499e+14 1.1710e+14 1.0956e+14 8.0281e+13 2.2334e+13 75.73322 88.79 0.07393 0.50346 0.34112 10.17806 184.28648 76.59264 0.40087 0.25957 8.11195 147.43321 75.73241 0.7146 1.101e+14 7.938e+13
23 38 1.4939e+14 982.16 1085.38 1276.359 413.258 460 72.23200 68.12397 52.60608 -93.05 -432.41 -288.30 4.362e+15 2.013e+15 1.121e+16 0.05488 283.50955 1.4939e+14 1.5151e+14 1.4185e+14 7.6357e+13 1.9919e+13 281.04825 259.61 0.08421 0.52736 0.34393 122.16119 207.53717 -64.49034 0.60457 0.36455 68.61108 115.10191 78.93002 0.7598 1.360e+14 1.603e+14
24 39 2.2334e+13 585.40 629.48 677.405 75.670 104 72.57400 68.71809 52.16790 -85.36 576.80 -237.38 -2.943e+13 -2.389e+14 -2.376e+14 0.04124 75.66998 2.2937e+13 2.3541e+13 2.1428e+13 1.6901e+13 7.2434e+12 62.09280 23.13 0.05547 0.77970 0.58362 -14.14348 99.17209 6.40498 0.60993 0.42132 1.21262 76.95968 -25.33339 0.7426 2.248e+13 1.268e+13
25 25 1.4245e+14 987.30 1054.54 1256.276 243.671 379 71.23254 60.67136 49.48608 -206.75 142.92 317.22 5.161e+15 1.963e+15 5.363e+15 0.04453 238.40324 1.4245e+14 1.4245e+14 1.3521e+14 8.7524e+13 2.8974e+13 65.25028 93.54 0.05754 0.89231 0.67631 -116.84805 138.38893 -32.51357 0.96817 0.66933 70.55333 95.08002 -68.11674 0.6907 1.333e+14 1.259e+14
26 24 3.4406e+13 663.40 730.34 782.359 153.375 161 71.02715 60.69901 49.66062 -99.45 -812.45 445.38 2.695e+14 -2.630e+14 -5.157e+14 0.03042 95.83896 3.8631e+13 3.7122e+13 3.1690e+13 2.1127e+13 9.9596e+12 104.25766 53.11 0.05095 0.51503 0.37934 135.31685 5.21670 -0.12124 0.34899 0.19426 127.57485 20.28889 -12.23881 0.8206 3.224e+13 2.928e+13
27 27 1.0261e+14 843.54 874.99 1126.153 465.863 405 39.41574 17.14629 42.45962 261.57 113.03 112.27 -2.020e+15 1.723e+15 -1.194e+15 0.02999 325.40247 1.0261e+14 1.0412e+14 9.2655e+13 4.5875e+13 2.1127e+13 80.11134 96.14 0.03759 0.58410 0.39952 125.05931 117.25150 14.30272 0.74427 0.52984 93.35066 60.09228 5.67974 0.6424 8.902e+13 1.292e+14
28 28 9.3560e+12 388.89 372.61 506.864 115.348 80 39.52608 18.87490 42.99186 388.24 -647.40 -80.37 1.568e+14 -5.389e+13 -3.120e+13 0.08107 115.34824 9.3560e+12 1.1770e+13 7.8470e+12 3.6217e+12 1.5090e+12 88.98017 42.10 0.11798 0.84861 0.25084 52.81786 88.82957 68.36343 0.34045 0.14039 40.96499 74.55887 -69.42638 0.6805 1.153e+13 8.752e+12
29 42 1.0593e+14 859.98 932.78 1138.169 335.063 424 54.42551 27.81900 35.67925 -92.10 -119.39 -135.31 6.919e+14 -6.669e+14 1.605e+15 0.01812 298.46335 1.0593e+14 1.0714e+14 9.0844e+13 5.9758e+13 2.4748e+13 87.00998 69.76 0.02291 0.66130 0.43849 -38.46206 17.91504 145.70306 0.79668 0.51308 -31.01553 -7.14626 105.98309 0.6695 9.100e+13 1.165e+14
30 40 1.0382e+14 903.10 931.31 1130.552 178.391 442 53.60017 40.89812 57.81136 161.01 -282.94 -390.24 4.404e+14 6.765e+14 5.460e+14 0.01035 192.77948 1.0382e+14 1.1016e+14 9.2957e+13 6.8510e+13 2.5050e+13 29.01146 121.59 0.01234 0.66010 0.38448 7.09731 87.78179 147.39967 0.45740 0.32087 5.01983 77.31113 117.13512 0.6421 9.177e+13 7.424e+13
31 41 1.0533e+14 847.35 877.61 1136.003 415.678 432 58.06115 30.61670 31.66869 -223.92 -193.41 16.15 -1.146e+15 6.645e+14 -1.258e+15 0.01923 346.55609 1.0533e+14 1.0835e+14 9.0542e+13 5.5533e+13 2.4446e+13 42.34772 110.96 0.02259 0.67207 0.50916 -112.87727 -34.54810 107.91860 0.63023 0.44804 87.65083 43.62664 -71.55813 0.6074 9.088e+13 1.262e+14
32 8 7.8470e+12 375.00 309.67 478.001 91.819 107 27.29441 12.12624 5.09585 -166.34 -31.84 187.28 1.767e+13 2.230e+13 -3.235e+13 0.03635 91.81888 8.1488e+12 8.4506e+12 6.6398e+12 4.2253e+12 0.0000e+00 21.30294 39.65 0.04038 0.44958 0.32878 119.06361 -44.05908 -87.62922 0.34388 0.00736 111.03879 0.90985 -15.04096 0.4783 1.035e+13 5.734e+12
33 10 1.8108e+13 493.92 481.23 631.667 124.196 155 29.77629 12.82686 5.70818 -316.76 53.08 239.14 -1.615e+14 -7.966e+12 -1.446e+13 0.02917 124.19629 1.8108e+13 1.8108e+13 1.5996e+13 1.0865e+13 3.6217e+12 35.77885 0.00 0.03777 0.29774 0.16375 145.39740 2.52222 32.43029 0.26061 0.08178 134.20647 12.06086 38.41885 0.6501 2.773e+13 1.328e+13
34 80 4.5271e+12 320.69 254.06 397.925 64.270 50 31.70819 12.87271 5.90046 -398.82 133.08 222.34 2.068e+13 9.416e+12 -3.279e+12 0.04632 64.27016 4.8289e+12 4.8289e+12 4.2253e+12 2.4145e+12 0.0000e+00 84.98061 11.05 0.05383 0.68163 0.44300 -33.39470 -77.54221 94.70891 0.70941 0.61153 -11.36774 -39.18565 99.98837 0.4924 5.201e+12 3.320e+12
35 82 9.0542e+11 178.37 109.50 232.708 53.402 109 33.48598 13.39455 5.99800 -361.99 -231.95 401.62 2.903e+12 -1.706e+11 -2.406e+12 0.33533 53.40242 9.0542e+11 1.5090e+12 0.0000e+00 0.0000e+00 0.0000e+00 120.52032 129.79 0.12937 0.00000 0.00000 0.00000 0.00000 0.00000 0.00000 0.00000 0.00000 0.00000 0.00000 25.5324 1.230e+13 6.036e+11
36 26 1.0352e+14 866.03 914.90 1129.455 186.645 362 71.10059 61.69388 53.17992 -46.41 -40.96 -741.67 2.742e+15 -2.823e+15 -3.698e+14 0.04022 258.41125 1.0352e+14 1.0412e+14 9.7182e+13 5.2213e+13 1.9617e+13 153.00735 167.08 0.05030 0.36492 0.29190 90.94927 129.00507 -92.94380 0.52689 0.32967 81.73673 78.55734 -41.15993 0.6552 9.353e+13 7.304e+13
37 26 8.1488e+12 520.64 455.41 484.052 22.693 30 71.43037 62.15549 52.82393 108.23 136.98 -789.27 -4.278e+13 2.985e+13 -5.218e+13 0.06125 22.69275 8.7524e+12 8.4506e+12 7.8470e+12 7.2434e+12 4.5271e+12 21.35933 28.18 0.06495 0.66960 0.47994 23.73034 70.33196 -18.98236 0.67108 0.45289 31.15979 63.52789 -7.97309 0.6369 1.192e+13 3.018e+12
38 126 6.0361e+11 165.91 0.00 203.289 30.506 52 99.31788 25.85000 69.24740 -181.40 51.49 247.34 1.000e+12 4.571e+11 -1.446e+11 0.09865 30.50626 6.0361e+11 6.0361e+11 6.0361e+11 0.0000e+00 0.0000e+00 118.29892 60.06 0.07475 0.00000 0.00000 0.00000 0.00000 0.00000 0.00000 0.00000 0.00000 0.00000 0.00000 0.0000 3.516e+12 3.018e+11
39 126 8.1488e+12 529.00 520.84 484.052 21.479 67 99.88073 24.94563 70.97398 -474.32 105.80 155.59 7.945e+12 -5.167e+13 -4.956e+13 0.04571 21.47936 8.1488e+12 8.1488e+12 7.8470e+12 7.2434e+12 6.3380e+12 19.09199 0.00 0.06340 0.84670 0.61279 15.93922 -38.03520 67.45953 0.81726 0.62594 23.60680 -21.97797 70.77705 0.8001 1.418e+13 2.414e+12
40 55 4.6780e+13 664.17 662.72 866.726 281.881 226 99.30913 22.43584 75.72575 -27.15 115.08 100.48 1.312e+14 3.078e+14 -2.269e+14 0.01703 199.33394 4.6780e+13 4.7987e+13 3.9839e+13 2.5955e+13 1.2676e+13 61.93620 28.69 0.01933 0.70421 0.36690 35.26429 -33.14173 109.47678 0.59593 0.31749 17.90734 -18.37396 92.47202 0.5816 4.062e+13 5.402e+13
41 44 7.9677e+13 778.00 805.00 1035.076 402.082 269 47.15508 28.19020 45.49524 238.78 -154.13 -46.22 -1.731e+15 3.769e+14 1.489e+15 0.03428 287.18332 8.0281e+13 8.0583e+13 7.2434e+13 3.5613e+13 1.5392e+13 31.20954 109.74 0.04557 0.71222 0.55697 119.40878 77.83955 83.07914 0.68143 0.64889 31.73154 54.11511 89.25761 0.6725 6.894e+13 9.265e+13
42 43 1.1770e+13 463.91 414.73 547.175 67.077 57 47.73361 28.60190 45.71614 -592.27 -177.13 -579.83 -6.122e+12 1.205e+14 6.100e+13 0.06001 67.07666 1.2072e+13 1.1770e+13 1.0261e+13 7.5452e+12 3.6217e+12 67.67481 21.88 0.06448 0.67052 0.45214 60.53308 9.07993 75.66344 0.80198 0.40746 4.48153 64.88210 30.27119 0.5410 1.073e+13 6.338e+12
43 45 2.7163e+12 261.30 322.57 335.623 68.097 60 70.73476 27.41345 5.83292 272.85 -438.19 -57.26 2.490e+12 -1.145e+13 -1.366e+13 0.06856 68.09738 2.7163e+12 3.0181e+12 2.7163e+12 1.2072e+12 0.0000e+00 57.53542 0.00 0.09886 0.57948 0.00000 99.05112 -55.53884 -68.74398 0.68819 0.42859 94.15599 -69.76468 6.57011 1.4791 1.043e+13 2.113e+12
44 46 7.5452e+12 348.02 352.74 471.792 175.525 69 72.01353 29.56540 5.66756 -69.44 -382.72 245.11 -7.749e+13 -1.311e+13 3.350e+13 0.04978 175.52518 7.5452e+12 7.5452e+12 6.0361e+12 3.0181e+12 0.0000e+00 100.54689 12.95 0.08549 0.80089 0.51495 -22.48001 10.47253 132.46317 0.52071 0.39514 83.66417 14.60064 77.16287 0.7491 9.195e+12 9.960e+12
45 47 1.5996e+13 560.10 489.06 606.080 50.325 48 71.65954 31.12046 5.92646 77.35 -786.58 245.33 -9.501e+12 -3.954e+13 -6.210e+13 0.01940 50.32452 1.5996e+13 1.6298e+13 1.5090e+13 9.9596e+12 5.4325e+12 66.34502 0.00 0.02123 0.81977 0.67140 65.21912 -7.49249 65.33457 0.71870 0.55018 33.38787 16.24047 63.76020 0.5931 2.008e+13 6.036e+12
46 48 1.0563e+13 448.80 378.93 527.789 63.752 83 72.84525 30.54502 6.52266 -310.36 -554.92 -92.64 -2.533e+12 5.281e+12 -6.090e+13 0.03277 63.75198 1.0563e+13 1.0865e+13 9.9596e+12 6.6398e+12 3.3199e+12 32.07457 0.00 0.03494 0.67006 0.34219 90.50500 -52.21609 -37.95515 0.73084 0.40353 66.49400 -59.82698 -4.70294 0.5245 1.012e+13 5.734e+12
47 72 5.7343e+12 343.09 289.16 430.549 74.551 51 66.63558 24.28692 89.42301 -131.84 -99.26 278.85 3.798e+11 1.560e+13 -5.550e+12 0.01791 74.55064 5.7343e+12 6.0361e+12 4.5271e+12 3.6217e+12 0.0000e+00 57.85079 127.46 0.02618 0.72151 0.06390 -56.58274 82.88677 6.63411 0.00000 0.00000 13.78632 -42.52434 44.96765 0.6634 6.541e+12 4.225e+12
48 73 1.5694e+13 572.75 467.07 602.244 44.507 167 66.09570 25.05089 89.32597 364.62 -218.39 109.21 4.908e+13 -2.913e+13 -3.477e+13 0.01900 44.50653 1.5694e+13 1.7203e+13 1.4185e+13 8.7524e+12 6.9416e+12 77.05332 0.00 0.01973 0.84089 0.42697 93.19392 20.95543 -38.65156 0.75752 0.56121 -25.32428 61.00442 -31.13547 0.5504 2.020e+13 6.942e+12
49 71 5.7343e+12 332.50 250.73 430.549 92.909 37 68.53316 22.40075 87.40995 99.24 233.79 168.21 -1.189e+13 -1.413e+13 1.067e+13 0.02878 92.90926 5.7343e+12 6.0361e+12 5.1307e+12 2.7163e+12 0.0000e+00 118.41185 0.00 0.03372 0.73585 0.35397 -13.49257 92.99832 114.41494 0.80058 0.57748 -41.00122 64.07272 99.95750 0.4632 5.244e+12 5.131e+12
50 49 2.2032e+13 518.77 504.01 674.340 150.104 141 81.30147 15.50220 2.03511 -175.10 157.35 -14.74 -1.131e+14 -1.651e+14 1.168e+14 0.02903 150.10403 2.2032e+13 2.3239e+13 1.9014e+13 1.2374e+13 0.0000e+00 98.95054 10.77 0.03887 0.72195 0.45602 -118.29903 -71.24895 106.41354 0.61456 0.28345 105.87929 55.84905 -70.42833 0.6507 2.148e+13 1.962e+13
51 52 3.7122e+13 630.03 610.41 802.428 149.240 148 96.61195 23.75824 50.63408 -45.67 -207.14 388.37 -2.510e+14 8.741e+13 1.785e+14 0.01910 153.27039 3.7122e+13 3.7424e+13 3.3802e+13 2.4446e+13 6.6398e+12 63.85168 34.15 0.02251 0.82243 0.59928 108.01170 -75.95267 -64.82066 0.51505 0.45270 90.42226 -18.84031 79.67224 0.6009 3.383e+13 2.988e+13
52 53 1.8712e+13 585.62 549.41 638.609 54.764 111 97.18422 23.55198 52.83594 -90.90 -37.38 -74.91 6.701e+13 2.698e+13 2.121e+14 0.04484 54.76425 1.8712e+13 1.8712e+13 1.7203e+13 1.3581e+13 6.3380e+12 68.20132 0.00 0.04936 0.71350 0.61007 14.18885 54.21994 79.91135 0.59324 0.39847 8.23474 63.91412 62.04070 0.6221 2.101e+13 9.960e+12
53 60 8.4506e+12 376.18 322.44 489.956 110.855 43 42.97379 83.17078 45.29739 117.44 355.75 107.98 -3.679e+13 -1.305e+14 1.249e+13 0.06946 110.85538 8.4506e+12 8.4506e+12 6.6398e+12 0.0000e+00 0.0000e+00 75.01103 0.00 0.11281 0.23176 0.01281 -40.10539 247.70946 144.02921 0.00000 0.00000 0.00000 0.00000 0.00000 0.6777 7.890e+12 7.847e+12
54 61 3.3802e+13 609.25 645.86 777.757 140.137 191 42.75315 85.46229 45.71512 209.85 55.91 -18.05 -6.474e+13 -3.038e+14 -1.508e+13 0.01923 150.98650 3.3802e+13 3.4708e+13 3.0181e+13 2.0523e+13 6.6398e+12 52.49595 18.06 0.02556 0.62001 0.44263 130.32800 -8.96241 -2.43306 0.53760 0.34141 97.50567 26.81206 -2.53673 0.6957 3.046e+13 2.475e+13
55 62 5.2816e+13 669.09 668.33 902.507 320.625 240 42.59257 41.44094 81.58633 166.74 -249.78 -247.76 1.665e+14 4.920e+14 -2.612e+14 0.01915 302.45511 5.2816e+13 5.5231e+13 4.5271e+13 2.6257e+13 7.5452e+12 28.55960 6.53 0.02271 0.47389 0.33902 -16.70671 118.46077 104.86319 0.80905 0.44039 -9.56507 87.49787 47.92181 0.5898 4.681e+13 6.338e+13
56 51 2.8672e+13 574.60 579.46 736.228 146.723 136 4.75383 4.92546 77.78123 -31.36 423.23 180.26 2.719e+13 -1.993e+14 -1.575e+14 0.02199 146.72301 2.8672e+13 2.8672e+13 2.6861e+13 1.6298e+13 2.7163e+12 100.29091 0.00 0.02763 0.76559 0.41816 -11.76389 122.71646 70.73310 0.83603 0.31315 -5.01448 93.16387 58.10249 0.6441 2.618e+13 2.505e+13
57 50 1.5090e+13 438.79 411.01 594.421 217.316 92 4.53538 6.31685 76.08945 -82.38 138.07 384.03 2.120e+13 4.971e+13 6.323e+13 0.01808 217.31583 1.5090e+13 1.6298e+13 1.1770e+13 1.5090e+12 0.0000e+00 67.52888 0.00 0.02622 0.24535 0.12098 16.73653 -100.53481 204.22342 0.44133 0.19376 -24.86832 -78.81025 107.14554 0.6525 1.700e+13 2.324e+13
58 54 5.1005e+13 679.65 718.47 892.072 219.358 243 34.77294 6.82810 40.98669 80.37 467.79 -27.04 -1.008e+14 2.353e+14 1.528e+14 0.00950 215.88336 5.1005e+13 5.2816e+13 4.4969e+13 2.7766e+13 1.0261e+13 48.96673 36.57 0.01235 0.75404 0.47081 65.84058 -84.62124 85.39393 0.84775 0.45867 47.66505 -17.46434 91.72669 0.6725 4.478e+13 4.950e+13
59 65 7.8470e+12 366.12 426.88 478.001 110.370 91 92.28867 22.88273 1.10378 -291.18 -180.79 -55.74 9.643e+13 -7.938e+13 -4.529e+13 0.04108 110.36991 7.8470e+12 7.8470e+12 5.4325e+12 2.4145e+12 0.0000e+00 53.13609 32.04 0.12454 0.43470 0.09697 40.11825 53.59202 107.20920 0.31186 0.02207 11.97823 -0.13505 88.58113 1.0825 1.360e+13 7.847e+12
60 64 1.1167e+13 401.51 382.25 537.657 161.461 88 91.34513 24.00978 1.10864 -134.72 -626.49 -133.97 -9.725e+13 -4.068e+13 6.536e+13 0.03750 161.46141 1.1167e+13 1.2374e+13 6.9416e+12 0.0000e+00 0.0000e+00 54.04046 0.00 0.06458 0.50595 0.34673 -94.91882 169.19524 -16.03995 0.00000 0.00000 0.00000 0.00000 0.00000 0.7329 2.030e+13 1.449e+13
61 63 1.2072e+12 212.17 146.30 256.128 35.406 43 90.44704 25.65033 1.16871 -129.18 -756.59 39.76 2.923e+12 2.819e+12 -5.542e+12 0.05025 35.40590 1.2072e+12 1.2072e+12 1.2072e+12 0.0000e+00 0.0000e+00 79.41734 0.00 0.14580 0.43291 0.10313 -74.21736 128.06313 53.07272 0.00000 0.00000 0.00000 0.00000 0.00000 0.7792 2.919e+12 0.000e+00
62 56 6.0361e+11 152.82 0.00 203.289 56.310 54 25.88002 29.43725 63.21550 373.35 -165.17 -44.13 1.967e+12 -7.894e+11 1.734e+12 0.30254 56.31025 6.0361e+11 6.0361e+11 0.0000e+00 0.0000e+00 0.0000e+00 184.85298 114.36 0.18448 0.00000 0.00000 0.00000 0.00000 0.00000 0.00000 0.00000 0.00000 0.00000 0.00000 0.0000 5.298e+12 6.036e+11
63 57 1.7505e+13 474.60 450.36 624.569 154.864 111 27.46023 29.08698 63.58672 103.60 -13.91 -38.24 4.529e+13 6.007e+13 3.840e+13 0.01683 154.86440 1.7505e+13 1.7505e+13 1.5090e+13 7.2434e+12 2.4145e+12 27.36118 0.00 0.02079 0.41974 0.33017 -72.08141 14.95968 146.66743 0.51231 0.35001 -57.15314 47.97358 67.55697 0.5907 2.539e+13 1.750e+13
64 58 1.1167e+13 422.30 398.91 537.657 102.441 67 28.74425 28.59027 64.04842 -29.90 92.67 -340.66 -4.908e+13 1.351e+14 -2.644e+13 0.06177 102.44117 1.1167e+13 1.2072e+13 9.3560e+12 6.9416e+12 0.0000e+00 69.02276 0.00 0.07609 0.63640 0.50558 -81.52613 89.80899 -8.38225 0.72833 0.13096 -49.42627 79.41740 -15.09643 0.6027 1.103e+13 8.752e+12
65 59 5.1911e+13 675.72 699.10 897.320 360.319 231 39.21265 22.84494 60.38475 215.85 262.23 -197.79 6.018e+14 -1.251e+14 -4.230e+13 0.02072 243.84323 5.1911e+13 5.3118e+13 4.6478e+13 2.5050e+13 1.1469e+13 30.94829 39.04 0.02477 0.60370 0.39363 -4.15426 14.32016 132.71158 0.81419 0.46029 -2.45854 2.74166 93.19550 0.6188 4.613e+13 6.338e+13
66 66 2.5352e+13 525.45 522.06 706.639 225.473 162 33.84136 14.12016 43.07152 390.89 154.42 -109.86 -2.152e+14 6.046e+13 -2.197e+14 0.03208 225.47266 2.5352e+13 2.7464e+13 1.7203e+13 1.2676e+13 4.2253e+12 103.48832 0.00 0.04162 0.76635 0.44487 11.80777 121.81602 7.32038 0.81721 0.30384 -22.67422 75.32574 46.22907 0.6322 2.413e+13 3.199e+13
67 67 2.7163e+12 256.16 126.02 335.623 79.931 53 35.49830 15.69521 43.86190 351.94 48.71 -634.10 3.921e+12 6.659e+12 5.057e+12 0.04267 79.93053 2.7163e+12 3.3199e+12 2.4145e+12 0.0000e+00 0.0000e+00 55.06536 0.00 0.05073 0.34966 0.26902 144.86081 13.77671 -20.58147 0.00000 0.00000 0.00000 0.00000 0.00000 0.2652 6.773e+12 2.716e+12
68 75 6.3380e+12 335.10 269.24 445.155 121.448 69 52.25472 56.72001 37.02352 488.26 -363.83 99.54 1.478e+13 -4.125e+12 -7.792e+11 0.01734 121.44772 6.3380e+12 6.3380e+12 5.7343e+12 3.0181e+12 0.0000e+00 24.46457 0.00 0.02056 0.61268 0.12948 1.97061 54.67898 120.68906 0.65452 0.08730 73.42955 48.38758 23.36341 0.4986 8.264e+12 6.338e+12
69 74 1.8410e+13 505.02 490.99 635.157 111.541 126 53.44598 55.48077 37.22422 65.11 -85.35 -61.86 -4.696e+13 -2.261e+13 -4.658e+12 0.00979 111.54095 1.8410e+13 1.8712e+13 1.6298e+13 1.1167e+13 0.0000e+00 23.12354 0.00 0.01184 0.45279 0.30388 -90.80295 129.42041 56.74899 0.21835 0.04547 -69.11299 78.13614 96.39353 0.6176 2.044e+13 1.388e+13
70 69 3.1690e+13 601.54 628.51 761.203 269.895 172 66.55797 95.39576 66.39640 -107.55 380.32 -207.01 8.473e+13 -1.879e+14 -4.912e+13 0.01443 139.15665 3.1690e+13 3.3199e+13 2.7464e+13 1.6298e+13 8.1488e+12 115.16752 6.22 0.01939 0.78325 0.51373 -8.18740 109.03488 53.25368 0.65927 0.55948 22.20174 24.30862 81.56965 0.6991 3.141e+13 4.587e+13
71 77 3.1388e+13 592.79 589.13 758.779 167.038 201 52.65675 44.49225 44.49637 21.28 -234.15 31.97 -8.717e+14 1.636e+14 -3.281e+14 0.06738 150.14062 3.1388e+13 3.1388e+13 2.9275e+13 1.9316e+13 0.0000e+00 9.77556 10.07 0.08794 0.24852 0.21646 -28.82981 -71.36583 181.33522 0.11900 0.05201 -3.13721 -36.06675 158.34381 0.6618 2.829e+13 2.928e+13
72 97 3.3199e+12 263.93 312.52 358.841 146.730 68 77.37697 73.18285 55.40151 -235.57 -157.43 -382.76 -1.648e+12 -6.075e+13 2.987e+13 0.16647 146.73033 3.3199e+12 3.3199e+12 2.4145e+12 3.0181e+11 0.0000e+00 47.06718 57.71 0.26623 0.18908 0.10433 71.75448 100.38226 18.94754 0.00000 0.00000 0.00000 0.00000 0.00000 1.4161 4.367e+12 4.527e+12
73 98 1.5694e+13 531.76 506.54 602.244 60.900 150 79.18143 74.47729 56.18965 -513.15 -172.21 -259.54 -2.549e+12 -2.504e+13 5.154e+13 0.01435 60.90047 1.5694e+13 1.6298e+13 1.4487e+13 1.1469e+13 6.0361e+12 40.78745 0.00 0.01693 0.76576 0.64181 87.50996 -26.41750 -52.00812 0.68462 0.61744 -62.75705 -0.86011 67.85940 0.6532 1.553e+13 8.752e+12
74 68 4.6177e+13 658.08 674.27 862.982 264.150 217 64.86971 4.84276 71.53017 3.60 138.20 -136.22 3.199e+14 1.428e+14 -1.064e+14 0.01484 207.14320 4.6177e+13 4.9195e+13 3.8330e+13 2.3843e+13 1.0563e+13 75.01810 32.24 0.01789 0.65651 0.38345 70.41650 112.94834 9.26580 0.66490 0.38198 52.59979 89.74910 1.68834 0.6215 4.110e+13 5.402e+13
75 29 3.2293e+13 610.51 608.47 766.006 143.343 140 43.21322 18.35390 44.68880 71.92 216.21 -681.65 -4.559e+13 1.491e+14 -3.038e+14 0.02681 132.50417 3.2293e+13 3.2595e+13 3.0181e+13 2.1428e+13 7.5452e+12 108.51317 20.30 0.03029 0.70002 0.38790 -66.07555 40.00841 95.31609 0.70653 0.44040 -51.87577 39.08033 74.84408 0.5985 2.983e+13 2.656e+13
76 30 1.5090e+13 489.50 440.65 594.421 84.848 61 44.50415 18.43260 43.57310 -241.32 178.07 37.87 -4.434e+13 -1.491e+14 -1.195e+14 0.04816 84.84771 1.5090e+13 1.5090e+13 1.3280e+13 6.6398e+12 3.9235e+12 52.60238 10.75 0.06183 0.29191 0.24025 55.84863 -58.81581 81.69530 0.31950 0.13042 42.59983 -55.33094 64.08571 0.6338 1.293e+13 7.243e+12
77 76 4.8893e+13 666.46 645.82 879.581 249.552 214 65.60926 64.26639 39.12175 -76.21 -17.14 218.61 -4.474e+14 -8.241e+14 1.217e+14 0.03723 224.22131 4.8893e+13 5.0100e+13 4.2857e+13 2.8672e+13 7.2434e+12 76.89075 25.11 0.04201 0.77255 0.61711 4.86388 -31.78181 132.23018 0.89592 0.69629 24.24743 -4.63728 101.29192 0.5613 4.217e+13 5.251e+13
78 79 3.8330e+13 613.82 606.57 811.034 231.198 167 89.78011 34.95510 66.20175 -24.38 -215.61 -230.99 -5.192e+14 -1.123e+14 -2.670e+13 0.02933 209.12115 3.8330e+13 3.8330e+13 3.5311e+13 1.9014e+13 6.9416e+12 88.04427 38.10 0.03546 0.79169 0.38880 68.14926 107.12670 -41.71049 0.42736 0.29315 0.61790 7.72693 91.68636 0.6069 3.411e+13 4.105e+13
79 83 9.3560e+12 410.59 381.03 506.864 79.408 92 66.55531 25.77984 15.79006 70.51 -24.74 -127.41 -2.731e+13 -8.942e+13 -1.080e+13 0.04945 79.40834 9.3560e+12 1.0261e+13 8.1488e+12 6.3380e+12 0.0000e+00 31.11816 26.64 0.06581 0.90635 0.56463 124.15789 19.96996 2.64164 0.52045 0.17543 105.13367 42.19101 -4.76469 0.6484 1.105e+13 6.942e+12
80 84 2.4748e+13 575.35 568.53 700.985 101.894 112 39.55367 4.19138 5.18307 85.23 452.81 195.84 6.459e+13 -2.007e+14 1.808e+14 0.03212 101.89416 2.4748e+13 2.5654e+13 2.1428e+13 1.8410e+13 7.2434e+12 82.28396 0.00 0.03838 0.87657 0.34350 88.58736 -98.27473 -25.16352 0.84746 0.27430 94.29671 -67.52595 29.40039 0.6352 2.748e+13 1.781e+13
81 85 1.6901e+13 473.63 425.35 617.306 140.478 87 39.45976 4.93614 5.84285 -198.80 161.43 -129.01 1.071e+14 2.049e+13 2.208e+14 0.05652 140.47829 1.6901e+13 1.9316e+13 1.4185e+13 9.6578e+12 2.1127e+12 52.07272 11.70 0.06427 0.76568 0.71859 28.18750 -39.80929 108.98098 0.60515 0.28655 -28.05849 8.71099 93.25257 0.5305 1.638e+13 1.539e+13
82 117 6.0361e+11 174.62 0.00 203.289 23.372 134 70.07200 72.90263 47.89597 -17.86 -134.61 328.44 0.000e+00 0.000e+00 0.000e+00 0.00000 23.37207 6.0361e+11 6.0361e+11 6.0361e+11 3.0181e+11 0.0000e+00 101.45852 0.00 0.00000 0.00000 0.00000 0.00000 0.00000 0.00000 0.00000 0.00000 0.00000 0.00000 0.00000 0.0000 9.721e+12 0.000e+00
83 161 1.2072e+12 205.53 230.37 256.128 42.458 64 69.09439 76.95891 47.99105 -77.88 -11.61 -184.12 3.140e+12 -4.489e+12 1.082e+12 0.09878 42.45848 1.2072e+12 1.2072e+12 1.2072e+12 0.0000e+00 0.0000e+00 69.23099 0.00 0.11851 0.78336 0.55197 108.70471 -35.73951 26.89063 0.00000 0.00000 0.00000 0.00000 0.00000 2.3694 5.806e+12 3.018e+11
84 93 4.0140e+13 620.43 610.30 823.610 545.599 131 79.34566 85.48724 5.09686 -0.96 139.70 108.04 2.337e+14 -4.305e+14 2.052e+14 0.02707 222.95638 4.0140e+13 4.1649e+13 3.5613e+13 1.9014e+13 7.8470e+12 124.14507 56.02 0.03278 0.53098 0.40558 -81.66914 62.12600 78.64119 0.59867 0.39892 65.08088 -52.05496 -31.96668 0.6075 3.599e+13 5.674e+13
85 94 6.6398e+12 372.90 334.69 452.111 63.974 66 79.79612 85.26153 4.67842 -399.45 510.63 616.19 -1.376e+13 -3.728e+13 -1.932e+13 0.04354 63.97443 6.6398e+12 6.6398e+12 6.3380e+12 4.2253e+12 0.0000e+00 13.64128 45.96 0.05471 0.67418 0.54497 -64.30196 -55.83754 66.45161 0.29145 0.07040 87.86765 17.56090 39.13852 0.6253 9.555e+12 4.225e+12
86 87 9.0542e+12 404.15 318.04 501.354 80.857 51 42.40704 29.84969 75.14818 317.49 72.07 -173.58 6.914e+12 8.800e+12 1.670e+13 0.01408 80.85726 9.0542e+12 9.0542e+12 8.4506e+12 6.0361e+12 1.8108e+12 64.29532 0.00 0.01484 0.92981 0.54862 22.05542 33.04669 97.55007 0.70027 0.26560 19.79472 25.65676 92.73721 0.4581 1.008e+13 6.338e+12
87 88 8.1488e+12 355.96 278.24 484.052 199.616 41 43.44918 30.43229 75.36037 65.11 -68.54 -388.99 4.302e+13 -7.483e+11 3.712e+13 0.04022 199.61635 8.1488e+12 8.1488e+12 5.4325e+12 2.7163e+12 0.0000e+00 47.42269 14.02 0.05002 0.39542 0.15418 -32.14607 124.99686 -55.33382 0.93703 0.60123 48.91608 -55.94017 48.51638 0.4965 6.979e+12 1.026e+13
88 90 7.8470e+12 381.97 301.14 478.001 81.320 56 46.37363 30.43051 73.46874 -164.33 -63.73 -106.25 -1.113e+13 3.346e+13 6.047e+12 0.02982 81.31965 7.8470e+12 7.8470e+12 7.2434e+12 3.9235e+12 1.2072e+12 34.98502 18.69 0.03354 0.76975 0.30539 -25.95437 77.42040 73.82360 0.60126 0.27232 -43.58297 28.85099 74.91970 0.4969 7.770e+12 5.131e+12
89 89 3.9235e+12 283.49 232.91 379.390 113.025 40 44.64936 30.53002 74.11121 101.59 -103.38 -66.36 -1.380e+13 1.046e+13 1.802e+13 0.04343 113.02486 3.9235e+12 3.9235e+12 3.0181e+12 6.0361e+11 0.0000e+00 79.16362 0.00 0.07437 0.71994 0.02647 -25.49404 184.95320 63.96003 0.00000 0.00000 0.00000 0.00000 0.00000 0.6772 5.614e+12 3.923e+12
90 96 2.3843e+13 596.67 563.53 692.330 78.349 181 38.94819 83.68411 96.23675 200.98 184.05 61.00 1.261e+14 5.870e+13 -5.538e+13 0.01859 78.34892 2.3843e+13 2.4748e+13 2.2032e+13 1.5090e+13 5.7343e+12 76.02795 8.83 0.02201 0.75048 0.57301 35.08737 92.67096 32.12230 0.90235 0.77436 67.03181 -27.44518 35.14024 0.6335 2.417e+13 1.328e+13
91 70 2.2636e+13 611.07 606.19 680.443 63.821 148 90.47445 12.14546 99.29871 -138.25 343.36 153.11 -7.379e+13 7.222e+13 2.388e+14 0.03250 63.82101 2.2636e+13 2.2636e+13 1.9014e+13 1.5694e+13 8.4506e+12 42.24741 0.00 0.04172 0.92421 0.73516 86.94487 32.11917 33.24854 0.75922 0.52054 65.86681 49.70998 14.55944 0.7112 2.067e+13 1.117e+13
92 86 2.8672e+13 629.17 614.98 736.228 86.782 169 86.50464 14.27233 0.16219 -71.68 26.43 79.21 3.150e+13 -8.316e+13 1.435e+14 0.01536 86.78150 2.8974e+13 2.9879e+13 2.6257e+13 1.5392e+13 9.6578e+12 133.59648 12.00 0.01826 0.79967 0.42071 54.17209 84.42175 -35.69456 0.70770 0.43549 51.08165 50.30543 -40.29740 0.6452 2.871e+13 1.418e+13
93 16 9.9596e+12 390.48 374.82 517.538 137.759 76 71.15285 24.48561 4.08305 174.05 -517.51 124.05 7.791e+13 1.450e+13 8.155e+13 0.04719 137.75851 9.9596e+12 9.9596e+12 8.4506e+12 4.2253e+12 0.0000e+00 116.66998 41.56 0.07164 0.37727 0.16515 -12.48444 125.68433 48.08060 0.05727 0.00000 32.30989 131.44678 30.70696 0.6997 1.114e+13 1.026e+13
94 95 2.2032e+13 504.69 480.57 674.340 196.855 150 66.09866 92.55893 27.17064 209.35 334.21 25.86 1.348e+14 4.801e+12 4.733e+13 0.02056 196.85457 2.2032e+13 2.3239e+13 1.9316e+13 1.0865e+13 4.5271e+12 67.65546 0.00 0.02397 0.55162 0.25858 12.78679 22.43738 129.29343 0.78759 0.29920 -10.55297 -50.31097 69.56236 0.5599 1.946e+13 2.445e+13
95 100 2.7766e+13 559.45 545.98 728.395 164.319 137 52.33640 52.58200 39.36885 189.24 -125.78 -150.03 -8.252e+13 -2.128e+14 3.599e+13 0.02267 164.31856 2.7766e+13 2.7766e+13 2.3239e+13 1.6599e+13 6.9416e+12 51.97658 0.00 0.02636 0.81921 0.56596 -25.97063 92.81338 -86.11291 0.84436 0.39499 -47.57352 -30.02357 78.74603 0.5846 2.420e+13 2.475e+13
96 102 2.3843e+13 535.12 521.09 692.330 148.432 154 67.53909 81.66420 47.53608 2.36 61.95 -188.09 -4.640e+13 -9.438e+13 8.782e+13 0.01610 148.43233 2.3843e+13 2.5050e+13 2.0825e+13 1.2374e+13 0.0000e+00 77.16490 0.00 0.02015 0.68597 0.34263 -36.03651 124.38178 -54.80016 0.63584 0.25096 -26.56158 96.27631 -58.43045 0.6293 2.110e+13 2.082e+13
97 108 2.7163e+13 562.18 582.14 723.078 148.216 154 78.56829 25.47029 79.45260 -151.19 -195.96 -86.89 -2.395e+14 -3.759e+14 3.094e+14 0.04654 148.21638 2.7163e+13 2.8068e+13 2.4446e+13 1.4487e+13 3.6217e+12 116.57329 0.00 0.06420 0.50132 0.33455 -70.55018 31.55314 125.74170 0.46690 0.37788 71.19012 -58.76034 -50.72157 0.7014 2.397e+13 2.354e+13
98 109 4.0744e+13 678.97 723.52 827.718 165.565 154 37.93285 10.30386 9.03787 -150.71 256.74 -70.49 8.965e+14 -3.642e+14 8.430e+14 0.05588 120.71210 4.0744e+13 4.1348e+13 3.9839e+13 2.9577e+13 6.9416e+12 186.84689 29.87 0.07727 0.46225 0.40119 -42.62241 77.10335 122.17323 0.42054 0.26542 -15.57012 45.38363 99.76656 0.7305 4.056e+13 3.682e+13
99 105 2.2334e+13 560.63 510.84 677.405 94.103 138 81.79423 29.89894 66.93034 -30.15 -80.45 3.94 2.123e+14 -2.227e+14 6.197e+13 0.04649 94.10268 2.2334e+13 2.2636e+13 2.0523e+13 1.5996e+13 1.8108e+12 28.75595 7.59 0.05147 0.88385 0.82525 17.58396 62.89757 110.62610 0.79105 0.67374 -49.22767 -19.07017 100.01075 0.5679 2.129e+13 1.539e+13
100 92 3.6217e+13 638.81 657.36 795.850 120.124 132 69.47942 38.00702 55.47105 -45.04 -170.80 -18.26 -6.129e+14 3.589e+14 1.561e+14 0.04179 131.71066 3.6217e+13 3.6519e+13 3.3501e+13 2.2032e+13 9.0542e+12 135.74846 20.16 0.05328 0.52865 0.34225 64.14525 133.02631 16.39806 0.53353 0.44968 72.82665 66.43408 36.49403 0.6740 3.456e+13 2.565e+13
101 112 1.8108e+12 225.19 317.76 293.194 66.142 61 61.12686 9.16744 86.95403 169.22 99.17 117.55 -7.396e+12 -2.668e+13 2.253e+13 0.41500 66.14246 1.8108e+12 1.8108e+12 0.0000e+00 0.0000e+00 0.0000e+00 116.70329 0.00 0.38537 0.61404 0.20320 91.97858 73.51266 164.77187 0.00000 0.00000 0.00000 0.00000 0.00000 2.8046 7.776e+12 1.509e+12
102 113 1.7203e+13 489.47 447.75 620.959 115.465 88 62.40860 9.55880 89.07937 71.03 152.70 -38.81 1.878e+13 -1.158e+14 4.282e+13 0.02562 115.46494 1.7203e+13 1.7203e+13 1.5090e+13 1.0261e+13 1.2072e+12 37.29278 0.00 0.03164 0.62603 0.21885 59.98127 7.59123 151.70990 0.32375 0.18071 36.76485 -7.57334 115.19176 0.5931 1.530e+13 1.358e+13
103 106 2.5955e+13 564.34 543.08 712.203 127.896 104 1.82150 18.86127 53.15010 -148.01 331.03 -137.83 4.544e+13 -5.303e+13 -1.567e+13 0.00784 127.89602 2.5955e+13 2.5955e+13 2.4748e+13 1.6298e+13 2.4145e+12 67.00831 0.00 0.00914 0.57137 0.36972 -16.40731 127.63344 57.05511 0.26014 0.20831 -43.81454 90.09594 52.56252 0.5958 2.477e+13 2.082e+13
104 107 6.0361e+12 324.29 325.98 437.973 150.169 32 0.95831 20.31348 53.76300 -101.25 -19.58 -145.18 5.711e+13 -3.090e+13 -6.692e+13 0.05240 150.16910 6.0361e+12 6.0361e+12 3.6217e+12 6.0361e+11 0.0000e+00 71.01331 25.84 0.13534 0.10567 0.05615 106.20415 167.29427 -101.07014 0.00000 0.00000 0.00000 0.00000 0.00000 0.8706 5.241e+12 6.640e+12
105 101 2.0221e+13 560.45 523.15 655.334 76.967 141 90.31520 90.95775 23.09962 -76.81 366.47 -53.13 -1.004e+14 -7.388e+13 1.826e+14 0.03942 76.96683 2.0221e+13 2.0523e+13 1.8712e+13 1.4789e+13 5.7343e+12 86.24132 0.00 0.04278 0.79937 0.78068 50.95727 71.64065 50.23320 0.95165 0.73341 57.30812 60.17159 -4.47862 0.5845 1.934e+13 1.207e+13
106 128 2.6257e+13 606.59 635.98 714.953 87.330 80 51.93902 40.65054 48.35844 120.35 -272.45 -121.22 -5.055e+14 1.498e+14 -1.872e+14 0.04881 87.32995 2.6257e+13 2.6861e+13 2.5050e+13 1.8712e+13 4.5271e+12 147.47374 0.00 0.07006 0.30477 0.19544 -41.62017 65.54137 190.87932 0.14494 0.02432 -26.25650 99.04659 185.04967 0.7537 2.616e+13 1.479e+13
107 128 1.1167e+13 485.32 451.69 537.657 49.318 58 51.84374 40.73522 48.67799 292.07 99.29 -345.78 6.139e+13 -9.231e+13 4.121e+12 0.05074 49.31823 1.1167e+13 1.1770e+13 1.0261e+13 8.1488e+12 4.2253e+12 67.84462 10.71 0.05776 0.41157 0.29704 -1.38507 2.52657 109.51180 0.64129 0.19944 -24.09732 -5.07531 80.12312 0.6248 1.180e+13 5.131e+12
108 121 1.1167e+13 465.78 376.99 537.657 59.363 92 95.96223 95.63009 92.21826 57.98 498.30 367.21 -5.556e+13 -1.220e+13 -1.198e+13 0.02807 59.36334 1.1167e+13 1.2072e+13 1.0261e+13 5.7343e+12 3.6217e+12 92.62237 0.00 0.03026 0.67827 0.52393 80.19415 44.98203 -2.28179 0.81572 0.62446 29.86505 64.03646 4.64239 0.5106 1.215e+13 5.433e+12
109 122 3.6217e+12 272.52 207.77 369.401 137.078 45 97.15606 97.48447 93.25944 40.38 385.59 327.46 6.272e+12 1.039e+13 1.030e+12 0.02986 137.07812 3.6217e+12 3.6217e+12 2.1127e+12 1.2072e+12 0.0000e+00 79.46690 12.16 0.04142 0.32878 0.12188 72.26372 81.00278 54.81328 0.54147 0.26451 37.12022 45.83100 49.02839 0.5221 5.978e+12 5.734e+12
110 123 5.4325e+12 318.04 271.06 422.859 116.466 80 75.77289 31.99391 61.87122 85.11 -172.09 -60.83 -1.563e+13 -6.378e+12 -1.142e+13 0.02070 116.46601 5.4325e+12 5.7343e+12 3.0181e+12 3.0181e+11 0.0000e+00 91.61588 0.00 0.03525 0.47706 0.01021 -63.59618 -92.06407 90.78445 0.00000 0.00000 0.00000 0.00000 0.00000 0.6818 6.776e+12 6.338e+12
111 124 1.5090e+12 206.99 167.94 275.906 78.229 55 78.51997 30.44019 64.06339 -17.58 112.91 -6.28 5.089e+12 -1.681e+12 1.509e+12 0.01502 78.22916 1.5090e+12 1.5090e+12 1.2072e+12 0.0000e+00 0.0000e+00 84.44173 33.77 0.08146 0.35531 0.00000 111.14613 -12.35313 -93.24864 0.00000 0.00000 0.00000 0.00000 0.00000 0.9464 4.437e+12 1.509e+12
112 116 2.3541e+13 560.07 562.56 689.397 106.206 132 87.20302 51.53088 70.39713 -197.13 -414.30 -249.18 6.342e+13 1.664e+14 1.856e+14 0.03117 106.20570 2.3541e+13 2.3541e+13 2.2334e+13 1.7203e+13 6.9416e+12 80.22319 0.00 0.03864 0.48969 0.39825 18.73792 -70.80949 114.52999 0.54655 0.44646 -6.71304 -41.66623 95.54228 0.6578 2.211e+13 1.720e+13
113 110 1.5090e+12 215.43 117.04 275.906 54.805 34 60.13456 79.35986 32.51847 319.11 182.47 -144.09 -1.178e+12 1.233e+12 -1.754e+12 0.02533 54.80526 1.5090e+12 1.8108e+12 1.2072e+12 6.0361e+11 0.0000e+00 74.01832 37.47 0.03579 0.86027 0.41568 24.48525 47.69114 -46.44841 0.00000 0.00000 0.00000 0.00000 0.00000 0.3931 3.086e+12 1.207e+12
114 111 7.5452e+12 370.12 316.62 471.792 90.643 70 60.08628 83.00799 33.72642 293.15 33.66 27.18 6.396e+12 -5.486e+13 -3.826e+13 0.04998 90.64314 7.5452e+12 7.5452e+12 7.2434e+12 1.8108e+12 0.0000e+00 69.26921 0.00 0.06724 0.65871 0.06696 -4.49635 141.12378 -23.50892 0.32023 0.07710 90.60345 0.90657 37.45361 0.6034 8.965e+12 6.036e+12
115 127 1.8410e+13 539.92 503.01 635.157 76.847 91 96.13273 28.77746 64.00429 -73.44 115.92 124.02 8.502e+13 -1.692e+14 -6.180e+13 0.04071 76.84712 1.8410e+13 1.8410e+13 1.6599e+13 1.4185e+13 3.9235e+12 65.48502 2.96 0.04507 0.63481 0.29852 67.42256 29.44102 101.47243 0.51232 0.23071 37.96801 26.62695 95.95836 0.5841 1.923e+13 1.117e+13
116 125 9.3560e+12 383.21 321.55 506.864 132.073 130 57.55674 29.90538 28.37550 -32.94 -165.66 364.11 5.932e+12 -1.667e+13 2.730e+12 0.01015 132.07314 9.3560e+12 9.9596e+12 8.4506e+12 2.7163e+12 0.0000e+00 64.53156 16.82 0.01252 0.72809 0.21128 3.26732 106.06087 -90.04224 0.32817 0.05519 -7.56816 48.94498 -48.31525 0.5305 1.349e+13 9.658e+12
117 118 1.4487e+13 472.91 436.72 586.388 94.314 82 29.38746 24.88513 15.38754 323.24 -443.63 27.68 -1.497e+13 -4.643e+13 7.508e+13 0.02641 94.31413 1.4487e+13 1.4487e+13 1.3883e+13 7.8470e+12 3.3199e+12 70.15105 0.00 0.03021 0.83939 0.29988 72.30647 -18.96644 -62.17408 0.77226 0.20102 -50.56721 17.56795 56.40688 0.5820 1.404e+13 1.056e+13
118 119 2.7163e+12 252.87 226.42 335.623 90.684 40 32.04239 24.54322 16.56228 105.50 -460.12 16.69 4.048e+12 -7.126e+12 7.959e+12 0.01283 90.68421 2.7163e+12 2.7163e+12 1.8108e+12 1.5090e+12 0.0000e+00 72.94464 102.55 0.06275 0.20028 0.03474 154.99672 -42.02872 37.81112 0.51704 0.19344 137.97382 -24.92015 38.68534 0.9589 4.401e+12 2.716e+12
119 131 2.3541e+13 538.66 513.63 689.397 136.273 121 61.07150 27.78592 86.82997 282.88 -253.31 136.85 3.638e+13 -1.038e+14 -5.531e+13 0.01526 136.27339 2.3541e+13 2.4145e+13 2.0221e+13 1.1469e+13 3.0181e+12 56.68181 0.00 0.01849 0.46375 0.30042 13.52362 -20.45567 127.69145 0.57709 0.37168 -0.94926 -46.10484 80.96004 0.6028 2.247e+13 1.901e+13
120 114 8.4506e+12 364.84 296.82 489.956 153.124 61 76.17642 30.90480 8.21572 -429.60 -337.59 53.97 8.504e+13 3.236e+13 -3.947e+13 0.06661 153.12434 8.4506e+12 8.4506e+12 7.2434e+12 3.3199e+12 0.0000e+00 59.29137 0.00 0.08217 0.79044 0.29886 -16.86793 -89.02617 103.36016 0.53197 0.03434 70.06585 -67.97096 -1.29534 0.5147 7.421e+12 9.658e+12
121 115 1.0261e+13 393.34 290.54 522.714 143.179 47 76.31789 31.26318 9.34887 -360.12 -463.34 -290.87 6.179e+13 4.628e+13 3.275e+13 0.04288 143.17946 1.0261e+13 1.0261e+13 9.0542e+12 1.5090e+12 0.0000e+00 28.11121 0.00 0.05027 0.17194 0.01514 29.09450 42.18932 83.91988 0.36654 0.00251 25.73677 35.79503 72.69582 0.4488 9.434e+12 1.087e+13
122 130 2.1730e+13 556.35 561.44 671.246 92.507 106 38.44233 52.06917 42.60131 319.93 -114.92 -39.15 4.202e+13 -8.297e+12 -1.388e+14 0.01977 92.50741 2.1730e+13 2.3239e+13 2.0523e+13 1.1770e+13 6.6398e+12 114.30606 3.19 0.02493 0.79428 0.58506 55.20564 -72.08537 54.72313 0.97423 0.59049 -10.19858 57.12259 50.92990 0.6677 1.974e+13 1.177e+13
123 132 9.0542e+11 171.33 43.93 232.708 91.502 104 86.27873 48.65355 79.01382 -34.37 -269.15 -316.86 1.235e+12 4.082e+11 -3.794e+12 0.04903 91.50161 9.0542e+11 9.0542e+11 0.0000e+00 0.0000e+00 0.0000e+00 163.42937 61.44 0.13746 0.00000 0.00000 0.00000 0.00000 0.00000 0.00000 0.00000 0.00000 0.00000 0.00000 0.5250 6.406e+12 1.509e+12
124 141 2.6559e+13 543.00 542.10 717.682 185.621 102 4.97275 12.56069 10.60669 -157.33 -160.64 -307.48 1.189e+14 2.403e+14 -2.553e+13 0.02697 185.62054 2.6559e+13 2.6559e+13 2.2636e+13 1.3581e+13 5.1307e+12 145.06023 0.00 0.03309 0.63507 0.32088 -25.52721 15.61009 117.04839 0.63112 0.23380 -34.95500 31.69801 69.18945 0.6142 2.366e+13 2.656e+13
125 138 9.6578e+12 510.77 464.19 512.257 31.548 101 66.39746 84.51733 46.55633 175.88 -48.39 -58.97 -4.177e+13 6.028e+13 -3.801e+13 0.04634 31.54828 9.6578e+12 1.0261e+13 9.0542e+12 6.6398e+12 5.4325e+12 33.89688 0.00 0.05478 0.52679 0.33404 -16.91611 63.35785 60.32641 0.69003 0.40171 6.90394 54.57949 41.96718 0.6816 1.362e+13 4.225e+12
126 137 7.2434e+12 347.73 277.25 465.416 138.885 100 41.63831 21.99742 13.88807 11.87 -226.10 162.22 -6.104e+13 1.037e+13 -2.703e+13 0.05819 138.88522 7.2434e+12 7.2434e+12 5.4325e+12 6.0361e+11 0.0000e+00 83.15733 24.25 0.07236 0.69850 0.64078 9.42948 126.84976 -2.68563 0.00000 0.00000 0.00000 0.00000 0.00000 0.5044 9.357e+12 8.149e+12
127 103 1.8108e+13 517.12 480.82 631.667 93.155 99 2.97074 0.97485 0.99509 -165.02 504.32 -76.06 -5.258e+13 -2.766e+13 -7.675e+13 0.01905 93.15475 1.8108e+13 1.8108e+13 1.7203e+13 1.2374e+13 0.0000e+00 39.58846 0.00 0.02258 0.69090 0.36529 14.48868 -38.74948 152.32806 0.40240 0.19910 20.52623 -12.62439 137.25179 0.6039 1.809e+13 1.237e+13
128 134 6.6398e+12 347.89 290.61 452.111 100.459 48 41.61673 1.26097 23.60552 411.03 279.08 77.95 -2.599e+13 -1.473e+12 2.608e+13 0.03440 100.45931 6.6398e+12 6.6398e+12 6.0361e+12 2.7163e+12 0.0000e+00 48.31416 48.95 0.04562 0.19043 0.02797 156.88077 -47.91820 -92.69799 0.46948 0.04461 61.79498 64.66449 -12.87344 0.5772 6.679e+12 6.036e+12
129 135 1.3883e+13 462.94 402.19 578.128 97.098 50 42.72615 1.30190 23.26711 27.99 362.74 106.05 -3.244e+13 4.793e+13 -5.857e+12 0.01975 97.09832 1.3883e+13 1.3883e+13 1.3280e+13 8.7524e+12 1.2072e+12 25.08544 0.00 0.02107 0.70717 0.35318 124.83818 -20.08787 -10.60246 0.22659 0.17533 82.13954 -37.21318 52.52611 0.5093 1.346e+13 1.056e+13
130 136 1.9617e+13 611.84 593.33 648.747 49.574 98 25.32831 58.17682 25.33321 262.43 -79.83 184.14 -3.093e+13 2.596e+12 3.986e+13 0.00916 49.57412 1.9617e+13 1.9919e+13 1.8712e+13 1.5392e+13 8.7524e+12 52.91589 0.00 0.01028 0.75208 0.52002 71.38966 46.01938 -53.49693 0.78012 0.48243 83.80390 -15.17246 -19.21726 0.6655 2.280e+13 8.752e+12
131 142 1.8410e+13 541.14 473.88 635.157 75.995 96 37.56740 27.20450 50.15134 497.76 -179.92 -143.05 -3.647e+13 6.543e+13 -2.334e+12 0.01722 75.99476 1.8410e+13 1.8712e+13 1.6901e+13 1.5090e+13 5.1307e+12 51.32481 0.00 0.01696 0.82539 0.75192 5.37252 56.53466 91.14426 0.68736 0.39886 26.89351 56.57560 76.92747 0.4973 1.976e+13 1.087e+13
132 200 9.9596e+12 541.14 418.13 517.538 26.798 50 72.32365 79.02237 17.31153 -237.10 225.61 88.79 -5.113e+12 2.693e+12 -8.289e+12 0.00640 26.79836 9.9596e+12 9.9596e+12 9.9596e+12 7.5452e+12 4.5271e+12 34.02001 0.00 0.00637 0.64425 0.22267 -11.51728 74.37750 22.60074 0.42004 0.18415 -17.36865 65.79942 15.89171 0.5452 1.288e+13 3.923e+12
133 192 6.3380e+12 338.98 251.19 445.155 108.224 44 73.37424 80.75661 18.48960 -310.15 77.32 -43.01 -1.205e+13 1.315e+13 -1.290e+13 0.02446 108.22398 6.3380e+12 6.3380e+12 5.7343e+12 2.1127e+12 0.0000e+00 24.80697 34.14 0.02946 0.65747 0.25570 -51.01654 9.83452 121.34543 0.55280 0.10065 23.88022 71.77387 50.28434 0.4803 5.984e+12 6.036e+12
134 -1 2.1127e+12 237.83 236.71 308.653 67.813 94 71.05061 24.07883 84.80701 130.08 -117.58 255.83 -3.263e+12 -1.184e+13 -7.299e+11 0.04926 67.81319 2.1127e+12 2.1127e+12 0.0000e+00 0.0000e+00 0.0000e+00 130.89296 0.00 0.10277 0.45179 0.04144 -67.23707 10.49815 202.52243 0.00000 0.00000 0.00000 0.00000 0.00000 1.3121 6.013e+12 1.811e+12
135 139 2.3541e+13 511.87 463.11 689.397 225.182 93 94.92727 21.71018 1.31936 -487.54 -330.95 -41.81 1.126e+13 -1.343e+14 -1.111e+14 0.02289 225.18245 2.3541e+13 2.4446e+13 2.0221e+13 6.9416e+12 3.9235e+12 56.52711 0.00 0.02624 0.73812 0.39590 -15.44533 113.36836 -68.39173 0.50341 0.24334 32.64926 56.25143 -29.87209 0.5185 2.073e+13 2.656e+13
136 140 4.5271e+12 297.50 312.15 397.925 117.758 93 69.99220 24.60609 8.09747 -85.63 -217.41 -231.52 -2.635e+13 3.924e+13 -3.738e+13 0.04648 117.75807 4.5271e+12 4.5271e+12 0.0000e+00 0.0000e+00 0.0000e+00 28.48561 0.00 0.14129 0.50412 0.24108 -20.52381 -56.27711 249.93454 0.00000 0.00000 0.00000 0.00000 0.00000 1.1122 8.490e+12 5.433e+12
137 158 8.7524e+12 370.35 318.22 495.721 148.055 93 41.23616 29.59339 51.18762 300.41 -261.25 -257.75 -2.597e+13 -3.006e+13 2.327e+13 0.02728 148.05534 8.7524e+12 9.0542e+12 7.8470e+12 3.0181e+12 0.0000e+00 70.05264 0.00 0.03597 0.53837 0.02733 12.59289 110.57912 -38.97640 0.27371 0.00008 15.63039 90.75941 -51.70908 0.5834 9.853e+12 1.026e+13
138 143 1.5090e+12 209.98 181.00 275.906 67.440 68 69.85067 85.20577 41.34585 -165.01 1.29 126.62 2.335e+12 2.578e+12 2.287e+11 0.00828 67.43982 1.5090e+12 1.8108e+12 1.2072e+12 3.0181e+11 0.0000e+00 36.68566 63.27 0.05099 0.89430 0.08801 -18.16270 94.27735 -54.79784 0.00000 0.00000 0.00000 0.00000 0.00000 0.9631 4.216e+12 1.207e+12
139 146 4.2253e+12 307.03 217.11 388.878 71.520 90 52.17260 25.33778 33.71397 355.29 -7.17 431.15 -8.986e+12 2.663e+13 -3.405e+12 0.05926 71.51965 4.2253e+12 4.2253e+12 3.6217e+12 0.0000e+00 0.0000e+00 76.60977 24.18 0.07447 0.76018 0.38960 106.33975 17.08057 89.87508 0.00000 0.00000 0.00000 0.00000 0.00000 0.4724 7.228e+12 3.320e+12
140 163 8.1488e+12 448.54 338.08 484.052 39.744 89 50.53098 63.68761 14.82316 165.97 1.91 244.84 -2.101e+13 -2.970e+13 4.339e+13 0.05258 39.74379 8.1488e+12 8.4506e+12 7.2434e+12 6.6398e+12 2.1127e+12 40.09226 0.00 0.04984 0.93876 0.74396 31.11886 -41.35567 62.33096 0.87678 0.66633 55.36631 17.21115 -53.18693 0.4488 1.012e+13 2.716e+12
141 147 4.2253e+12 292.47 231.72 388.878 107.186 89 19.49771 31.89210 65.03394 57.43 -236.98 -155.22 1.751e+13 -3.980e+13 -3.556e+12 0.09004 107.18617 4.2253e+12 4.2253e+12 3.6217e+12 2.1127e+12 0.0000e+00 51.12931 0.00 0.11474 0.30838 0.08805 19.66753 73.01248 -31.17857 0.19590 0.05159 22.04542 72.21312 -34.25549 0.5102 5.348e+12 4.225e+12
142 144 2.2032e+13 540.75 501.65 674.340 112.271 89 22.39453 13.78449 29.58970 205.09 0.77 55.57 -2.791e+14 3.607e+14 7.741e+13 0.06749 112.27141 2.2032e+13 2.2032e+13 2.0825e+13 1.3883e+13 1.2072e+12 51.35528 0.00 0.07760 0.39229 0.19618 30.31933 -29.46751 166.55634 0.23119 0.05167 9.04576 -35.53980 155.04613 0.5742 2.082e+13 1.690e+13
143 148 1.9919e+13 492.66 468.50 652.057 171.046 87 57.62776 0.37424 67.18142 279.30 43.27 -29.83 1.286e+14 1.737e+13 1.740e+14 0.03665 171.04643 1.9919e+13 2.0523e+13 1.7807e+13 1.1469e+13 3.9235e+12 34.23836 0.00 0.04308 0.43843 0.32598 -75.93604 -37.26855 81.66430 0.37250 0.24258 -52.76419 -36.61110 73.25504 0.5727 1.760e+13 2.052e+13
144 153 1.5090e+13 535.50 478.38 594.421 54.994 85 54.14483 38.28891 52.74566 -244.19 27.92 -86.55 9.218e+13 2.893e+13 4.708e+13 0.03325 54.99387 1.5090e+13 1.5090e+13 1.3581e+13 1.1167e+13 6.0361e+12 22.31758 0.00 0.03388 0.75478 0.51867 71.58945 48.13369 26.91301 0.71290 0.48790 50.71106 34.27139 48.06107 0.5536 1.630e+13 7.847e+12
145 149 7.5452e+12 351.45 260.87 471.792 146.625 85 45.02935 85.60206 74.38319 227.30 244.26 72.48 6.988e+12 3.418e+13 -2.703e+13 0.03480 146.62515 7.5452e+12 8.4506e+12 5.4325e+12 9.0542e+11 0.0000e+00 62.90612 0.00 0.04417 0.28534 0.09813 167.11740 -8.19197 -141.91307 0.66958 0.00000 32.44889 -35.53678 -30.58950 0.4888 9.557e+12 9.356e+12
146 151 6.6398e+12 437.73 324.90 452.111 31.147 84 2.82972 12.25654 9.09238 -20.28 -73.37 -147.46 5.332e+13 7.013e+12 -2.835e+12 0.06645 31.14690 6.6398e+12 6.6398e+12 6.6398e+12 4.8289e+12 2.4145e+12 36.79278 111.64 0.06669 0.55147 0.42181 68.92982 4.72435 58.91205 0.52826 0.36608 71.58158 14.04925 52.65347 0.5159 9.816e+12 2.414e+12
147 145 3.9235e+12 282.82 259.11 379.390 116.695 83 95.32329 28.16965 70.71532 -27.12 -113.84 -226.37 2.313e+13 -1.813e+13 2.537e+13 0.05042 116.69471 3.9235e+12 3.9235e+12 1.8108e+12 6.0361e+11 0.0000e+00 51.07017 0.00 0.11553 0.68085 0.37841 43.09450 129.58554 44.36522 0.00000 0.00000 0.00000 0.00000 0.00000 0.8097 7.929e+12 5.131e+12
148 152 1.9316e+13 674.86 644.71 645.403 33.416 83 46.55835 93.66337 76.05208 252.45 88.40 63.59 7.441e+13 2.523e+13 -3.044e+13 0.01679 33.41610 1.9316e+13 1.9617e+13 1.8410e+13 1.7505e+13 1.2978e+13 41.36470 0.00 0.01760 0.70080 0.37742 92.92862 -22.56271 -55.12198 0.56169 0.35243 87.57635 -23.07856 -59.90579 0.6691 3.021e+13 4.527e+12
149 154 1.4185e+13 445.88 456.18 582.287 134.750 82 65.35769 86.10286 44.84441 242.61 -50.80 57.40 1.098e+14 -5.241e+12 6.595e+13 0.03474 134.74985 1.4185e+13 1.5392e+13 1.3280e+13 7.5452e+12 3.6217e+12 178.69040 0.00 0.04480 0.33183 0.31939 24.03024 -8.25587 152.76082 0.61240 0.33024 -5.31120 60.65154 81.46042 0.6511 1.351e+13 1.358e+13
150 160 2.4145e+12 252.18 234.77 322.702 63.715 82 5.52730 14.39625 93.29166 -210.03 -127.36 61.60 -4.427e+12 -1.155e+13 4.046e+12 0.02268 63.71503 2.4145e+12 2.4145e+12 2.4145e+12 0.0000e+00 0.0000e+00 17.43601 0.00 0.08702 0.14032 0.00000 54.88218 -44.84189 172.24768 0.00000 0.00000 0.00000 0.00000 0.00000 0.9252 6.656e+12 2.113e+12
151 129 1.1167e+13 409.04 359.79 537.657 131.857 80 86.92239 48.57005 71.11969 12.41 -205.98 -149.93 8.236e+13 -5.322e+12 1.393e+12 0.03468 131.85669 1.1167e+13 1.1469e+13 9.6578e+12 6.0361e+12 0.0000e+00 67.74722 0.00 0.04298 0.72738 0.16625 31.21382 143.37251 -50.42791 0.55122 0.05682 30.21826 135.36182 -88.63377 0.5708 1.111e+13 1.117e+13
152 172 1.6298e+13 505.19 481.56 609.868 84.304 79 85.66939 71.23971 10.00795 -288.29 213.12 105.99 4.688e+13 1.104e+14 5.782e+13 0.03323 84.30389 1.6298e+13 1.6298e+13 1.5694e+13 1.0865e+13 4.5271e+12 73.51385 0.00 0.03692 0.80877 0.46714 81.36210 73.91809 5.91245 0.82641 0.49040 38.18019 71.74961 -31.31420 0.5856 1.638e+13 9.960e+12
153 164 1.5090e+13 459.26 385.59 594.421 127.832 79 61.61966 41.62548 68.14104 -74.17 -240.15 -329.53 -1.082e+14 1.301e+14 -1.302e+13 0.04678 127.83213 1.5090e+13 1.5392e+13 1.4487e+13 6.6398e+12 0.0000e+00 37.80289 0.00 0.05350 0.82282 0.45516 39.14334 105.12466 -79.29191 0.40865 0.00259 1.49693 81.01901 -14.24614 0.5011 1.407e+13 1.418e+13
154 187 1.2072e+12 188.80 232.37 256.128 97.045 77 53.23669 90.58381 67.34244 163.55 223.25 139.45 1.176e+13 2.460e+12 2.179e+11 0.20540 97.04538 1.2072e+12 1.2072e+12 9.0542e+11 3.0181e+11 0.0000e+00 83.70516 47.09 0.25498 0.44911 0.19550 90.04145 -88.26019 -75.03912 0.00000 0.00000 0.00000 0.00000 0.00000 2.2668 4.828e+12 2.113e+12
155 156 6.9416e+12 376.47 266.98 458.860 66.847 76 62.38627 75.66070 31.75973 -20.75 152.99 37.54 -1.402e+13 -6.730e+12 -1.970e+13 0.02842 66.84726 6.9416e+12 7.5452e+12 6.6398e+12 4.5271e+12 1.5090e+12 51.85871 0.00 0.02886 0.86402 0.26530 87.88478 31.61817 9.25637 0.71864 0.02222 49.74967 0.51837 27.76406 0.3881 9.435e+12 4.527e+12
156 157 1.4789e+13 521.22 472.73 590.432 59.762 76 70.36098 25.86433 18.77345 -315.94 -46.56 -139.71 -9.260e+12 8.774e+12 3.392e+13 0.01074 59.76171 1.4789e+13 1.4789e+13 1.3581e+13 1.0261e+13 5.1307e+12 61.22484 9.77 0.01181 0.92096 0.61416 90.53228 -46.54682 -3.34053 0.66017 0.55646 26.80863 -11.43922 80.89188 0.5904 1.458e+13 8.149e+12
157 169 1.1167e+13 403.31 351.87 537.657 152.702 74 20.42205 12.69952 44.70198 356.79 30.16 -113.10 2.957e+13 6.116e+13 -9.230e+13 0.04539 152.70177 1.1167e+13 1.1770e+13 8.1488e+12 4.8289e+12 0.0000e+00 47.56133 0.00 0.05967 0.28385 0.08273 136.26788 14.44785 -40.88079 0.34912 0.11404 128.05794 26.83904 -26.98218 0.5891 1.158e+13 1.328e+13
158 179 9.0542e+11 173.04 61.49 232.708 74.277 72 66.09571 49.94104 47.64377 3.65 50.28 -20.57 -7.647e+11 -2.134e+12 -2.508e+12 0.02698 74.27705 9.0542e+11 9.0542e+11 0.0000e+00 0.0000e+00 0.0000e+00 136.78764 85.05 0.11588 0.00000 0.00000 0.00000 0.00000 0.00000 0.00000 0.00000 0.00000 0.00000 0.00000 1.1943 4.372e+12 9.054e+11
159 170 6.3380e+12 331.28 280.33 445.155 140.326 72 56.53183 55.57422 25.21762 -90.02 -120.46 198.56 1.344e+13 -9.518e+12 1.756e+13 0.02362 140.32587 6.3380e+12 6.3380e+12 5.1307e+12 1.5090e+12 0.0000e+00 82.29612 0.00 0.03221 0.12515 0.00000 37.61163 136.00311 94.17091 0.23737 0.00000 43.44013 74.57217 62.14761 0.5845 8.801e+12 7.243e+12
160 150 1.7505e+13 487.16 470.81 624.569 125.012 72 78.91804 10.08344 62.36803 -126.26 152.50 -8.93 -8.092e+13 3.020e+13 1.400e+13 0.01856 125.01216 1.7505e+13 1.7807e+13 1.5996e+13 9.6578e+12 3.6217e+12 25.85227 0.00 0.02153 0.82444 0.63816 93.30466 -58.82592 -11.58884 0.94137 0.70987 71.81635 29.95431 10.13573 0.5875 1.574e+13 1.539e+13
161 173 6.0361e+12 336.51 197.54 437.973 98.498 71 71.92466 64.63661 52.40132 20.05 -174.48 -597.45 8.636e+12 -2.942e+13 1.120e+13 0.04695 98.49806 7.5452e+12 6.3380e+12 5.1307e+12 2.7163e+12 0.0000e+00 16.21644 139.83 0.04738 0.84530 0.31502 80.22501 -54.38525 22.13152 0.43761 0.04654 31.61737 -23.88722 59.94665 0.3514 6.727e+12 5.131e+12
162 166 4.2253e+12 294.93 265.19 388.878 98.236 34 90.79034 12.24208 8.70567 35.92 137.95 -187.96 1.445e+13 -4.120e+13 2.536e+12 0.05374 98.23560 4.2253e+12 4.5271e+12 1.8108e+12 0.0000e+00 0.0000e+00 121.56681 40.22 0.11503 0.48159 0.12034 125.75280 175.41254 -8.95463 0.00000 0.00000 0.00000 0.00000 0.00000 0.7903 4.052e+12 4.225e+12
163 -1 1.2072e+12 198.87 97.30 256.128 53.019 37 92.85220 12.17839 8.50139 -253.09 -78.09 -158.31 9.827e+11 1.715e+12 1.412e+12 0.02509 53.01947 1.2072e+12 1.2072e+12 1.2072e+12 0.0000e+00 0.0000e+00 165.32347 0.00 0.05156 0.48134 0.43289 154.41809 51.10717 -27.37932 0.00000 0.00000 0.00000 0.00000 0.00000 0.4993 5.407e+12 9.054e+11
164 168 7.5452e+12 375.67 314.93 471.792 82.092 71 48.98276 54.11089 37.84143 530.21 -105.01 198.78 -4.390e+12 -1.758e+13 1.908e+13 0.02217 82.09222 7.5452e+12 7.5452e+12 7.5452e+12 3.6217e+12 0.0000e+00 39.54227 0.00 0.02633 0.66060 0.25661 65.95387 105.35912 -51.06048 0.12493 0.00000 110.57111 -65.28278 0.61821 0.5519 8.124e+12 5.433e+12
165 167 3.9235e+12 291.31 259.89 379.390 85.801 71 22.04788 12.52728 44.02386 162.13 38.69 -126.72 2.680e+13 -2.420e+13 1.348e+13 0.06764 85.80052 3.9235e+12 3.9235e+12 3.6217e+12 9.0542e+11 0.0000e+00 24.64074 28.80 0.11470 0.56326 0.02589 -24.78061 139.04532 -105.91375 0.63105 0.55998 52.49345 86.96148 -28.41781 0.7035 5.298e+12 3.622e+12
166 171 3.9235e+12 281.45 162.06 379.390 125.696 70 93.09208 97.72925 13.30037 35.89 384.17 77.27 -4.941e+11 -1.432e+13 3.071e+13 0.08454 125.69627 3.9235e+12 4.2253e+12 1.8108e+12 6.0361e+11 0.0000e+00 85.37846 14.00 0.10086 0.82780 0.46055 115.92167 1.31589 -8.92496 0.00000 0.00000 0.00000 0.00000 0.00000 0.3188 7.091e+12 6.640e+12
167 178 7.2434e+12 390.18 311.56 465.416 60.409 70 59.18910 0.76814 63.07679 168.02 25.01 176.54 7.514e+13 2.566e+13 6.762e+12 0.07270 60.40855 7.2434e+12 7.2434e+12 6.0361e+12 3.9235e+12 0.0000e+00 76.75616 28.68 0.08536 0.51706 0.17045 30.63490 85.05050 -33.22788 0.43775 0.04816 15.92680 51.94613 -33.80373 0.5381 6.572e+12 3.923e+12
168 177 3.3199e+12 263.96 241.60 358.841 145.963 64 46.18332 31.69720 47.01794 332.72 -588.10 -77.81 -1.486e+13 9.732e+12 2.036e+13 0.03289 145.96301 3.3199e+12 3.3199e+12 1.8108e+12 0.0000e+00 0.0000e+00 96.46109 64.81 0.10624 0.80867 0.23481 107.01131 60.00842 -88.77974 0.00000 0.00000 0.00000 0.00000 0.00000 0.8996 4.990e+12 4.527e+12
169 162 1.0261e+13 529.66 455.47 522.714 30.324 63 75.07359 57.61147 50.53387 -647.18 187.79 63.92 7.894e+13 -6.020e+13 -5.430e+13 0.06731 30.32355 1.0261e+13 1.0261e+13 9.6578e+12 8.4506e+12 5.7343e+12 30.37028 0.00 0.06783 0.73826 0.31464 81.63557 -31.73131 16.93005 0.55155 0.21895 80.95228 -34.36982 17.28724 0.5852 1.443e+13 3.018e+12
170 104 1.1167e+13 547.26 421.54 537.657 30.680 62 2.01433 0.80358 4.38820 0.81 347.35 -166.69 4.237e+13 -5.551e+13 3.914e+13 0.03761 30.67991 1.1167e+13 1.1469e+13 9.6578e+12 6.3380e+12 4.5271e+12 59.80784 0.00 0.04168 0.64934 0.46848 6.15654 82.29309 6.91418 0.82200 0.55407 18.01873 56.40022 12.97021 0.5837 1.347e+13 4.527e+12
171 180 8.1488e+12 382.94 310.61 484.052 87.851 61 53.39253 20.62876 33.16092 -78.11 243.73 273.73 5.877e+12 -1.718e+13 2.274e+13 0.02293 87.85107 8.1488e+12 8.7524e+12 6.0361e+12 4.5271e+12 2.1127e+12 56.24049 9.99 0.02561 0.53463 0.39245 -36.59881 91.82528 -3.72680 0.57864 0.43117 -13.33528 74.00639 -18.26029 0.5034 8.855e+12 5.734e+12
172 184 1.0261e+13 464.32 388.97 522.714 51.450 59 0.71215 94.34340 15.36697 -266.44 503.86 -164.16 -5.539e+13 4.613e+13 3.458e+13 0.04613 51.44973 1.0261e+13 1.0563e+13 9.6578e+12 7.2434e+12 2.7163e+12 33.20601 0.00 0.04793 0.94090 0.63989 63.66952 -60.58764 43.44405 0.86739 0.59643 -50.14130 67.43298 -29.93219 0.5271 1.041e+13 5.433e+12
173 176 3.0181e+12 265.10 176.27 347.620 83.401 59 0.29233 22.41678 80.26243 11.73 -578.36 -346.59 -3.832e+12 5.764e+12 1.098e+13 0.04575 83.40080 3.0181e+12 3.0181e+12 2.4145e+12 1.5090e+12 0.0000e+00 45.32733 0.00 0.05980 0.91414 0.34716 -81.86980 -58.71109 122.05700 0.76372 0.27630 81.84597 29.68785 -54.98825 0.4623 3.151e+12 3.018e+12
174 174 7.8470e+12 354.49 260.48 478.001 159.245 59 25.57468 38.78654 29.29995 305.17 -299.05 11.54 -2.772e+13 1.085e+13 -6.372e+13 0.05450 159.24496 7.8470e+12 8.4506e+12 6.0361e+12 6.0361e+11 0.0000e+00 70.45473 0.00 0.06593 0.79083 0.13614 -52.59955 117.07756 20.16757 0.00000 0.00000 0.00000 0.00000 0.00000 0.4586 7.185e+12 9.960e+12
175 190 1.3280e+13 431.39 380.66 569.624 145.930 56 57.06572 48.74641 16.70522 -11.21 -218.56 255.24 7.317e+11 -1.029e+13 1.263e+13 0.00488 145.92986 1.3280e+13 1.3280e+13 1.1770e+13 5.7343e+12 0.0000e+00 89.67198 0.00 0.00636 0.36619 0.07992 -54.90217 138.12701 53.44650 0.25474 0.00227 -40.69656 105.11971 29.53454 0.5942 1.186e+13 1.328e+13
176 175 8.7524e+12 487.76 364.40 495.721 32.098 55 70.07162 82.87776 12.52733 -71.71 114.44 239.07 1.252e+13 -3.812e+13 2.587e+13 0.04114 32.09823 8.7524e+12 8.7524e+12 8.4506e+12 7.5452e+12 2.4145e+12 16.22901 0.00 0.03730 0.73681 0.41238 8.12583 80.12901 23.22470 0.54046 0.29196 -14.53121 78.38528 16.37465 0.4493 1.123e+13 2.414e+12
177 185 1.1770e+13 537.96 478.75 547.175 35.536 54 99.09894 17.51476 78.80234 -29.54 348.70 152.98 8.354e+13 2.181e+13 -2.819e+13 0.04078 35.53573 1.1770e+13 1.2072e+13 1.0865e+13 8.7524e+12 5.7343e+12 46.75508 9.82 0.04332 0.77242 0.54998 67.18167 -3.57060 -55.21938 0.67651 0.36122 -40.67381 -17.66671 64.43707 0.6132 1.574e+13 4.225e+12
178 193 4.2253e+12 288.41 220.41 388.878 129.467 53 40.85913 89.06002 98.41070 231.29 115.81 34.33 8.814e+12 -1.791e+13 -2.210e+13 0.06287 129.46686 4.2253e+12 6.3380e+12 3.0181e+12 1.2072e+12 0.0000e+00 27.30802 34.45 0.07832 0.35983 0.14033 76.48174 65.61086 95.22002 0.78721 0.49691 24.53027 55.45933 30.19273 0.4814 5.437e+12 6.640e+12
179 196 1.2072e+12 188.73 90.29 256.128 98.071 52 87.79271 24.55597 33.87199 -190.70 -260.42 27.53 4.043e+12 1.513e+12 4.003e+10 0.03291 98.07114 1.2072e+12 1.2072e+12 6.0361e+11 3.0181e+11 0.0000e+00 121.08878 79.76 0.09162 0.37169 0.19493 109.66433 -89.69071 94.46310 0.00000 0.00000 0.00000 0.00000 0.00000 0.6993 4.637e+12 1.811e+12
180 194 8.7524e+12 559.66 420.77 495.721 19.704 52 47.27149 45.03738 77.58846 -85.73 -306.60 -85.70 -2.648e+13 1.786e+13 -4.076e+13 0.04594 19.70424 8.7524e+12 9.0542e+12 8.7524e+12 8.4506e+12 4.8289e+12 33.82733 0.00 0.04046 0.68644 0.58853 -44.20795 46.74626 39.14446 0.46031 0.30657 -29.68683 46.54017 51.07447 0.5063 1.386e+13 3.320e+12
181 189 2.1127e+12 229.55 135.33 308.653 98.235 51 76.38104 30.32771 58.90557 5.39 94.74 113.70 -7.637e+12 -7.471e+12 2.191e+11 0.05814 98.23510 2.1127e+12 2.1127e+12 1.2072e+12 3.0181e+11 0.0000e+00 99.82655 52.53 0.08923 0.66008 0.08645 48.37743 -0.54721 82.63317 0.00000 0.00000 0.00000 0.00000 0.00000 0.4473 4.582e+12 3.018e+12
182 195 9.0542e+11 203.42 125.61 232.708 24.637 51 32.64056 60.59548 4.31875 308.87 71.77 96.76 2.115e+12 -9.262e+11 2.616e+12 0.02111 24.63736 9.0542e+11 9.0542e+11 9.0542e+11 3.0181e+11 0.0000e+00 30.38279 0.00 0.11959 0.00000 0.00000 0.00000 0.00000 0.00000 0.00000 0.00000 0.00000 0.00000 0.00000 1.0841 3.541e+12 3.018e+11
183 198 5.1307e+12 307.30 225.39 414.878 141.263 49 53.06936 66.37619 18.52789 161.50 -114.79 58.77 3.810e+12 5.056e+11 2.115e+13 0.03134 141.26337 5.1307e+12 5.4325e+12 3.9235e+12 6.0361e+11 0.0000e+00 34.50415 21.64 0.04090 0.25974 0.00000 53.03884 126.16611 69.96767 0.00000 0.00000 0.00000 0.00000 0.00000 0.4855 6.215e+12 6.036e+12
184 181 6.3380e+12 334.54 238.78 445.155 123.736 49 46.86391 28.02925 68.26962 -7.60 50.11 -73.15 9.523e+11 -5.890e+12 2.869e+12 0.00761 123.73611 6.3380e+12 6.3380e+12 5.7343e+12 2.7163e+12 0.0000e+00 54.74361 0.00 0.00886 0.31380 0.01656 -70.22026 96.91458 22.50681 0.39531 0.02198 -60.82428 87.29419 27.54091 0.4343 5.666e+12 6.338e+12
185 182 1.2072e+13 480.29 413.77 551.812 59.599 49 23.52567 31.91262 54.50862 162.28 -83.42 -0.49 5.164e+13 -2.760e+13 1.998e+12 0.02403 59.59870 1.2072e+13 1.2374e+13 1.1469e+13 9.9596e+12 0.0000e+00 34.42395 0.00 0.02678 0.60058 0.39830 59.90197 37.54950 121.16582 0.31366 0.06383 66.75330 64.91842 134.47084 0.5694 1.316e+13 7.243e+12
186 126 8.7524e+12 410.80 546.10 495.721 68.382 47 0.13029 24.94298 70.96458 -378.34 -14.78 90.93 5.511e+13 -1.083e+13 -1.101e+14 0.06044 68.38181 8.7524e+12 8.7524e+12 8.7524e+12 6.3380e+12 0.0000e+00 99.26287 0.00 0.09655 0.64731 0.44170 38.17889 126.25031 68.44012 0.95984 0.71695 -5.59153 -15.84712 96.02930 1.2207 9.295e+12 5.734e+12
187 -1 6.0361e+11 174.71 0.00 203.289 23.314 47 78.83257 54.70082 51.92767 -470.89 83.37 -3.00 0.000e+00 0.000e+00 0.000e+00 0.00000 23.31419 6.0361e+11 6.0361e+11 6.0361e+11 0.0000e+00 0.0000e+00 146.80014 0.00 0.00000 0.00000 0.00000 0.00000 0.00000 0.00000 0.00000 0.00000 0.00000 0.00000 0.00000 0.0000 3.318e+12 0.000e+00
188 206 8.1488e+12 408.50 324.15 484.052 60.730 46 2.95030 98.25390 2.02710 -28.85 796.16 61.19 5.762e+13 -1.954e+12 -1.533e+13 0.05330 60.72985 8.1488e+12 8.4506e+12 7.8470e+12 5.7343e+12 2.1127e+12 47.37608 0.00 0.05251 0.75007 0.29173 71.62849 -54.66942 14.65331 0.43215 0.24332 56.28969 -21.09529 52.40581 0.4431 9.033e+12 4.527e+12
189 197 2.1127e+12 231.84 184.45 308.653 86.289 45 66.65072 5.15512 30.59370 256.33 -20.65 -195.91 2.252e+12 1.393e+13 7.854e+11 0.04418 86.28865 2.1127e+12 2.4145e+12 1.2072e+12 3.0181e+11 0.0000e+00 143.06390 35.20 0.11800 0.22896 0.00000 141.10847 35.25425 -106.32515 0.00000 0.00000 0.00000 0.00000 0.00000 0.8184 3.978e+12 2.414e+12
190 201 4.8289e+12 333.29 247.34 406.578 59.518 44 73.71290 32.30698 55.75541 -175.88 12.07 204.39 -5.012e+13 1.645e+13 -7.577e+11 0.08868 59.51847 4.8289e+12 5.4325e+12 4.8289e+12 9.0542e+11 0.0000e+00 41.21391 28.49 0.11108 0.84666 0.22372 100.06116 94.46179 4.18732 0.63722 0.35019 54.34188 -30.24177 -40.42111 0.5101 5.839e+12 1.811e+12
191 -1 4.2253e+12 292.73 218.00 388.878 106.098 44 46.43568 18.22476 43.23042 -192.45 100.86 -57.21 -2.847e+13 -4.003e+13 -2.200e+13 0.09564 106.09830 4.2253e+12 4.2253e+12 2.4145e+12 0.0000e+00 0.0000e+00 58.42276 0.00 0.14155 0.31996 0.02949 242.60449 -48.43452 130.59966 0.00000 0.00000 0.00000 0.00000 0.00000 0.5474 3.840e+12 4.225e+12
192 205 5.4325e+12 341.55 251.12 422.859 67.398 43 31.02994 65.37327 14.07321 255.90 -33.09 -47.05 2.966e+12 -9.938e+11 -1.033e+12 0.00524 67.39835 5.4325e+12 5.4325e+12 5.1307e+12 3.6217e+12 0.0000e+00 6.75896 0.00 0.00570 0.55060 0.17219 35.33207 30.58918 135.59731 0.62879 0.05579 72.73208 50.86322 80.43050 0.4356 5.145e+12 3.923e+12
193 208 7.2434e+12 555.48 431.19 465.416 15.417 42 24.43900 61.63517 35.81548 264.74 9.24 68.20 -3.656e+13 -4.072e+12 2.841e+12 0.04306 15.41654 7.2434e+12 7.5452e+12 6.6398e+12 5.7343e+12 5.4325e+12 8.26446 17.26 0.03952 0.84695 0.56679 27.99974 51.10843 22.92352 0.88519 0.61716 17.12514 41.38725 32.81269 0.5694 1.485e+13 3.622e+12
194 223 3.9235e+12 285.74 217.51 379.390 102.914 41 76.82608 97.01855 62.76809 -305.49 173.55 -81.61 -2.455e+12 1.636e+13 -1.812e+13 0.04874 102.91353 3.9235e+12 4.2253e+12 2.7163e+12 3.0181e+11 0.0000e+00 108.10014 0.00 0.07301 0.59676 0.15479 -14.12764 142.35423 8.92612 0.00000 0.00000 0.00000 0.00000 0.00000 0.5868 5.270e+12 4.225e+12
195 188 4.5271e+12 305.44 202.97 397.925 90.227 41 68.96564 89.98884 12.50812 58.70 197.70 237.67 4.084e+12 -6.792e+12 -5.885e+12 0.02049 90.22671 4.5271e+12 4.8289e+12 4.2253e+12 2.4145e+12 0.0000e+00 65.42585 17.68 0.02314 0.95103 0.60556 -2.46452 22.64353 123.76756 0.63340 0.17854 86.87178 108.19002 12.43277 0.3908 4.804e+12 4.225e+12
196 -1 1.5090e+12 214.43 172.25 275.906 56.722 41 96.13615 25.26204 55.79588 -47.07 -85.37 -77.17 -6.171e+12 -8.594e+12 4.978e+12 0.05135 56.72215 1.5090e+12 1.5090e+12 1.2072e+12 3.0181e+11 0.0000e+00 55.86111 0.00 0.17106 0.87086 0.27970 34.09463 57.59417 101.04992 0.00000 0.00000 0.00000 0.00000 0.00000 0.8686 2.949e+12 1.207e+12
197 199 9.0542e+11 178.35 275.07 232.708 53.462 41 59.79198 32.65685 30.89792 -622.81 -515.28 390.42 2.952e+12 -1.245e+13 1.115e+13 0.83600 53.46244 9.0542e+11 9.0542e+11 0.0000e+00 0.0000e+00 0.0000e+00 39.77011 165.40 0.58176 0.00000 0.00000 0.00000 0.00000 0.00000 0.00000 0.00000 0.00000 0.00000 0.00000 9.1940 3.996e+12 9.054e+11
198 155 6.0361e+11 215.43 0.00 203.289 10.038 41 32.55192 16.43035 11.63016 30.86 -50.69 -121.82 0.000e+00 0.000e+00 0.000e+00 0.00000 10.03794 6.0361e+11 6.0361e+11 6.0361e+11 6.0361e+11 0.0000e+00 67.19238 0.00 0.00000 0.00000 0.00000 0.00000 0.00000 0.00000 0.00000 0.00000 0.00000 0.00000 0.00000 0.0000 3.854e+12 0.000e+00
199 213 1.2072e+12 199.78 69.66 256.128 51.267 40 58.94584 3.16117 78.08380 85.90 136.38 -173.82 7.903e+10 -9.098e+11 1.997e+12 0.02829 51.26661 1.2072e+12 1.8108e+12 1.2072e+12 0.0000e+00 0.0000e+00 73.84207 0.00 0.04660 0.00000 0.00000 -76.74789 47.38784 91.66718 0.00000 0.00000 0.00000 0.00000 0.00000 0.2496 5.626e+12 9.054e+11
200 211 5.4325e+12 321.67 248.84 422.859 103.787 38 15.47799 32.40509 65.52448 38.70 -205.96 -23.86 5.806e+12 6.241e+11 2.810e+13 0.03910 103.78674 5.4325e+12 6.3380e+12 3.9235e+12 1.8108e+12 0.0000e+00 52.05643 18.06 0.04966 0.42052 0.30285 -15.90111 110.77737 -109.75789 0.32188 0.04122 -6.79109 125.86058 6.64122 0.5153 6.688e+12 5.131e+12
201 212 1.8108e+12 232.39 201.73 293.194 52.547 37 88.87835 29.02315 99.64188 -242.60 -658.09 27.24 1.420e+13 4.687e+12 7.200e+11 0.04054 52.54702 1.8108e+12 2.1127e+12 1.5090e+12 9.0542e+11 0.0000e+00 29.18380 80.00 0.16161 0.50243 0.12047 11.97595 12.00432 77.90419 0.25804 0.00000 39.00303 12.48325 72.83088 0.9297 3.343e+12 9.054e+11
202 210 4.8289e+12 299.63 212.47 406.578 155.173 37 67.83417 31.59789 51.07717 -109.21 50.88 16.35 -6.930e+12 -7.001e+12 -8.418e+11 0.01521 155.17281 4.8289e+12 4.8289e+12 3.3199e+12 3.0181e+11 0.0000e+00 92.57668 40.55 0.02082 0.51188 0.29752 85.43452 113.25184 59.97982 0.00000 0.00000 0.00000 0.00000 0.00000 0.5006 4.975e+12 6.338e+12
203 216 9.0542e+11 189.28 144.55 232.708 35.605 36 72.59345 93.37618 37.98230 -301.52 124.92 -116.86 3.263e+12 -2.299e+12 -5.383e+11 0.10715 35.60529 9.0542e+11 9.0542e+11 6.0361e+11 6.0361e+11 0.0000e+00 75.07581 144.55 0.13804 0.00000 0.00000 0.00000 0.00000 0.00000 0.00000 0.00000 0.00000 0.00000 0.00000 2.4739 2.557e+12 6.036e+11
204 207 1.8108e+12 216.36 109.26 293.194 107.978 36 18.66817 11.36842 4.05854 271.41 -379.23 -206.09 -8.782e+12 5.594e+12 -2.402e+12 0.06595 107.97758 1.8108e+12 1.8108e+12 0.0000e+00 0.0000e+00 0.0000e+00 67.49565 70.25 0.11537 0.55636 0.32939 -130.32794 8.20900 139.48706 0.00000 0.00000 0.00000 0.00000 0.00000 0.4954 3.672e+12 3.018e+12
205 222 2.1127e+12 233.58 141.20 308.653 79.652 36 3.84238 22.76637 10.90999 -48.24 -445.48 -171.94 2.113e+11 2.840e+12 -5.993e+10 0.01710 79.65152 2.1127e+12 2.1127e+12 1.8108e+12 6.0361e+11 0.0000e+00 68.33238 22.31 0.02378 0.45148 0.17713 73.54815 -20.26096 117.55981 0.00000 0.00000 0.00000 0.00000 0.00000 0.4188 4.236e+12 2.113e+12
206 219 1.5090e+12 208.57 169.91 275.906 72.004 35 47.85390 61.34505 69.20638 79.85 -40.85 -100.04 1.551e+12 7.747e+12 9.150e+11 0.05167 72.00394 1.5090e+12 3.9235e+12 6.0361e+11 0.0000e+00 0.0000e+00 117.13781 87.64 0.11637 0.29924 0.00000 15.94266 126.70810 -62.79671 0.00000 0.00000 0.00000 0.00000 0.00000 1.3440 5.478e+12 1.509e+12
207 -1 6.0361e+11 178.82 0.00 203.289 20.914 34 72.07759 96.21406 64.99387 -260.77 94.63 -64.50 0.000e+00 0.000e+00 0.000e+00 0.00000 20.91412 6.0361e+11 6.0361e+11 6.0361e+11 0.0000e+00 0.0000e+00 132.86926 0.00 0.00000 0.00000 0.00000 0.00000 0.00000 0.00000 0.00000 0.00000 0.00000 0.00000 0.00000 0.0000 3.955e+12 0.000e+00
208 -1 1.5090e+12 206.81 153.27 275.906 79.058 34 59.84655 8.38555 84.47061 279.35 9.96 114.32 -1.446e+12 -6.219e+11 3.470e+12 0.01636 79.05801 1.5090e+12 1.5090e+12 3.0181e+11 3.0181e+11 0.0000e+00 92.66012 120.14 0.05574 0.77636 0.11663 -93.14207 -91.14824 106.97012 0.00000 0.00000 0.00000 0.00000 0.00000 0.8492 3.293e+12 1.509e+12
209 217 3.6217e+12 299.63 190.24 369.401 57.436 34 59.07914 41.99283 13.14539 -35.02 -210.22 243.05 -9.580e+12 9.628e+12 -2.195e+12 0.03967 57.43639 3.6217e+12 3.6217e+12 3.3199e+12 9.0542e+11 0.0000e+00 45.27919 0.00 0.04679 0.81154 0.77358 60.68481 92.89687 44.00739 0.83844 0.00000 79.95361 -17.56413 13.26002 0.4037 5.447e+12 2.113e+12
210 220 6.6398e+12 349.67 227.71 452.111 96.442 34 7.58197 87.60078 39.69931 -75.54 315.10 -50.94 -2.853e+10 -1.031e+11 1.951e+12 0.00213 96.44249 6.6398e+12 6.6398e+12 6.3380e+12 2.4145e+12 0.0000e+00 59.32459 0.00 0.00242 0.76018 0.39506 163.54358 -142.49701 -35.21173 0.63543 0.09357 -54.57230 73.10481 -5.52977 0.3944 6.194e+12 6.036e+12
211 224 3.6217e+12 285.09 178.08 369.401 80.145 34 17.58858 32.03265 65.39283 3.99 -150.41 -207.23 5.249e+12 -2.524e+13 5.899e+12 0.08035 80.14510 3.6217e+12 3.6217e+12 2.1127e+12 1.8108e+12 0.0000e+00 115.30817 0.00 0.08992 0.78559 0.39180 18.09052 107.83156 -46.26451 0.84761 0.56374 -5.20156 47.57518 81.27969 0.3302 4.386e+12 2.414e+12
212 227 1.2072e+12 194.12 132.78 256.128 65.128 33 70.71568 12.32569 66.60678 -41.39 122.13 59.53 -2.840e+12 4.102e+12 9.463e+11 0.02551 65.12827 1.2072e+12 1.2072e+12 6.0361e+11 0.0000e+00 0.0000e+00 157.62709 87.07 0.10775 0.66750 0.09223 72.83163 -4.82111 139.61574 0.00000 0.00000 0.00000 0.00000 0.00000 1.1201 2.293e+12 1.207e+12
213 225 1.5090e+12 203.84 146.67 275.906 98.909 33 40.53895 92.98869 97.55943 154.42 201.44 74.04 1.341e+12 5.383e+12 -3.105e+12 0.03271 98.90937 1.5090e+12 1.5090e+12 3.0181e+11 0.0000e+00 0.0000e+00 154.52975 34.07 0.09302 0.54134 0.23442 168.29196 -72.16164 -0.42615 0.00000 0.00000 0.00000 0.00000 0.00000 0.7842 2.581e+12 2.414e+12
214 226 6.6398e+12 428.32 311.24 452.111 33.929 33 28.17230 58.73235 33.42481 195.09 -16.19 48.84 -9.821e+12 -4.575e+12 -2.420e+13 0.03257 33.92863 6.6398e+12 6.6398e+12 6.0361e+12 4.5271e+12 3.0181e+12 50.99693 0.00 0.03283 0.81487 0.32484 -34.72807 -30.65443 71.41589 0.67351 0.28655 -27.72324 8.56236 60.72182 0.4749 7.257e+12 3.018e+12
215 214 7.8470e+12 460.50 372.65 478.001 33.574 33 38.29448 35.20850 67.29002 215.85 -383.22 -154.41 -1.387e+13 -6.833e+12 3.135e+13 0.03538 33.57423 7.8470e+12 8.1488e+12 7.8470e+12 7.8470e+12 3.3199e+12 21.83984 0.00 0.03277 0.60371 0.48416 77.99591 -2.51689 44.25223 0.57200 0.18857 55.13701 -5.29741 53.80927 0.4890 1.065e+13 3.320e+12
216 215 9.0542e+11 192.75 60.18 232.708 32.181 32 67.29102 60.71751 43.48651 -54.82 232.90 358.69 5.197e+11 2.212e+12 -7.452e+11 0.04075 32.18082 9.0542e+11 9.0542e+11 6.0361e+11 6.0361e+11 0.0000e+00 30.06777 60.18 0.08197 0.00000 0.00000 0.00000 0.00000 0.00000 0.00000 0.00000 0.00000 0.00000 0.00000 0.4170 2.943e+12 6.036e+11
217 230 6.0361e+11 171.10 0.00 203.289 25.856 32 78.71811 19.92021 71.33183 -121.24 165.28 24.54 0.000e+00 0.000e+00 0.000e+00 0.00000 25.85614 6.0361e+11 6.0361e+11 6.0361e+11 3.0181e+11 0.0000e+00 76.90009 0.00 0.00000 0.00000 0.00000 0.00000 0.00000 0.00000 0.00000 0.00000 0.00000 0.00000 0.00000 0.0000 3.078e+12 3.018e+11
218 202 1.5090e+12 215.43 116.04 275.906 54.805 31 43.73898 37.20081 75.39371 107.32 -255.87 -58.85 -2.126e+12 4.917e+12 -4.875e+12 0.07044 54.80526 1.5090e+12 1.5090e+12 1.2072e+12 6.0361e+11 0.0000e+00 75.22886 43.16 0.10597 0.98206 0.56916 -51.07607 -6.04416 52.61287 0.00000 0.00000 0.00000 0.00000 0.00000 0.4214 3.251e+12 1.207e+12
219 -1 6.0361e+11 165.63 0.00 203.289 30.801 31 30.69088 1.27580 94.47503 23.09 211.91 256.41 -6.883e+10 4.094e+11 2.313e+11 0.01050 30.80108 6.0361e+11 6.0361e+11 6.0361e+11 0.0000e+00 0.0000e+00 158.16414 56.25 0.03201 0.00000 0.00000 0.00000 0.00000 0.00000 0.00000 0.00000 0.00000 0.00000 0.00000 0.0000 2.889e+12 0.000e+00
220 232 6.0361e+11 182.84 0.00 203.289 18.944 31 47.54945 22.39082 48.38467 -120.16 95.01 -442.25 0.000e+00 0.000e+00 0.000e+00 0.00000 18.94370 6.0361e+11 2.1127e+12 6.0361e+11 3.0181e+11 0.0000e+00 66.53062 0.00 0.00000 0.00000 0.00000 0.00000 0.00000 0.00000 0.00000 0.00000 0.00000 0.00000 0.00000 0.0000 4.188e+12 3.018e+11
221 234 3.0181e+12 260.45 197.90 347.620 100.147 30 99.31791 11.87673 9.06959 64.25 -125.51 -179.65 2.660e+12 -6.733e+12 -2.001e+13 0.06165 100.14734 3.0181e+12 3.3199e+12 1.8108e+12 6.0361e+11 0.0000e+00 45.49926 0.00 0.09806 0.58631 0.14488 133.16222 -43.29339 -28.70590 0.00000 0.00000 0.00000 0.00000 0.00000 0.5985 4.329e+12 3.622e+12
222 228 1.2072e+12 196.24 78.52 256.128 58.992 30 70.19344 74.27686 18.21215 -296.34 252.02 5.12 2.330e+12 -4.368e+12 1.091e+12 0.05801 58.99224 1.2072e+12 1.2072e+12 6.0361e+11 3.0181e+11 0.0000e+00 68.54451 40.24 0.10758 0.54965 0.00000 81.98376 0.10016 -29.19465 0.00000 0.00000 0.00000 0.00000 0.00000 0.3863 3.351e+12 1.207e+12
223 235 6.0361e+12 322.28 207.62 437.973 175.846 30 35.45887 63.00611 10.16854 150.13 5.38 49.78 2.460e+12 2.904e+13 -2.293e+12 0.03765 175.84576 6.0361e+12 6.0361e+12 4.2253e+12 1.8108e+12 0.0000e+00 61.46431 9.66 0.04243 0.74703 0.38071 18.25041 63.98553 99.12582 0.47313 0.10341 60.55190 -53.82716 -67.83027 0.3572 5.479e+12 8.149e+12
224 231 6.0361e+12 327.41 252.87 437.973 129.729 29 49.03507 63.21153 0.50308 -30.04 -3.28 181.68 6.701e+12 3.442e+13 2.268e+13 0.04517 129.72926 6.0361e+12 6.0361e+12 5.1307e+12 1.2072e+12 0.0000e+00 38.25135 0.00 0.06062 0.61711 0.34713 43.19177 -81.82264 91.20875 0.30507 0.15422 66.49609 -41.82472 -37.74112 0.5387 5.980e+12 6.338e+12
225 129 6.0361e+11 156.35 0.00 203.289 45.341 29 87.08778 48.61227 73.23212 -55.61 -241.78 -496.76 5.793e+11 2.882e+11 3.034e+11 0.03209 45.34118 6.0361e+11 9.0542e+11 3.0181e+11 0.0000e+00 0.0000e+00 140.09946 44.25 0.04815 0.00000 0.00000 0.00000 0.00000 0.00000 0.00000 0.00000 0.00000 0.00000 0.00000 0.0000 2.435e+12 3.018e+11
226 91 5.7343e+12 350.39 278.31 430.549 65.663 29 70.01664 36.22180 55.55184 -46.37 167.71 -68.77 9.988e+11 -2.020e+13 2.570e+13 0.04375 65.66271 6.0361e+12 6.0361e+12 5.7343e+12 3.3199e+12 0.0000e+00 18.19066 0.00 0.05170 0.63681 0.08627 98.87251 40.20164 -54.83432 0.63853 0.01660 48.37000 54.45225 -21.24152 0.5177 5.866e+12 3.320e+12
227 240 1.2072e+12 207.34 79.99 256.128 40.288 28 85.03425 26.52573 55.11679 -11.28 11.36 172.67 7.729e+11 3.383e+12 -4.192e+11 0.04837 40.28764 1.2072e+12 1.2072e+12 9.0542e+11 3.0181e+11 0.0000e+00 71.37502 49.64 0.07418 0.56546 0.22011 -58.41583 18.90660 70.14812 0.00000 0.00000 0.00000 0.00000 0.00000 0.3247 2.514e+12 9.054e+11
228 238 1.2072e+12 215.43 150.43 256.128 32.684 27 77.05466 3.95079 17.31967 -202.61 235.76 74.73 -1.684e+12 -4.924e+11 -1.532e+11 0.01214 32.68435 1.2072e+12 1.8108e+12 1.2072e+12 6.0361e+11 0.0000e+00 58.73268 0.00 0.03737 0.61970 0.00000 -21.88361 61.04893 -13.49348 0.00000 0.00000 0.00000 0.00000 0.00000 0.8284 3.831e+12 6.036e+11
229 209 2.7163e+12 250.95 204.20 335.623 99.147 26 52.58965 40.90930 54.88784 247.73 -453.40 157.11 -1.130e+13 -2.585e+13 -1.196e+13 0.07726 99.14733 2.7163e+12 3.0181e+12 1.5090e+12 1.2072e+12 0.0000e+00 41.36147 69.02 0.16832 0.44794 0.10602 9.52869 -23.56454 119.46133 0.47543 0.27981 28.10436 -26.24247 109.21645 0.7740 4.176e+12 3.622e+12
230 44 9.0542e+11 175.48 231.65 232.708 62.322 26 48.57925 27.99928 43.58831 -110.47 -233.33 300.68 1.024e+13 -4.968e+11 4.120e+12 0.55479 62.32177 9.0542e+11 9.0542e+11 6.0361e+11 3.0181e+11 0.0000e+00 93.30251 231.65 0.37870 0.00000 0.00000 0.00000 0.00000 0.00000 0.00000 0.00000 0.00000 0.00000 0.00000 7.1089 2.735e+12 9.054e+11
231 236 1.2072e+12 204.50 89.91 256.128 43.813 26 21.41731 31.86798 48.17737 177.16 -273.35 258.85 2.899e+11 1.128e+12 1.443e+12 0.02264 43.81337 1.2072e+12 1.2072e+12 1.2072e+12 0.0000e+00 0.0000e+00 59.05220 0.00 0.03935 0.18130 0.00080 -102.81116 144.34053 26.25048 0.00000 0.00000 0.00000 0.00000 0.00000 0.3875 3.506e+12 6.036e+11
232 -1 1.8108e+12 215.54 275.62 293.194 122.875 25 76.35165 56.71630 51.07830 -573.01 294.17 26.70 -1.233e+13 1.701e+13 1.545e+13 0.23779 122.87470 2.1127e+12 1.8108e+12 6.0361e+11 6.0361e+11 0.0000e+00 112.16032 44.39 0.28158 0.58063 0.00000 39.68082 -46.17081 -33.31930 0.00000 0.00000 0.00000 0.00000 0.00000 2.0867 1.830e+12 2.716e+12
233 243 1.8108e+12 242.60 116.21 293.194 40.775 25 64.51259 96.68407 44.04549 77.51 10.45 -80.96 3.602e+12 -4.256e+12 -4.560e+12 0.06109 40.77515 1.8108e+12 1.8108e+12 1.8108e+12 0.0000e+00 0.0000e+00 110.09834 0.00 0.07776 0.40673 0.00000 94.24861 -86.38783 112.45518 0.00000 0.00000 0.00000 0.00000 0.00000 0.2897 3.616e+12 3.018e+11
234 -1 1.5090e+12 215.43 242.58 275.906 54.805 25 28.30646 10.95434 42.23034 372.67 414.74 -195.99 6.707e+11 1.700e+13 -6.514e+12 0.23122 54.80526 1.5090e+12 3.0181e+12 9.0542e+11 6.0361e+11 0.0000e+00 108.16499 136.41 0.26653 0.73693 0.13228 50.22745 -29.37275 -28.32940 0.00000 0.00000 0.00000 0.00000 0.00000 2.0626 2.903e+12 9.054e+11
