#ID DescID Mvir Vmax Vrms Rvir Rs Np X Y Z VX VY VZ JX JY JZ Spin rs_klypin Mvir_all M200b M200c M500c M2500c Xoff Voff spin_bullock b_to_a c_to_a A[x] A[y] A[z] b_to_a(500c) c_to_a(500c) A[x](500c) A[y](500c) A[z](500c) T/|U| M_pe_Behroozi M_pe_Diemer
#a = 0.426756
#Om = 0.285000; Ol = 0.715000; h = 0.695000
#FOF linking length: 0.280000
#Unbound Threshold: 0.500000; FOF Refinement Threshold: 0.700000
#Particle mass: 3.01807e+11 Msun/h
#Box size: 100.000000 Mpc/h
#Force resolution assumed: 0.0976562 Mpc/h
#Units: Masses in Msun / h
#Units: Positions in Mpc / h (comoving)
#Units: Velocities in km / s (physical, peculiar)
#Units: Halo Distances, Lengths, and Radii in kpc / h (comoving)
#Units: Angular Momenta in (Msun/h) * (Mpc/h) * km/s (physical)
#Units: Spins are dimensionless
#Np is an internal debugging quantity.
#Rockstar Version: 0.99.9-RC3
0 0 1.6298e+13 518.76 480.50 631.792 188.106 137 8.36637 2.27243 89.89526 -289.16 621.32 392.75 -1.691e+14 1.701e+13 -1.137e+14 0.04151 188.10590 1.6298e+13 1.6298e+13 1.4487e+13 2.7163e+12 1.5090e+12 35.74133 15.49 0.06454 0.35617 0.20817 -20.19340 115.31319 85.09158 0.75958 0.11517 30.83167 64.58223 5.13000 0.6917 1.534e+13 1.932e+13
1 1 1.5090e+12 252.29 169.33 285.824 47.072 34 4.37544 6.50591 91.93771 53.78 -393.57 507.26 3.499e+12 -2.608e+12 2.136e+12 0.03733 47.07160 1.5090e+12 1.5090e+12 1.2072e+12 3.0181e+11 0.0000e+00 59.02993 71.74 0.08091 0.69529 0.46172 16.68105 -50.29049 63.54679 0.00000 0.00000 0.00000 0.00000 0.00000 0.7104 3.769e+12 9.054e+11
2 2 6.0060e+13 826.32 914.60 975.874 208.559 256 4.14768 4.46336 95.38175 105.13 289.07 -111.32 -3.874e+14 5.195e+14 -6.035e+12 0.01710 214.23254 6.0060e+13 5.8551e+13 5.5834e+13 3.7122e+13 1.4789e+13 55.52127 73.24 0.02326 0.63774 0.36413 142.82318 14.15565 -83.84589 0.79532 0.37544 94.04005 15.49790 -84.53103 0.7145 5.321e+13 5.312e+13
3 2 7.8470e+12 420.25 457.19 495.185 106.754 51 4.99976 4.64305 94.58361 -123.82 276.68 -234.35 2.249e+13 6.352e+13 1.730e+13 0.00531 106.75373 9.6578e+12 7.8470e+12 7.5452e+12 9.0542e+11 0.0000e+00 31.38206 101.31 0.07423 0.13387 0.01831 -46.37871 88.86330 -10.30547 0.16283 0.00000 -23.17125 75.36326 -7.46998 0.9962 7.063e+12 7.243e+12
4 3 4.3460e+13 722.87 758.64 876.120 318.151 230 6.00330 4.60129 93.12942 -289.26 155.77 394.69 1.509e+14 1.953e+14 -7.326e+13 0.01179 245.80977 4.3460e+13 4.1951e+13 3.8631e+13 2.3541e+13 8.1488e+12 46.85238 20.83 0.01584 0.48754 0.46507 139.85594 -25.35319 -70.64758 0.63003 0.44092 90.96334 -46.00686 -35.71694 0.6773 4.015e+13 6.036e+13
5 6 1.5090e+12 258.94 108.60 285.824 40.527 48 70.22733 1.43211 24.79271 185.20 277.17 103.79 -4.156e+11 -1.267e+11 3.414e+10 0.00586 40.52716 1.5090e+12 1.5090e+12 1.5090e+12 1.2072e+12 0.0000e+00 40.58500 0.00 0.00726 0.27435 0.12793 -57.58278 124.74574 -40.16138 0.30731 0.15731 -53.62399 116.01003 -40.24171 0.2320 4.563e+12 6.036e+11
6 6 1.0563e+13 490.42 404.83 546.762 81.946 76 70.40810 3.02203 25.47527 123.36 -39.71 91.29 -1.198e+13 7.670e+12 -3.086e+13 0.02033 81.94587 1.0563e+13 1.0563e+13 9.9596e+12 7.2434e+12 0.0000e+00 50.15440 0.00 0.02209 0.69346 0.33554 -49.10312 0.66136 105.61992 0.40477 0.11430 -48.27225 49.93705 113.83696 0.5019 1.231e+13 7.243e+12
7 6 9.0542e+11 229.05 114.27 241.074 26.850 32 72.89033 0.52266 23.38246 -151.70 325.62 251.51 -2.787e+11 9.384e+10 9.510e+11 0.01650 26.84959 9.0542e+11 9.0542e+11 9.0542e+11 6.0361e+11 0.0000e+00 80.22750 0.00 0.03884 0.00000 0.00000 0.00000 0.00000 0.00000 0.00000 0.00000 0.00000 0.00000 0.00000 0.5916 3.445e+12 0.000e+00
8 7 5.7343e+12 367.18 306.97 446.026 128.545 43 71.32279 4.60231 27.48302 -70.17 -151.03 44.08 -9.415e+12 4.792e+13 5.522e+12 0.06035 128.54478 5.7343e+12 5.7343e+12 5.1307e+12 9.0542e+11 0.0000e+00 111.54311 0.00 0.08845 0.28595 0.14723 101.50354 25.01697 112.62215 0.33070 0.04427 109.43678 41.41473 83.88883 0.6116 5.244e+12 6.338e+12
9 8 2.1127e+12 272.79 276.95 319.749 66.212 37 73.54603 4.28968 29.46768 106.06 145.81 120.92 7.999e+11 6.931e+12 1.997e+13 0.08955 66.21194 2.1127e+12 2.1127e+12 2.1127e+12 0.0000e+00 0.0000e+00 111.84358 0.00 0.20108 0.46120 0.00000 124.38040 25.11744 143.64015 0.00000 0.00000 0.00000 0.00000 0.00000 1.2507 3.028e+12 1.509e+12
10 9 3.7424e+13 702.51 702.28 833.521 266.514 149 74.71838 4.41224 30.62538 -217.91 -107.42 -136.95 5.164e+13 1.895e+13 -2.361e+14 0.01604 190.11395 3.7424e+13 3.7424e+13 3.5613e+13 1.9919e+13 9.9596e+12 80.10226 13.69 0.01914 0.86797 0.41239 116.21565 -20.29663 54.44724 0.84350 0.50467 -53.70901 43.78164 66.83747 0.6104 3.170e+13 4.044e+13
11 10 6.6398e+12 385.47 305.28 468.364 135.391 81 78.32333 3.93522 32.89561 -415.61 43.37 -163.53 1.775e+13 -3.578e+12 1.271e+13 0.02258 135.39079 6.6398e+12 6.6398e+12 4.5271e+12 1.2072e+12 0.0000e+00 88.08237 0.00 0.03118 0.34587 0.05893 142.06641 104.36463 -115.58462 0.48803 0.00000 89.10350 63.57483 -42.04230 0.5515 7.572e+12 7.847e+12
12 4 8.0884e+13 876.74 880.28 1077.674 338.921 418 23.13328 10.54032 2.77308 -83.63 97.13 231.56 8.373e+14 1.046e+15 3.881e+13 0.02356 369.75714 8.0884e+13 8.0884e+13 7.0623e+13 4.5271e+13 9.6578e+12 50.08905 57.90 0.02929 0.63426 0.36622 152.13405 96.83052 84.27448 0.69083 0.33744 127.39514 42.42659 56.62200 0.6162 6.772e+13 9.356e+13
13 5 3.6217e+12 341.14 192.61 382.681 59.427 34 25.92490 11.87105 4.27591 -390.76 -1.43 52.02 -1.648e+13 1.796e+13 7.306e+12 0.08489 59.42699 3.6217e+12 2.1127e+12 2.1127e+12 1.5090e+12 1.2072e+12 41.19715 46.06 0.09851 0.39432 0.08468 82.97957 -45.01651 39.55766 0.65510 0.22675 6.97732 22.59859 56.47729 0.3664 3.160e+12 1.509e+12
14 11 4.0442e+13 712.26 703.84 855.351 387.730 197 71.44167 59.42137 49.37372 -72.65 246.09 -20.77 -3.849e+14 -2.884e+13 -4.331e+13 0.02214 217.64035 4.0442e+13 4.0140e+13 3.8028e+13 2.2032e+13 7.5452e+12 85.05259 28.94 0.02695 0.72353 0.51566 33.40165 101.39224 -91.52517 0.90372 0.62294 -3.87488 19.45044 101.36796 0.6101 3.421e+13 5.463e+13
15 13 1.5996e+13 510.50 531.04 627.867 217.874 70 71.95879 62.11702 47.77326 -305.23 -173.02 365.93 -9.591e+13 -1.452e+14 3.629e+14 0.04941 217.87373 1.5996e+13 1.5996e+13 9.0542e+12 9.0542e+11 0.0000e+00 103.86578 0.00 0.13102 0.70642 0.12332 -54.55667 131.10608 -111.35307 0.39988 0.08766 76.99359 65.16197 -23.26853 0.8879 1.623e+13 2.233e+13
16 12 2.7163e+12 298.05 339.15 347.688 69.492 52 71.76340 61.73253 47.87684 198.62 -16.34 384.88 -7.639e+11 -3.176e+13 8.995e+12 0.12940 69.49218 2.7163e+12 2.7163e+12 2.7163e+12 6.0361e+11 0.0000e+00 91.68652 0.00 0.20644 0.32202 0.00000 120.40386 4.95893 44.91643 0.00000 0.00000 0.00000 0.00000 0.00000 1.4120 7.836e+12 1.509e+12
17 43 2.3239e+13 693.19 694.62 711.115 70.394 128 73.96449 17.49662 1.05379 18.92 293.57 96.25 1.494e+14 -1.046e+14 6.693e+13 0.02882 70.39407 2.3239e+13 2.3239e+13 2.3239e+13 1.7203e+13 9.6578e+12 27.81656 0.00 0.03393 0.65342 0.37159 28.78930 110.29366 -18.84193 0.74338 0.43769 0.38423 95.26389 -14.91171 0.6761 2.248e+13 1.207e+13
18 40 3.5010e+13 743.74 776.32 815.196 107.299 145 71.78311 22.15251 0.18417 181.40 -55.19 166.13 1.528e+14 -3.104e+13 2.912e+14 0.02206 111.27525 3.5010e+13 3.5010e+13 3.3199e+13 2.2636e+13 9.6578e+12 104.65662 84.90 0.02915 0.76563 0.47224 -87.66930 104.13310 -2.86915 0.86931 0.53241 81.81059 -67.48911 8.39574 0.7111 3.144e+13 2.052e+13
19 85 3.6217e+12 352.58 310.57 382.681 49.618 25 70.97425 25.41438 3.13110 107.71 -394.12 180.38 -1.587e+13 2.308e+11 1.187e+13 0.04661 49.61805 3.6217e+12 3.6217e+12 3.6217e+12 2.1127e+12 0.0000e+00 38.08646 0.00 0.07672 0.66374 0.17921 59.91983 -70.44340 141.48463 0.44660 0.20380 -94.92883 9.55359 117.71611 0.7035 5.625e+12 1.509e+12
20 30 5.8249e+13 796.93 777.32 965.966 478.021 245 58.72370 31.37711 31.72148 -229.62 -178.65 77.18 -5.937e+14 2.696e+13 -4.370e+14 0.02301 271.31390 5.8249e+13 5.7947e+13 5.4929e+13 2.8974e+13 6.0361e+12 73.90364 60.41 0.02787 0.64048 0.48884 100.24052 142.79929 -55.82701 0.97890 0.76765 -59.84166 38.58319 96.72152 0.5938 4.912e+13 7.938e+13
21 110 3.6217e+12 311.54 318.70 382.681 129.709 43 60.31465 33.73271 31.13299 -351.71 -735.12 57.51 6.599e+12 -2.353e+12 2.189e+13 0.00678 129.70938 3.6217e+12 3.6217e+12 2.4145e+12 3.0181e+11 0.0000e+00 58.16348 31.00 0.08898 0.15289 0.08058 -39.92738 -116.00132 136.49364 0.00000 0.00000 0.00000 0.00000 0.00000 1.0060 3.672e+12 4.527e+12
22 19 9.3560e+12 542.21 593.61 525.085 40.703 46 53.20942 41.99311 58.94225 -289.88 825.42 270.58 -2.434e+13 -6.362e+13 1.113e+12 0.03169 40.70269 1.0261e+13 9.3560e+12 9.0542e+12 8.1488e+12 3.6217e+12 11.99204 19.54 0.05422 0.72050 0.37861 -58.59111 76.20827 -16.58781 0.77876 0.37096 -51.40636 72.07141 1.32002 0.8511 1.087e+13 3.622e+12
23 18 7.6357e+13 963.61 1011.35 1057.181 139.010 236 53.32101 41.81615 58.93293 -2.96 -148.74 -376.03 2.041e+13 2.186e+14 4.813e+14 0.01053 145.03293 7.6357e+13 7.6055e+13 7.3943e+13 5.9154e+13 2.3541e+13 27.19443 139.99 0.01273 0.77710 0.34568 93.16211 -43.46500 141.49593 0.66778 0.23103 77.02638 -20.63784 123.22717 0.6731 7.281e+13 4.889e+13
24 25 1.2374e+13 502.81 459.14 576.373 102.189 118 70.90735 60.42266 56.09848 48.13 261.30 -807.54 1.818e+12 4.128e+13 5.550e+13 0.02967 102.18927 1.2374e+13 1.2374e+13 1.1469e+13 7.8470e+12 1.5090e+12 52.76658 0.00 0.03456 0.64528 0.48308 -33.93797 105.13041 -67.68321 0.66567 0.23366 58.94857 -79.20895 58.64833 0.5633 1.337e+13 9.960e+12
25 26 4.8289e+13 771.33 785.33 907.436 290.793 193 71.30286 62.29295 54.81068 10.94 -122.45 -384.44 -3.852e+14 -2.283e+14 -4.105e+14 0.02459 193.23581 4.8289e+13 4.8289e+13 4.7082e+13 2.5955e+13 8.1488e+12 101.34172 38.01 0.03136 0.66836 0.49159 73.40825 117.39838 -75.13439 0.56333 0.48171 47.00663 101.46956 -19.16942 0.6521 4.248e+13 5.433e+13
26 22 4.7987e+13 782.03 784.12 905.542 257.818 195 38.24397 16.12937 42.17760 248.30 262.83 96.17 -6.041e+14 2.988e+14 3.256e+14 0.03254 171.74089 4.7987e+13 4.7987e+13 4.7082e+13 3.0784e+13 1.0261e+13 77.41700 49.91 0.03905 0.70196 0.38810 69.52696 123.09010 46.40245 0.59713 0.29585 27.98613 103.92457 47.36425 0.6252 4.328e+13 4.950e+13
27 23 1.2072e+12 226.23 166.21 265.336 55.193 34 39.35305 17.86901 42.68099 181.94 -298.88 -122.25 -4.787e+11 3.787e+12 -1.059e+12 0.02716 55.19315 1.2072e+12 1.2072e+12 1.2072e+12 0.0000e+00 0.0000e+00 155.29410 0.00 0.09569 0.71971 0.09152 143.30405 86.19175 -43.72235 0.00000 0.00000 0.00000 0.00000 0.00000 1.1836 4.723e+12 6.036e+11
28 24 1.5090e+12 231.13 196.54 285.824 114.159 58 38.49295 19.98858 43.00478 366.10 -327.69 106.46 -1.034e+12 1.042e+12 -5.282e+12 0.03083 114.15914 1.5090e+12 9.0542e+11 9.0542e+11 0.0000e+00 0.0000e+00 118.21021 87.43 0.09130 0.63959 0.23698 -76.88411 61.88523 113.96964 0.00000 0.00000 0.00000 0.00000 0.00000 1.1916 5.893e+12 3.018e+12
29 27 8.1488e+12 407.11 492.93 501.453 179.448 210 29.86485 12.28963 4.80460 -133.09 127.48 213.01 3.563e+13 4.368e+13 -6.091e+12 0.02222 179.44797 8.1488e+12 8.1488e+12 6.9416e+12 3.3199e+12 0.0000e+00 41.80899 29.32 0.05680 0.16560 0.05864 125.98267 -1.16118 3.65868 0.13449 0.04792 125.64126 1.72798 2.25680 1.1177 2.006e+13 1.298e+13
30 20 4.8289e+12 342.41 342.67 421.194 146.620 47 92.73724 42.94452 60.84736 378.91 -178.93 18.10 -1.764e+13 4.234e+13 -8.683e+12 0.00483 146.62025 4.8289e+12 4.8289e+12 3.3199e+12 0.0000e+00 0.0000e+00 63.82629 16.73 0.11188 0.27911 0.09465 -82.86465 -15.08839 193.77110 0.00000 0.00000 0.00000 0.00000 0.00000 0.9982 6.733e+12 7.243e+12
31 20 2.9879e+13 688.61 694.15 773.252 120.787 139 93.72449 42.50405 61.21106 -212.72 -250.02 119.08 -4.653e+13 -8.659e+13 -3.314e+14 0.03364 120.78716 2.9879e+13 2.9275e+13 2.8974e+13 1.9919e+13 7.8470e+12 62.89867 0.00 0.03972 0.81562 0.50366 -73.80898 86.35844 -41.07271 0.93192 0.49152 16.09059 90.62315 -9.46729 0.6322 2.695e+13 1.992e+13
32 21 1.1469e+13 530.29 455.51 561.958 64.677 53 95.14059 41.58121 62.10850 -432.22 -470.56 -412.99 -1.474e+13 3.501e+13 4.583e+13 0.02969 64.67651 1.1469e+13 1.1469e+13 1.1167e+13 8.7524e+12 1.8108e+12 31.80812 21.41 0.03374 0.72296 0.57768 106.12486 -25.88583 46.13016 0.85200 0.46675 90.29136 0.50410 17.75485 0.5670 1.182e+13 5.131e+12
33 32 1.7505e+13 573.66 542.03 647.021 103.735 93 52.12460 13.47665 40.37239 89.59 598.26 -17.36 2.701e+13 -6.665e+13 2.239e+14 0.05387 103.73451 1.7505e+13 1.6901e+13 1.5694e+13 1.2676e+13 3.3199e+12 101.52406 12.78 0.06589 0.79824 0.49920 -72.66456 40.14277 97.22986 0.49300 0.27172 -83.62415 29.60328 86.88256 0.6205 1.909e+13 1.268e+13
34 33 1.0865e+13 449.59 394.34 551.921 185.018 44 52.44717 14.51118 40.58112 -167.13 250.70 -135.50 -5.061e+13 -3.402e+13 1.078e+12 0.03217 185.01773 1.0865e+13 1.0865e+13 9.9596e+12 4.5271e+12 1.8108e+12 12.68629 0.00 0.03783 0.40767 0.18635 -99.97286 44.43702 105.89367 0.67832 0.36962 71.90805 -7.16646 -53.70495 0.5184 9.421e+12 1.328e+13
35 34 2.3541e+13 626.61 606.12 714.180 122.081 106 52.95297 15.91509 40.92989 -270.29 3.92 -52.26 3.501e+13 -2.086e+14 1.827e+13 0.03093 122.08115 2.3541e+13 2.3541e+13 2.3239e+13 1.6901e+13 6.3380e+12 83.71429 0.00 0.03631 0.86339 0.55753 -2.59831 49.19331 116.86974 0.90532 0.40930 22.67195 2.45185 92.25311 0.6022 2.239e+13 1.871e+13
36 15 3.8028e+13 834.34 837.32 837.978 56.775 187 73.13556 69.24998 53.17218 -144.42 -159.55 -202.15 -1.632e+14 2.459e+14 1.432e+14 0.02126 75.59881 3.8028e+13 3.7726e+13 3.7122e+13 3.1388e+13 1.2072e+13 43.62110 50.16 0.02522 0.72485 0.59020 85.02026 66.20585 70.68735 0.69711 0.56835 72.82231 71.92628 58.51850 0.6865 4.147e+13 1.177e+13
37 16 4.8289e+12 380.74 497.02 421.194 60.449 53 74.51192 69.98525 53.77977 -671.26 -290.17 -469.87 -1.033e+13 3.632e+12 -9.813e+12 0.02276 60.44860 5.4325e+12 4.8289e+12 4.8289e+12 3.3199e+12 0.0000e+00 39.75913 51.92 0.03523 0.29166 0.11759 -3.86976 -37.22907 122.91878 0.25933 0.02917 1.38954 -16.78796 95.57584 1.2649 4.924e+12 3.018e+12
38 35 1.2374e+13 526.50 510.68 576.373 78.164 101 67.67897 80.96856 47.98559 23.96 72.14 -133.00 -3.484e+12 -7.843e+13 -2.555e+13 0.03423 78.16395 1.2374e+13 1.2072e+13 1.1469e+13 9.3560e+12 2.7163e+12 77.79235 6.76 0.04123 0.73947 0.43825 57.72081 -39.19177 88.35648 0.79656 0.26996 16.40793 84.71039 -19.19839 0.6311 1.178e+13 7.847e+12
39 36 1.2072e+12 219.36 87.35 265.336 72.771 128 65.65768 85.03874 46.62021 126.65 -88.22 -83.12 9.909e+11 2.951e+12 1.448e+12 0.04752 72.77054 1.2072e+12 1.2072e+12 3.0181e+11 0.0000e+00 0.0000e+00 116.60513 25.05 0.08292 0.68191 0.36924 9.26469 -59.17848 127.31293 0.00000 0.00000 0.00000 0.00000 0.00000 1.7550 8.421e+12 1.207e+12
40 37 5.1005e+13 779.48 787.70 924.141 337.606 217 54.45902 28.14351 36.09319 -79.56 -104.94 -87.02 7.387e+13 -3.959e+14 -7.886e+12 0.01553 209.44881 5.1005e+13 5.1005e+13 4.9496e+13 3.0483e+13 9.6578e+12 44.64756 34.69 0.01899 0.55469 0.41025 111.97415 51.16982 -104.33002 0.68497 0.52905 79.37947 34.73166 -70.52610 0.6284 4.441e+13 5.704e+13
41 42 2.9275e+13 741.32 737.15 768.009 79.484 178 46.30779 28.73709 45.56627 216.98 -184.70 -43.52 -3.159e+13 -1.543e+13 -7.662e+13 0.00855 79.48413 2.9275e+13 2.8974e+13 2.8370e+13 2.4748e+13 9.0542e+12 64.49353 0.00 0.01002 0.85204 0.68720 73.75482 -57.62129 -68.80975 0.95918 0.77828 -28.04209 51.95273 83.64130 0.6643 3.141e+13 1.509e+13
42 41 1.8410e+13 620.99 603.63 657.990 75.679 106 66.71602 94.26021 67.25224 -58.68 363.59 -214.71 6.294e+13 -1.125e+13 4.353e+12 0.01428 75.67917 1.8410e+13 1.8410e+13 1.8410e+13 1.3581e+13 5.4325e+12 76.74077 0.00 0.01651 0.59403 0.37315 -0.55693 120.45292 37.16714 0.59526 0.37756 11.12251 102.67940 28.48748 0.6313 1.785e+13 1.117e+13
43 38 1.1469e+13 529.90 449.00 561.958 64.902 102 81.99181 15.04592 2.04824 -159.23 141.15 -56.78 4.449e+12 -5.113e+13 6.049e+13 0.04112 64.90202 1.1469e+13 1.0865e+13 1.0563e+13 7.2434e+12 3.6217e+12 38.75986 14.56 0.04497 0.76157 0.39702 -21.47643 84.82802 -14.12378 0.57329 0.35558 -15.16904 69.26396 -28.52506 0.5380 1.129e+13 5.131e+12
44 39 6.0361e+12 464.66 446.95 453.718 36.372 64 86.59024 14.09414 0.12449 31.49 -7.21 30.15 -4.035e+12 -2.443e+13 -6.923e+13 0.06792 36.37218 6.0361e+12 6.0361e+12 6.0361e+12 5.1307e+12 0.0000e+00 26.93405 45.00 0.12148 0.36753 0.03719 26.37380 114.20141 -86.08691 0.11653 0.02143 47.25151 119.61384 -101.29218 0.8237 7.517e+12 9.054e+11
45 82 2.4145e+12 279.79 330.83 334.302 81.085 45 24.29899 29.96235 63.57006 323.27 -47.97 -47.39 1.011e+12 -3.315e+12 6.740e+10 0.01659 81.08487 2.4145e+12 2.4145e+12 2.4145e+12 1.2072e+12 0.0000e+00 147.05048 0.00 0.02637 0.38879 0.35842 57.03339 51.02838 -37.22206 0.65101 0.25699 -63.59647 -35.77223 85.95104 1.4109 3.975e+12 2.414e+12
46 68 6.0361e+12 368.98 280.03 453.718 156.838 88 27.11414 28.91847 63.67891 68.44 32.74 5.34 -2.824e+13 -1.673e+13 -1.828e+13 0.04555 156.83849 6.0361e+12 6.0361e+12 4.2253e+12 3.0181e+11 0.0000e+00 58.45182 31.21 0.06208 0.51044 0.12103 171.61479 30.56662 14.65946 0.00000 0.00000 0.00000 0.00000 0.00000 0.5138 1.007e+13 9.658e+12
47 69 2.4145e+12 273.42 201.98 334.302 105.055 32 29.26545 28.15538 64.90710 -87.84 -26.17 -270.83 6.941e+12 1.188e+13 -6.019e+12 0.06899 105.05486 2.4145e+12 2.4145e+12 2.1127e+12 6.0361e+11 0.0000e+00 49.48206 28.10 0.11425 0.00324 0.00000 -55.20373 146.35612 26.41236 0.00000 0.00000 0.00000 0.00000 0.00000 0.5941 2.802e+12 3.018e+12
48 49 1.8410e+13 602.73 540.22 657.990 87.928 125 99.37041 22.21470 75.48331 10.73 51.94 120.55 4.974e+13 -2.083e+13 -2.993e+13 0.01316 87.92844 1.8410e+13 1.8410e+13 1.7203e+13 9.6578e+12 5.1307e+12 97.37233 13.24 0.01589 0.32418 0.22910 8.75700 120.00303 11.01575 0.34146 0.27849 2.04871 98.19733 14.63031 0.6081 1.703e+13 9.658e+12
49 49 6.3380e+12 386.62 209.50 461.157 110.141 31 99.58243 22.02152 76.30726 -74.93 52.56 -319.68 -8.648e+12 2.144e+13 8.274e+12 0.03304 110.14133 6.3380e+12 6.3380e+12 6.3380e+12 3.0181e+11 0.0000e+00 56.13362 22.81 0.03740 0.02173 0.00991 34.64386 -97.11619 110.36746 0.00000 0.00000 0.00000 0.00000 0.00000 0.2849 5.641e+12 6.338e+12
50 48 3.1086e+13 690.33 691.16 783.529 161.363 149 65.07915 4.46746 71.90882 -32.71 79.85 -72.77 1.750e+14 -1.830e+14 -3.920e+14 0.04249 130.50227 3.1086e+13 3.1086e+13 2.9879e+13 1.9617e+13 1.0261e+13 71.20937 5.95 0.05020 0.63317 0.54428 111.44473 69.83588 -8.00981 0.73510 0.46775 88.03808 53.63091 4.10280 0.6220 2.697e+13 2.746e+13
51 47 2.6861e+13 660.41 663.53 746.287 121.034 124 42.05397 42.27448 82.47545 127.29 -242.12 -264.95 -1.421e+14 5.368e+13 -1.580e+13 0.01812 121.03380 2.6861e+13 2.6861e+13 2.6257e+13 1.9014e+13 7.5452e+12 58.12312 0.00 0.02096 0.67233 0.48719 44.54293 44.55864 98.50909 0.71131 0.51699 71.80740 38.58779 40.86227 0.6202 2.326e+13 1.962e+13
52 50 2.8068e+13 678.20 640.38 757.304 114.525 141 65.89388 64.30850 38.65632 -76.16 -1.46 167.51 -5.123e+13 -1.377e+14 5.145e+13 0.01782 114.52477 2.8068e+13 2.8068e+13 2.6861e+13 1.4487e+13 8.4506e+12 150.32468 0.00 0.01985 0.51695 0.36524 75.50886 68.49208 23.47186 0.43567 0.30161 59.82558 60.13563 26.12424 0.5726 2.551e+13 1.630e+13
53 56 2.7163e+12 282.71 213.72 347.688 120.563 51 80.59615 83.85824 3.07295 -162.77 331.31 382.47 -1.966e+12 -4.139e+12 -5.837e+12 0.03027 120.56317 2.7163e+12 2.7163e+12 1.8108e+12 3.0181e+11 0.0000e+00 28.04708 30.05 0.04640 0.70855 0.39230 100.53696 -3.87095 35.98348 0.00000 0.00000 0.00000 0.00000 0.00000 0.5363 4.953e+12 5.131e+12
54 56 1.3280e+13 538.02 472.71 590.102 80.836 80 79.31354 85.19762 4.74317 22.69 90.91 130.52 -2.537e+13 -2.148e+13 -5.788e+13 0.02643 80.83604 1.3280e+13 1.3280e+13 1.2676e+13 1.0261e+13 1.2072e+12 45.09738 0.00 0.02964 0.64520 0.43889 73.85847 -25.97508 99.87096 0.50277 0.33791 3.01220 100.40860 -45.58836 0.5555 1.268e+13 8.451e+12
55 45 6.0361e+12 388.57 297.57 453.718 91.306 59 39.15971 2.78815 4.57886 161.92 290.58 157.99 -4.807e+12 -1.331e+13 -2.287e+13 0.03521 91.30579 6.0361e+12 6.0361e+12 4.2253e+12 3.6217e+12 0.0000e+00 27.87924 71.10 0.04444 0.59342 0.22538 -105.02391 115.31378 21.28344 0.36312 0.27526 -75.63663 104.99506 33.70486 0.5260 9.032e+12 4.225e+12
56 46 1.3581e+13 532.33 487.00 594.539 90.014 67 39.97720 4.20740 6.26588 -141.66 239.82 -70.14 7.677e+13 -3.504e+13 9.210e+13 0.04629 90.01369 1.3581e+13 1.3581e+13 1.3581e+13 9.3560e+12 1.8108e+12 54.76178 0.00 0.05342 0.60267 0.29503 68.35780 -83.23594 67.33915 0.15032 0.05555 -44.28160 98.12628 -34.97791 0.5773 1.286e+13 9.356e+12
57 57 1.9014e+13 720.31 644.60 665.104 42.785 121 89.90080 35.49841 66.97926 -61.19 -140.82 -151.37 1.183e+14 -5.006e+13 1.027e+14 0.04047 42.78458 1.9014e+13 1.8712e+13 1.8712e+13 1.5694e+13 9.3560e+12 39.27499 11.28 0.04015 0.71393 0.67033 -26.81349 18.60619 90.19196 0.77130 0.60255 -40.17383 16.41354 71.64072 0.5853 2.155e+13 8.451e+12
58 51 9.0542e+12 444.62 359.92 519.377 104.841 116 4.79403 3.46753 77.08907 -57.12 379.90 173.36 2.335e+13 1.005e+13 4.646e+13 0.03725 104.84144 9.0542e+12 9.0542e+12 8.1488e+12 4.8289e+12 0.0000e+00 103.87756 0.00 0.04452 0.69615 0.11781 38.94192 -85.29192 123.21615 0.40389 0.16177 -43.58834 102.80007 -95.33221 0.5173 1.047e+13 7.545e+12
59 44 6.0361e+12 373.42 513.69 453.718 131.159 114 71.59779 22.61338 98.95391 82.88 -541.05 554.50 9.914e+12 3.795e+13 -2.558e+13 0.06423 131.15901 6.3380e+12 6.0361e+12 5.7343e+12 6.0361e+11 0.0000e+00 39.21130 0.00 0.07737 0.83607 0.34989 10.44716 113.16878 -94.44934 0.00000 0.00000 0.00000 0.00000 0.00000 1.5757 8.297e+12 7.545e+12
60 53 1.7807e+13 712.40 686.10 650.719 40.185 114 38.79392 21.73753 60.84287 105.01 339.58 -167.38 5.563e+12 5.975e+13 2.367e+13 0.01601 40.18476 1.7807e+13 1.7807e+13 1.6599e+13 1.4789e+13 1.0563e+13 18.31074 0.00 0.01756 0.66425 0.60017 -21.66518 7.65003 96.05044 0.78917 0.72710 5.72893 -30.64655 76.91785 0.6731 2.354e+13 7.243e+12
61 61 1.3280e+13 561.93 476.11 590.102 65.034 68 38.14548 9.19543 9.15925 6.34 293.68 -62.58 6.215e+13 1.481e+13 2.328e+13 0.02821 65.03378 1.3280e+13 1.3280e+13 1.3280e+13 9.9596e+12 4.2253e+12 56.88662 0.00 0.03019 0.86555 0.70909 14.84790 68.42161 65.58280 0.55109 0.32264 35.73722 28.82496 65.68330 0.5412 1.261e+13 6.036e+12
62 62 7.2434e+12 501.38 361.07 482.147 36.333 41 38.51064 10.49521 9.90248 -230.30 -17.20 -89.36 1.294e+13 -2.810e+13 7.185e+12 0.04245 36.33322 7.2434e+12 7.2434e+12 7.2434e+12 5.7343e+12 3.3199e+12 11.64983 0.00 0.03872 0.76186 0.58290 56.33863 53.48188 -48.89154 0.79785 0.03746 -42.55259 58.99888 -26.79701 0.4130 8.664e+12 3.018e+12
63 65 6.9416e+12 398.22 318.94 475.356 114.319 53 96.06838 93.93809 91.10223 0.18 447.89 279.75 3.458e+13 -5.754e+12 -5.556e+12 0.03088 114.31863 6.9416e+12 6.9416e+12 6.9416e+12 3.0181e+11 0.0000e+00 46.82822 0.00 0.04645 0.79618 0.73889 116.00246 144.71979 141.80836 0.00000 0.00000 0.00000 0.00000 0.00000 0.6088 7.205e+12 6.942e+12
64 66 3.0181e+12 310.52 291.55 360.116 69.040 54 97.00820 96.48454 92.48498 54.95 356.43 205.99 -6.567e+12 -4.885e+12 3.099e+13 0.02887 69.04011 3.0181e+12 3.0181e+12 3.0181e+12 3.0181e+11 0.0000e+00 61.47358 0.00 0.16814 0.18378 0.08064 106.10145 78.75349 41.69677 0.00000 0.00000 0.00000 0.00000 0.00000 0.9682 4.442e+12 1.509e+12
65 67 7.2434e+12 395.52 316.93 482.147 145.295 105 52.80752 45.95162 44.18537 -87.86 -253.09 13.00 1.737e+13 -2.064e+12 -4.985e+12 0.01547 145.29495 7.2434e+12 7.2434e+12 4.5271e+12 6.0361e+11 0.0000e+00 65.35560 0.00 0.02217 0.85119 0.10093 100.89618 42.08262 -51.67464 0.00000 0.00000 0.00000 0.00000 0.00000 0.5866 8.185e+12 9.054e+12
66 86 1.4185e+13 517.15 451.91 603.219 120.471 103 65.46774 91.38493 27.20655 168.58 328.46 -9.83 -1.076e+14 -3.084e+13 -6.319e+13 0.04427 120.47101 1.4185e+13 1.4185e+13 1.3581e+13 6.6398e+12 2.4145e+12 103.73658 0.00 0.05112 0.82352 0.23381 -26.77578 -67.78877 85.49025 0.48847 0.24671 14.30230 63.51108 -45.98677 0.5383 1.241e+13 1.207e+13
67 14 2.0825e+13 624.36 582.91 685.581 94.495 100 71.79276 67.91129 54.78762 185.19 -71.85 -671.46 1.545e+14 -7.892e+13 2.392e+13 0.03385 94.49483 2.0825e+13 2.0221e+13 1.8712e+13 1.5090e+13 6.0361e+12 34.01493 5.25 0.03673 0.83759 0.50474 0.34550 -76.40528 81.85978 0.87003 0.49167 -10.08253 91.60351 -0.05101 0.5661 1.935e+13 1.328e+13
68 71 1.7203e+13 587.17 576.16 643.281 87.592 99 42.17521 85.35213 45.76194 136.19 54.32 -30.59 8.710e+12 -2.502e+13 -3.035e+13 0.00961 87.59158 1.7203e+13 1.6901e+13 1.5996e+13 1.1167e+13 4.5271e+12 88.53206 10.71 0.01162 0.46186 0.28094 137.41376 -4.13597 -3.62775 0.55218 0.20737 102.37904 -28.95482 -1.44300 0.6430 1.633e+13 1.117e+13
69 104 3.9235e+12 318.99 246.10 393.028 141.534 99 51.45918 40.99172 48.84193 13.96 -118.00 12.99 1.060e+13 -8.456e+12 -1.241e+12 0.03185 141.53372 3.9235e+12 3.9235e+12 2.7163e+12 9.0542e+11 0.0000e+00 51.21490 28.69 0.04612 0.10000 0.06888 78.09511 -15.01086 20.28066 0.19364 0.00000 58.91919 -16.37751 13.87241 0.5399 7.514e+12 6.640e+12
70 54 3.9235e+12 319.06 260.33 393.028 140.887 98 43.12255 17.70737 46.44501 -101.08 130.72 -440.39 -1.291e+13 1.281e+13 1.035e+13 0.04490 140.88721 3.9235e+12 3.9235e+12 2.1127e+12 9.0542e+11 0.0000e+00 94.28479 13.39 0.07090 0.42361 0.02477 -48.33770 -12.95508 59.74774 0.32584 0.02416 -63.88164 -19.23494 65.05667 0.6087 9.650e+12 9.054e+12
71 60 2.2032e+13 750.80 656.23 698.581 46.268 97 34.59828 5.36136 41.06679 59.66 379.83 -17.93 -3.881e+13 -2.081e+13 -3.276e+13 0.00894 46.26786 2.2032e+13 2.1730e+13 2.1428e+13 1.2978e+13 8.7524e+12 100.65052 7.81 0.01048 0.45914 0.34820 -5.20899 116.58602 26.41771 0.55416 0.50821 -6.09222 85.58904 9.71143 0.6548 2.193e+13 8.451e+12
72 70 1.1167e+13 470.29 542.29 556.985 125.126 96 86.79688 14.14684 99.88441 -277.47 23.04 200.05 -1.198e+13 -2.468e+13 1.406e+13 0.00458 125.12576 1.1167e+13 1.0865e+13 1.0261e+13 5.1307e+12 0.0000e+00 82.67035 9.12 0.01827 0.65022 0.17306 -80.95622 114.65778 54.85243 0.26205 0.04588 -61.68533 136.28711 57.90069 0.9582 9.408e+12 1.026e+13
73 55 8.1488e+12 487.82 379.54 501.453 50.095 84 96.40891 22.66977 1.54760 -350.09 -253.79 -23.36 1.256e+13 -3.250e+12 1.775e+12 0.01404 50.09546 8.1488e+12 8.1488e+12 7.8470e+12 6.9416e+12 3.0181e+12 12.59065 0.00 0.01312 0.70307 0.63244 74.62785 -24.20542 57.37680 0.83676 0.62638 61.65117 -18.85971 57.76445 0.4309 8.773e+12 3.923e+12
74 76 1.8712e+13 597.95 589.13 661.566 95.006 83 38.17488 83.20641 96.09254 176.14 143.08 60.61 3.248e+12 -1.254e+14 5.787e+13 0.02981 95.00637 1.8712e+13 1.8712e+13 1.8410e+13 1.3280e+13 5.1307e+12 33.24390 0.00 0.03463 0.50273 0.44821 38.77515 91.56547 54.77785 0.74760 0.53394 4.91899 67.33827 47.99006 0.6238 1.714e+13 1.268e+13
75 73 2.1127e+12 259.61 163.18 319.749 114.210 82 79.27027 26.04994 79.30688 -132.58 -165.21 -25.79 1.744e+12 1.630e+12 -1.458e+13 0.04444 114.20956 2.1127e+12 2.1127e+12 3.0181e+11 0.0000e+00 0.0000e+00 122.66930 129.07 0.14046 0.46748 0.27407 82.43910 -44.64825 163.75734 0.00000 0.00000 0.00000 0.00000 0.00000 0.8597 6.679e+12 3.018e+12
76 64 9.0542e+12 419.88 336.58 519.377 209.599 80 60.10551 28.73042 86.22405 267.77 -266.48 205.82 2.129e+13 -3.598e+13 -3.213e+13 0.03240 209.59903 9.0542e+12 8.4506e+12 6.3380e+12 1.8108e+12 0.0000e+00 107.28057 57.95 0.04432 0.78644 0.59563 2.14197 208.68044 -161.34303 0.62648 0.07962 -77.52927 84.10574 -16.17164 0.5591 9.140e+12 1.358e+13
77 74 3.0181e+12 315.85 134.74 360.116 61.690 36 58.74392 0.70673 62.55543 119.94 -3.40 114.44 -9.658e+12 1.392e+13 4.364e+12 0.08690 61.69031 3.0181e+12 3.0181e+12 3.0181e+12 6.0361e+11 0.0000e+00 30.44455 0.00 0.09179 0.70207 0.21162 -92.95753 85.67931 -78.45880 0.00000 0.00000 0.00000 0.00000 0.00000 0.1666 3.432e+12 1.811e+12
78 75 3.3199e+12 347.11 244.77 371.741 45.047 43 56.90211 0.09441 66.89366 204.71 247.33 91.92 -3.928e+12 5.213e+12 3.594e+12 0.02860 45.04665 3.3199e+12 3.3199e+12 3.3199e+12 2.1127e+12 0.0000e+00 47.35695 0.00 0.03335 0.51678 0.20761 -121.76821 -0.29665 122.09999 0.49098 0.06725 -68.28120 -42.00524 81.49039 0.4542 4.188e+12 2.113e+12
79 78 1.1469e+13 465.23 395.46 561.958 151.834 79 51.71381 52.93050 39.78673 147.44 -137.91 -100.72 -3.611e+13 -5.849e+13 6.618e+12 0.03353 151.83429 1.1469e+13 1.1469e+13 1.0865e+13 5.1307e+12 0.0000e+00 34.82301 0.00 0.03915 0.88842 0.30782 -86.48375 16.99958 112.14031 0.75539 0.49376 0.49053 131.19754 -76.39056 0.5122 1.010e+13 1.177e+13
80 79 1.2072e+13 593.90 499.37 571.649 43.237 57 69.99310 39.20245 55.86308 -107.14 -241.60 -121.16 1.965e+13 -6.922e+08 -2.020e+11 0.00956 43.23721 1.2072e+13 1.2072e+13 1.1167e+13 8.7524e+12 5.4325e+12 59.95009 0.00 0.01023 0.63722 0.53823 43.83562 74.97652 -6.25769 0.64048 0.63801 40.01143 59.18229 2.47026 0.5757 1.264e+13 5.433e+12
81 63 1.1770e+13 466.21 422.07 566.845 165.212 78 32.56073 13.90213 43.52801 384.75 46.43 -99.23 2.729e+13 4.049e+13 1.486e+14 0.06094 165.21164 1.1770e+13 1.1469e+13 1.0865e+13 6.0361e+11 0.0000e+00 145.59262 8.05 0.08491 0.11134 0.00341 286.76096 75.85201 15.56603 0.00000 0.00000 0.00000 0.00000 0.00000 0.6290 1.054e+13 1.358e+13
82 77 6.3380e+12 379.50 292.40 461.157 133.458 72 62.14857 9.08561 89.20761 67.30 98.40 -6.30 7.794e+12 -2.106e+13 2.120e+13 0.03664 133.45782 6.3380e+12 6.3380e+12 5.4325e+12 3.0181e+11 0.0000e+00 70.05659 73.17 0.04704 0.20893 0.00000 91.37840 31.81580 84.99419 0.00000 0.00000 0.00000 0.00000 0.00000 0.5146 5.330e+12 6.338e+12
83 72 9.0542e+11 222.74 116.91 241.074 30.810 71 51.37273 17.58364 43.89878 -163.35 49.34 -468.26 -6.612e+11 6.238e+11 5.331e+11 0.01369 30.80964 9.0542e+11 9.0542e+11 9.0542e+11 0.0000e+00 0.0000e+00 137.14552 0.00 0.04111 0.00000 0.00000 0.00000 0.00000 0.00000 0.00000 0.00000 0.00000 0.00000 0.00000 0.6887 5.032e+12 0.000e+00
84 59 1.5090e+12 284.77 155.31 285.824 25.713 64 65.15134 25.36916 89.00420 212.66 -21.83 83.49 1.802e+12 -2.066e+12 -6.199e+11 0.03096 25.71339 1.5090e+12 1.5090e+12 1.5090e+12 1.5090e+12 0.0000e+00 101.69035 0.00 0.04680 0.65138 0.04149 -31.19434 58.34835 -51.73207 0.64627 0.51140 64.12885 -38.13228 51.75259 0.4478 6.376e+12 3.018e+11
85 80 7.2434e+12 451.95 330.38 482.147 57.318 64 2.15628 17.86257 53.62661 -93.90 258.37 -143.95 4.465e+12 -9.907e+12 7.363e+12 0.01508 57.31779 7.2434e+12 7.2434e+12 6.9416e+12 5.7343e+12 0.0000e+00 17.84640 0.00 0.01600 0.45629 0.16877 -18.13529 104.21922 60.18079 0.08727 0.01964 37.15653 76.84480 -0.17554 0.4491 7.456e+12 2.716e+12
86 90 1.1167e+13 496.17 430.22 556.985 86.843 61 5.34481 13.00345 11.41192 -86.64 -139.93 -280.88 -7.488e+12 4.032e+13 2.938e+13 0.02732 86.84341 1.1167e+13 1.1167e+13 1.1167e+13 7.5452e+12 2.1127e+12 43.71112 0.00 0.02990 0.85283 0.70835 -24.04536 25.19459 107.81657 0.55712 0.23426 67.34070 17.07606 78.24805 0.5211 1.084e+13 7.847e+12
87 88 1.5090e+12 230.84 179.42 285.824 120.972 60 90.13673 89.54452 23.17670 -114.02 350.40 26.39 4.480e+11 -5.140e+12 -4.643e+12 0.05225 120.97249 1.5090e+12 1.2072e+12 6.0361e+11 0.0000e+00 0.0000e+00 67.75719 139.45 0.11559 0.00000 0.00000 -41.70227 36.07178 156.38161 0.00000 0.00000 0.00000 0.00000 0.00000 1.3471 3.601e+12 3.320e+12
88 84 6.0361e+11 178.22 0.00 210.597 46.447 59 53.25796 55.84410 37.42097 52.42 -169.30 -13.06 4.403e+10 -1.003e+12 1.643e+12 0.06865 46.44662 6.0361e+11 6.0361e+11 6.0361e+11 0.0000e+00 0.0000e+00 133.96587 113.08 0.14765 0.00000 0.00000 0.00000 0.00000 0.00000 0.00000 0.00000 0.00000 0.00000 0.00000 0.0000 5.092e+12 3.018e+11
89 92 6.0361e+11 172.25 0.00 210.597 66.165 57 2.62908 12.63169 9.55937 -1.23 -118.38 -133.51 7.447e+11 -7.302e+11 1.445e+12 0.05130 66.16486 6.0361e+11 6.0361e+11 0.0000e+00 0.0000e+00 0.0000e+00 194.07324 101.77 0.13667 0.00000 0.00000 0.00000 0.00000 0.00000 0.00000 0.00000 0.00000 0.00000 0.00000 0.0000 5.900e+12 6.036e+11
90 87 1.0563e+13 607.00 542.76 546.762 32.060 55 37.77028 52.37313 42.85100 267.39 -105.25 -15.97 -9.217e+12 4.933e+13 -5.938e+13 0.04691 32.05987 1.0563e+13 1.0563e+13 9.9596e+12 8.7524e+12 6.9416e+12 26.92535 0.00 0.05055 0.65434 0.33163 -48.76640 74.72448 -12.36471 0.65841 0.35148 -45.71697 64.56937 -7.07517 0.6373 1.433e+13 3.622e+12
91 89 3.6217e+12 316.56 175.53 382.681 104.294 55 36.00492 27.68970 50.62283 425.48 -121.08 -120.14 2.232e+12 9.512e+12 1.720e+12 0.03460 104.29362 3.6217e+12 3.6217e+12 2.7163e+12 9.0542e+11 0.0000e+00 43.87315 0.00 0.03840 0.29386 0.02268 -12.71079 -70.50405 91.91261 0.91214 0.28707 -30.34233 -33.55157 64.29655 0.2885 6.073e+12 3.622e+12
92 81 3.3199e+12 300.28 311.13 371.741 155.835 54 76.95484 57.13323 50.49450 -506.60 -39.39 -81.70 -1.098e+13 2.026e+13 3.944e+13 0.13156 155.83469 3.3199e+12 9.0542e+11 9.0542e+11 6.0361e+11 0.0000e+00 165.70372 160.46 0.20442 0.31130 0.11385 30.63385 120.63567 -106.99672 0.00000 0.00000 0.00000 0.00000 0.00000 1.4720 6.910e+12 7.847e+12
93 94 6.9416e+12 424.47 296.37 475.356 73.099 54 21.65530 13.65085 29.95951 174.09 21.84 -40.68 -1.424e+13 2.285e+13 1.613e+13 0.03797 73.09872 6.9416e+12 6.9416e+12 6.9416e+12 2.4145e+12 0.0000e+00 48.60860 23.11 0.04108 0.77529 0.50230 131.51947 -2.75500 -16.38689 0.45411 0.10357 -35.44333 66.84743 -40.32581 0.4112 6.735e+12 4.225e+12
94 83 7.5452e+12 412.52 327.75 488.753 110.149 52 96.79842 24.44839 49.58142 -74.14 -232.13 268.16 1.397e+11 1.305e+13 2.111e+13 0.02332 110.14906 7.5452e+12 7.5452e+12 7.2434e+12 3.0181e+12 0.0000e+00 23.74777 0.00 0.02827 0.42211 0.31483 117.66177 -77.26110 -93.49665 0.49991 0.11289 -52.30561 74.56730 -40.30632 0.5199 7.352e+12 6.942e+12
95 106 4.5271e+12 371.06 259.06 412.230 60.569 48 3.54406 99.22343 1.15181 -154.84 508.58 19.84 -8.433e+12 -6.963e+11 8.411e+11 0.02041 60.56857 4.5271e+12 4.5271e+12 4.5271e+12 3.0181e+12 0.0000e+00 88.88305 0.00 0.02269 0.62542 0.15027 14.71237 101.67057 -7.10396 0.22053 0.00578 106.50373 -26.04340 -50.43010 0.4268 5.592e+12 2.716e+12
96 101 3.0181e+12 298.21 204.54 360.116 97.003 48 82.37552 30.10987 67.01307 -131.66 -73.62 -12.12 1.553e+13 3.203e+12 6.785e+12 0.06382 97.00319 3.0181e+12 3.0181e+12 2.4145e+12 0.0000e+00 0.0000e+00 90.04501 0.00 0.09048 0.14109 0.00247 149.25893 85.28982 108.32525 0.00000 0.00000 0.00000 0.00000 0.00000 0.4856 4.836e+12 3.320e+12
97 98 6.0361e+12 389.33 311.37 453.718 90.025 47 71.69412 65.29265 54.80438 67.49 -148.80 -635.34 1.121e+13 1.631e+13 1.350e+13 0.03595 90.02531 6.3380e+12 6.0361e+12 4.8289e+12 3.6217e+12 0.0000e+00 40.10850 42.87 0.03958 0.47639 0.11190 125.36115 15.88642 -27.82730 0.55208 0.01585 77.83035 74.56966 -28.92315 0.4557 6.696e+12 4.829e+12
98 97 3.0181e+12 297.12 220.58 360.116 101.059 45 1.82310 25.10878 70.92021 -420.39 -78.20 22.44 -4.493e+12 -8.216e+12 1.255e+13 0.05644 101.05869 3.0181e+12 3.0181e+12 2.1127e+12 1.2072e+12 0.0000e+00 74.43531 0.00 0.08215 0.79283 0.11899 16.35889 129.23553 43.81532 0.70438 0.20185 15.18521 90.14332 83.75190 0.5437 3.565e+12 3.320e+12
99 100 6.0361e+11 184.23 0.00 210.597 36.674 43 90.45183 10.47629 98.68090 1.94 404.36 145.35 3.126e+12 -1.820e+12 -1.407e+12 0.23898 36.67398 6.0361e+11 6.0361e+11 6.0361e+11 0.0000e+00 0.0000e+00 165.58621 198.43 0.29762 0.00000 0.00000 0.00000 0.00000 0.00000 0.00000 0.00000 0.00000 0.00000 0.00000 0.0000 4.106e+12 0.000e+00
100 105 1.5090e+12 235.57 200.55 285.824 81.225 43 77.40485 32.64819 9.72959 -312.62 -392.66 -132.73 -3.751e+12 4.652e+11 1.973e+12 0.02840 81.22458 1.5090e+12 1.5090e+12 0.0000e+00 0.0000e+00 0.0000e+00 66.10880 37.47 0.07101 0.68883 0.00000 179.90819 -58.75561 -62.88825 0.00000 0.00000 0.00000 0.00000 0.00000 1.2921 3.478e+12 1.509e+12
101 108 2.1127e+12 265.36 115.60 319.749 84.166 43 19.42216 12.52219 44.93982 276.47 69.55 -40.83 4.253e+12 -3.538e+12 6.982e+11 0.04290 84.16588 2.1127e+12 2.1127e+12 1.5090e+12 3.0181e+11 0.0000e+00 60.79494 0.00 0.05300 0.23889 0.04829 132.72630 -10.46280 24.74774 0.00000 0.00000 0.00000 0.00000 0.00000 0.2049 4.769e+12 2.113e+12
102 96 5.4325e+12 366.66 271.78 438.060 106.180 42 87.88271 52.99949 70.97552 -137.29 -372.16 -161.89 2.847e+12 -1.597e+10 -1.325e+13 0.02156 106.17992 5.4325e+12 5.4325e+12 5.1307e+12 2.4145e+12 0.0000e+00 33.94705 51.09 0.02669 0.34983 0.00603 72.21705 96.61644 -89.65878 0.30112 0.04239 50.17966 78.64229 -71.91260 0.4951 4.764e+12 5.433e+12
103 -1 9.0542e+11 195.32 154.79 241.074 90.559 42 41.73948 29.88902 76.14065 217.40 19.41 -243.16 -1.312e+12 -4.258e+11 -4.525e+12 0.14385 90.55864 9.0542e+11 6.0361e+11 0.0000e+00 0.0000e+00 0.0000e+00 147.95735 148.26 0.18457 0.00000 0.00000 0.00000 0.00000 0.00000 0.00000 0.00000 0.00000 0.00000 0.00000 3.2821 3.197e+12 1.207e+12
104 63 1.2072e+12 214.64 133.96 265.336 104.504 42 34.29301 15.27833 45.18596 298.57 49.23 -401.34 -3.005e+11 -1.337e+12 8.419e+12 0.05356 104.50445 1.2072e+12 3.0181e+11 3.0181e+11 0.0000e+00 0.0000e+00 53.73876 36.42 0.20603 0.00000 0.00000 125.28229 -5.14221 -33.77533 0.00000 0.00000 0.00000 0.00000 0.00000 0.8354 3.496e+12 1.509e+12
105 -1 6.0361e+11 180.24 0.00 210.597 42.582 41 70.92258 70.40973 55.75085 298.11 -270.14 -687.04 9.581e+11 1.618e+11 1.897e+11 0.01589 42.58154 6.0361e+11 6.0361e+11 6.0361e+11 0.0000e+00 0.0000e+00 154.03401 50.46 0.07592 0.00000 0.00000 0.00000 0.00000 0.00000 0.00000 0.00000 0.00000 0.00000 0.00000 0.0000 3.888e+12 3.018e+11
106 95 3.3199e+12 373.95 207.32 371.741 32.103 41 97.46974 23.63612 53.05114 -92.74 -56.77 4.63 2.002e+13 -7.940e+12 5.049e+12 0.09905 32.10287 3.3199e+12 3.3199e+12 3.3199e+12 2.1127e+12 1.5090e+12 31.88302 0.00 0.09899 0.39025 0.05590 -37.51374 90.29926 97.83302 0.58580 0.16419 71.69159 -16.29697 2.44726 0.3159 4.147e+12 1.509e+12
107 107 4.2253e+12 325.77 243.56 402.858 160.848 37 86.58680 70.45367 9.71967 -268.84 201.89 105.73 7.085e+11 1.453e+13 1.546e+13 0.04395 160.84796 4.2253e+12 3.9235e+12 2.7163e+12 9.0542e+11 0.0000e+00 56.57985 30.59 0.06356 0.22326 0.04285 14.72350 -57.29142 63.43737 0.03128 0.00000 8.28859 -74.27375 74.92249 0.5535 4.143e+12 6.338e+12
108 109 5.1307e+12 354.76 248.68 429.793 120.030 37 96.19897 28.40056 63.68482 -13.75 90.07 104.66 2.309e+13 -2.349e+13 -2.870e+13 0.07516 120.03027 5.1307e+12 5.1307e+12 3.9235e+12 1.5090e+12 0.0000e+00 90.41863 29.78 0.09463 0.13587 0.01018 145.25996 105.73578 72.87292 0.62679 0.16873 88.77348 102.16189 43.39170 0.4605 4.842e+12 5.131e+12
109 111 1.2072e+12 227.03 93.09 265.336 53.765 37 86.92467 49.19086 71.67053 15.36 -217.51 -211.49 2.969e+11 -1.531e+12 6.823e+11 0.02190 53.76465 1.2072e+12 1.2072e+12 1.2072e+12 3.0181e+11 0.0000e+00 113.66568 0.00 0.04112 0.41690 0.20970 137.37151 -47.02094 -79.30146 0.00000 0.00000 0.00000 0.00000 0.00000 0.3722 4.231e+12 6.036e+11
110 112 3.9235e+12 365.24 207.86 393.028 48.779 35 55.00787 38.27117 53.14665 -262.11 -11.36 -97.43 1.307e+12 -7.863e+12 6.385e+12 0.03555 48.77871 3.9235e+12 3.9235e+12 3.9235e+12 2.7163e+12 0.0000e+00 28.10126 0.00 0.03460 0.42301 0.19885 95.35816 -5.56344 103.01762 0.58078 0.14032 32.94309 29.71079 77.99196 0.2812 4.321e+12 2.414e+12
111 -1 1.5090e+12 244.09 308.49 285.824 58.738 35 53.08156 28.08545 37.81784 235.06 -328.18 -305.23 1.327e+13 1.061e+13 -1.064e+13 0.29246 58.73801 1.5090e+12 1.5090e+12 1.5090e+12 0.0000e+00 0.0000e+00 101.09942 0.00 0.33388 0.98013 0.00000 11.14054 69.65745 151.99861 0.00000 0.00000 0.00000 0.00000 0.00000 2.3298 2.892e+12 6.036e+11
112 -1 6.0361e+11 180.26 0.00 210.597 42.550 35 26.49427 9.97892 43.05511 296.03 219.60 -173.42 1.011e+12 5.022e+12 -2.839e+11 0.37662 42.55044 6.0361e+11 6.0361e+11 6.0361e+11 0.0000e+00 0.0000e+00 173.22786 230.11 0.39347 0.00000 0.00000 0.00000 0.00000 0.00000 0.00000 0.00000 0.00000 0.00000 0.00000 0.0000 2.381e+12 0.000e+00
113 -1 2.7163e+12 283.37 222.40 347.688 115.531 34 0.13524 22.06136 78.21049 31.64 -224.67 -301.18 6.089e+12 -1.590e+13 -2.696e+12 0.07007 115.53116 2.7163e+12 2.7163e+12 2.4145e+12 1.5090e+12 0.0000e+00 90.99423 34.92 0.10778 0.66322 0.21824 72.91979 5.62630 73.31889 0.70113 0.45549 65.77907 23.63394 83.06233 0.5862 2.633e+12 3.622e+12
114 93 5.1307e+12 347.94 232.03 429.793 165.260 34 61.74376 42.31740 69.18978 -25.88 -228.99 -321.24 5.351e+12 -1.299e+13 -1.685e+13 0.04086 165.26027 5.1307e+12 4.5271e+12 4.2253e+12 2.1127e+12 0.0000e+00 49.48448 17.62 0.04752 0.46845 0.16200 -34.53236 85.80453 153.77731 0.75370 0.17854 -23.84455 -60.01578 108.04592 0.3814 5.586e+12 7.847e+12
115 115 6.0361e+11 184.18 0.00 210.597 36.735 33 75.61983 32.36012 61.96321 54.79 -104.79 -45.76 -3.655e+11 3.903e+10 -1.724e+11 0.00919 36.73529 6.0361e+11 6.0361e+11 6.0361e+11 3.0181e+11 0.0000e+00 70.80115 75.98 0.03113 0.00000 0.00000 0.00000 0.00000 0.00000 0.00000 0.00000 0.00000 0.00000 0.00000 0.0000 2.227e+12 3.018e+11
116 59 9.0542e+11 212.21 177.74 241.074 40.377 32 66.45972 24.88103 89.38111 86.50 -313.79 -97.70 -1.078e+12 2.703e+11 -2.767e+12 0.05387 40.37726 9.0542e+11 9.0542e+11 9.0542e+11 6.0361e+11 0.0000e+00 71.22733 0.00 0.11633 0.00000 0.00000 0.00000 0.00000 0.00000 0.00000 0.00000 0.00000 0.00000 0.00000 1.5652 1.526e+12 6.036e+11
117 114 1.5090e+12 232.66 110.40 285.824 97.098 31 24.84750 58.51016 24.34681 225.85 -146.06 219.50 2.890e+12 1.249e+12 1.588e+11 0.03020 97.09789 1.5090e+12 1.5090e+12 9.0542e+11 0.0000e+00 0.0000e+00 69.70592 76.66 0.05249 0.58102 0.03950 -104.95522 -38.81182 164.04715 0.00000 0.00000 0.00000 0.00000 0.00000 0.4712 3.253e+12 1.811e+12
118 113 9.0542e+11 195.53 45.28 241.074 88.217 31 53.46718 26.68626 33.21981 142.07 120.53 318.75 4.594e+12 1.744e+12 2.206e+12 0.11634 88.21671 9.0542e+11 9.0542e+11 0.0000e+00 0.0000e+00 0.0000e+00 111.13448 166.77 0.21016 0.00000 0.00000 0.00000 0.00000 0.00000 0.00000 0.00000 0.00000 0.00000 0.00000 2.1928 2.687e+12 1.811e+12
119 118 2.1127e+12 260.10 149.07 319.749 109.980 30 1.93012 99.58558 4.97365 -31.37 349.41 -114.12 -3.375e+12 -3.985e+12 -1.840e+12 0.02957 109.98032 2.1127e+12 2.1127e+12 3.0181e+11 0.0000e+00 0.0000e+00 52.28573 73.37 0.05263 0.40070 0.03290 -72.34269 -5.46957 183.84641 0.00000 0.00000 0.00000 0.00000 0.00000 0.5582 3.105e+12 3.018e+12
120 120 6.0361e+12 466.95 308.77 453.718 35.651 29 79.25314 9.61387 62.28451 -106.56 151.33 -11.31 1.763e+12 -4.611e+12 8.116e+12 0.01537 35.65100 6.0361e+12 6.0361e+12 5.4325e+12 3.6217e+12 2.4145e+12 39.23466 0.00 0.01570 0.30652 0.09202 72.71375 -6.08359 52.26366 0.13358 0.00870 67.73290 4.30444 48.12065 0.4382 5.927e+12 2.414e+12
121 117 9.0542e+11 235.33 82.28 241.074 23.712 29 70.62402 23.43908 5.07292 130.08 55.94 -236.76 2.431e+11 -2.012e+11 -2.187e+12 0.04372 23.71236 9.0542e+11 9.0542e+11 9.0542e+11 6.0361e+11 0.0000e+00 67.65938 82.28 0.08620 0.00000 0.00000 0.00000 0.00000 0.00000 0.00000 0.00000 0.00000 0.00000 0.00000 0.4726 2.937e+12 3.018e+11
122 125 1.2072e+12 233.07 76.58 265.336 45.025 28 93.04234 96.71532 13.11419 11.91 254.44 70.40 9.487e+11 -1.230e+12 -3.738e+11 0.02747 45.02487 1.2072e+12 1.2072e+12 1.2072e+12 3.0181e+11 0.0000e+00 62.35320 0.00 0.03860 0.91193 0.04412 -40.78421 68.65174 8.53269 0.00000 0.00000 0.00000 0.00000 0.00000 0.1831 2.810e+12 9.054e+11
123 130 1.2072e+12 215.79 212.61 265.336 91.653 27 41.07130 17.65102 43.00384 -48.11 70.15 -100.50 2.519e+12 -6.928e+12 7.355e+12 0.16863 91.65292 1.2072e+12 1.2072e+12 3.0181e+11 0.0000e+00 0.0000e+00 74.88312 85.07 0.25154 0.90740 0.51550 103.58955 12.90330 53.49541 0.00000 0.00000 0.00000 0.00000 0.00000 2.0784 2.440e+12 1.509e+12
124 121 1.5090e+12 233.16 98.10 285.824 93.522 26 78.55864 30.37085 64.07454 8.04 33.18 15.99 -4.110e+11 2.615e+12 2.953e+12 0.04804 93.52176 1.5090e+12 1.5090e+12 1.2072e+12 6.0361e+11 0.0000e+00 50.09123 39.84 0.06605 0.77769 0.05816 126.21502 -91.24669 37.01962 0.00000 0.00000 0.00000 0.00000 0.00000 0.2346 2.566e+12 1.811e+12
125 128 9.0542e+11 241.58 55.43 241.074 21.157 25 42.57023 0.18484 23.09799 70.99 372.17 46.56 3.151e+11 4.357e+10 -7.793e+11 0.02235 21.15746 9.0542e+11 9.0542e+11 9.0542e+11 6.0361e+11 0.0000e+00 61.04446 0.00 0.03284 0.00000 0.00000 0.00000 0.00000 0.00000 0.00000 0.00000 0.00000 0.00000 0.00000 0.0986 2.926e+12 3.018e+11
126 21 1.2072e+12 249.59 135.35 265.336 31.007 25 96.60796 40.43792 63.63581 -344.87 -368.11 -582.09 -2.403e+12 -2.776e+12 -3.819e+11 0.05672 31.00744 1.2072e+12 1.2072e+12 9.0542e+11 9.0542e+11 0.0000e+00 87.33674 65.24 0.08916 0.64049 0.07918 48.36544 -32.17257 56.63871 0.49120 0.06696 66.66444 -38.34076 59.21281 0.4852 2.260e+12 6.036e+11
127 132 1.5090e+12 238.17 115.03 285.824 72.258 25 71.25132 25.99557 19.26444 -234.28 -22.53 -181.20 -1.421e+12 -3.464e+12 1.968e+12 0.04055 72.25805 1.5090e+12 1.5090e+12 9.0542e+11 9.0542e+11 0.0000e+00 92.87983 99.94 0.07044 0.52813 0.04568 108.46951 -13.42871 -73.10142 0.60367 0.04754 15.72156 8.76438 111.08772 0.5508 4.144e+12 1.509e+12
