#ID DescID Mvir Vmax Vrms Rvir Rs Np X Y Z VX VY VZ JX JY JZ Spin rs_klypin Mvir_all M200b M200c M500c M2500c Xoff Voff spin_bullock b_to_a c_to_a A[x] A[y] A[z] b_to_a(500c) c_to_a(500c) A[x](500c) A[y](500c) A[z](500c) T/|U| M_pe_Behroozi M_pe_Diemer
#a = 0.493938
#Om = 0.285000; Ol = 0.715000; h = 0.695000
#FOF linking length: 0.280000
#Unbound Threshold: 0.500000; FOF Refinement Threshold: 0.700000
#Particle mass: 3.01807e+11 Msun/h
#Box size: 100.000000 Mpc/h
#Force resolution assumed: 0.0976562 Mpc/h
#Units: Masses in Msun / h
#Units: Positions in Mpc / h (comoving)
#Units: Velocities in km / s (physical, peculiar)
#Units: Halo Distances, Lengths, and Radii in kpc / h (comoving)
#Units: Angular Momenta in (Msun/h) * (Mpc/h) * km/s (physical)
#Units: Spins are dimensionless
#Np is an internal debugging quantity.
#Rockstar Version: 0.99.9-RC3
0 4 1.5090e+12 241.87 276.58 281.664 40.469 38 4.73355 5.76218 92.87372 162.80 -582.23 783.54 -2.802e+12 1.381e+13 -7.122e+12 0.19613 40.46889 1.5090e+12 1.5090e+12 1.5090e+12 3.0181e+11 0.0000e+00 59.31403 0.00 0.24625 0.48381 0.01738 26.06470 43.66981 67.38470 0.00000 0.00000 0.00000 0.00000 0.00000 1.8916 4.547e+12 6.036e+11
1 1 3.6519e+13 661.55 693.95 814.711 234.032 146 7.88133 3.39512 90.65715 -378.77 604.35 471.86 9.114e+13 1.996e+14 2.136e+14 0.01592 166.55835 3.6519e+13 3.6519e+13 3.3501e+13 1.7203e+13 6.3380e+12 56.88326 35.52 0.02358 0.28550 0.16415 -44.67523 177.33571 -16.95904 0.25987 0.09106 -16.90751 126.86510 0.13126 0.7350 3.289e+13 4.014e+13
2 0 3.3199e+12 293.71 287.97 366.330 82.756 26 7.61628 4.04099 90.64990 -421.70 -345.63 807.50 5.945e+12 -4.383e+12 -1.953e+13 0.02293 82.75646 4.2253e+12 3.3199e+12 3.3199e+12 0.0000e+00 0.0000e+00 151.30035 0.00 0.08748 0.09050 0.04421 -86.19595 187.61787 55.31918 0.00000 0.00000 0.00000 0.00000 0.00000 0.9352 3.219e+12 2.716e+12
3 2 1.0805e+14 897.45 1016.94 1169.597 512.291 303 4.34497 4.89806 94.99570 120.13 224.86 -131.50 -4.157e+14 2.612e+15 -8.150e+13 0.02044 498.49689 1.0805e+14 1.1016e+14 9.2353e+13 5.2816e+13 1.6901e+13 151.95714 31.08 0.03342 0.41108 0.27831 154.09711 8.78286 -149.74355 0.65947 0.51704 -72.63893 15.52570 100.47939 0.7788 1.041e+14 1.814e+14
4 3 7.0623e+13 827.42 911.40 1015.034 424.405 373 5.33222 5.02398 93.77177 -388.25 137.15 417.76 -1.642e+15 -8.692e+14 -7.439e+14 0.03292 201.71167 7.0623e+13 7.1227e+13 5.7947e+13 3.5010e+13 1.8410e+13 103.47753 117.75 0.05135 0.48010 0.37799 -103.61873 -5.10267 117.97829 0.55980 0.43539 95.40961 12.70269 -60.30744 0.7738 6.498e+13 1.071e+14
5 6 4.8289e+12 354.98 258.86 415.064 60.998 75 19.75681 9.92313 1.98663 326.90 -176.78 128.78 7.083e+12 2.985e+13 -2.580e+13 0.08349 60.99791 4.8289e+12 4.8289e+12 4.5271e+12 3.3199e+12 0.0000e+00 39.60266 18.54 0.08995 0.39350 0.10363 -15.42050 84.28687 102.82392 0.63642 0.00976 -8.17625 64.21867 47.36410 0.4215 4.797e+12 2.716e+12
6 7 9.9596e+13 880.39 907.59 1138.273 395.697 523 22.87322 10.58106 2.99546 33.31 161.35 151.16 1.120e+15 1.674e+15 -1.530e+14 0.02307 386.59488 9.9596e+13 9.9898e+13 8.6015e+13 4.9195e+13 1.4789e+13 98.12734 59.51 0.02922 0.72606 0.41534 171.32225 38.97667 34.36750 0.59165 0.33811 107.61951 52.32744 6.54707 0.6363 8.791e+13 1.289e+14
7 8 5.1307e+12 384.00 271.27 423.537 46.233 60 25.29584 11.74837 4.31075 -412.47 -119.68 -16.51 8.939e+12 1.004e+13 1.270e+12 0.02885 46.23331 5.1307e+12 5.1307e+12 5.1307e+12 4.5271e+12 1.2072e+12 32.26031 27.06 0.02739 0.53830 0.18016 54.88889 73.35656 -66.35103 0.47763 0.05951 28.93419 92.49274 -68.62672 0.3814 6.346e+12 2.716e+12
8 31 9.0542e+12 401.93 386.06 511.818 140.874 103 27.63737 12.22154 4.81614 -174.35 20.96 161.33 6.602e+13 -1.316e+13 1.932e+13 0.04102 140.87434 9.6578e+12 9.0542e+12 7.5452e+12 5.1307e+12 1.2072e+12 72.32343 37.44 0.05512 0.50786 0.12017 95.57069 -53.84587 10.83191 0.48722 0.00579 47.74327 -37.20592 4.25498 0.6325 9.033e+12 9.658e+12
9 36 8.1488e+12 388.16 331.30 494.155 135.606 70 70.54937 1.76159 25.02037 153.38 284.07 233.56 -2.135e+12 5.621e+13 -1.575e+13 0.04119 135.60558 8.1488e+12 8.1488e+12 7.2434e+12 1.8108e+12 0.0000e+00 104.02124 0.00 0.05481 0.78367 0.34573 -52.87164 127.04639 29.56977 0.41967 0.02681 60.77108 77.43265 -55.81638 0.5755 9.131e+12 8.149e+12
10 38 1.8108e+12 231.87 229.06 299.313 98.860 73 72.72941 0.80402 23.65354 -242.05 300.46 217.38 -2.114e+13 5.761e+10 -3.483e+12 0.46709 98.85986 1.8108e+12 1.8108e+12 0.0000e+00 0.0000e+00 0.0000e+00 174.56543 103.52 0.24650 0.00000 0.00000 -149.50562 -11.72781 226.06659 0.00000 0.00000 0.00000 0.00000 0.00000 6.7182 4.482e+12 3.320e+12
11 37 1.9919e+13 612.52 575.71 665.666 67.873 88 70.70840 2.94073 25.61559 148.21 -61.72 153.04 -1.218e+14 4.943e+13 -5.055e+12 0.02551 67.87302 1.9919e+13 1.9919e+13 1.9014e+13 1.7203e+13 6.0361e+12 22.90668 4.75 0.02783 0.72845 0.40875 -46.13365 33.28641 110.86913 0.53277 0.13452 -46.48756 28.53759 101.84510 0.6031 2.259e+13 1.087e+13
12 39 8.7524e+12 482.31 379.82 506.067 44.242 50 71.24773 4.27634 27.52163 -65.98 -254.26 50.02 1.823e+13 5.765e+13 8.014e+12 0.04821 44.24238 8.7524e+12 8.7524e+12 7.8470e+12 5.7343e+12 3.3199e+12 47.88412 0.00 0.05079 0.60508 0.22911 5.80587 -70.14452 74.81197 0.39763 0.22310 -6.31669 -40.84980 93.16091 0.5068 8.191e+12 3.622e+12
13 34 4.7987e+13 729.76 723.48 892.362 292.452 242 74.15904 4.23593 30.29477 -203.78 -118.49 -156.16 1.456e+14 4.642e+14 -3.782e+14 0.02546 173.32564 4.7987e+13 4.7987e+13 4.2857e+13 2.7464e+13 1.2676e+13 53.17251 16.47 0.03011 0.65989 0.44338 108.88253 16.82315 103.41506 0.86087 0.64513 95.00828 -20.34094 -17.45170 0.6111 4.174e+13 5.644e+13
14 35 1.1469e+13 458.33 440.80 553.779 99.160 103 77.62593 4.02118 32.62505 -432.40 60.10 -156.92 1.860e+12 7.883e+12 -1.397e+13 0.00694 99.16020 1.1469e+13 1.1469e+13 1.0261e+13 6.6398e+12 2.7163e+12 36.42066 0.00 0.00857 0.42775 0.24179 -14.45363 55.31789 117.74245 0.59716 0.23354 -16.42585 50.21598 77.92828 0.6227 1.343e+13 9.054e+12
15 22 6.1871e+13 755.41 777.69 971.240 329.612 289 71.50668 60.02561 49.29944 -46.98 233.16 -22.82 -8.614e+13 3.502e+14 -1.821e+14 0.01073 301.58466 6.1871e+13 6.2474e+13 5.4929e+13 3.2897e+13 1.4789e+13 89.93813 52.20 0.01292 0.58672 0.31751 17.35453 124.14227 -87.23637 0.75060 0.39575 11.85963 84.22155 -68.00612 0.6166 5.832e+13 7.726e+13
16 20 2.1127e+13 557.75 628.03 678.851 127.656 89 71.06635 61.64746 48.41502 -314.69 -276.19 469.20 -2.548e+14 -2.406e+14 9.538e+13 0.03323 127.65578 2.2334e+13 2.2032e+13 1.6599e+13 1.2072e+13 4.5271e+12 144.13145 12.01 0.06964 0.64815 0.42549 118.63721 -36.63693 40.70242 0.75103 0.37460 75.87920 -68.38985 -6.29905 0.8655 2.509e+13 1.449e+13
17 21 1.0865e+13 486.86 456.13 543.888 63.100 46 71.75095 61.64140 48.61760 -221.83 -204.97 596.56 7.378e+13 1.648e+13 -5.348e+13 0.04107 63.09968 1.0865e+13 1.0865e+13 1.0563e+13 8.4506e+12 0.0000e+00 21.15306 0.00 0.05379 0.91654 0.51659 66.91924 111.26601 15.59636 0.57193 0.14721 -25.77386 73.19804 -79.42122 0.6682 1.216e+13 4.527e+12
18 80 9.0542e+12 401.77 323.61 511.818 141.501 87 75.99816 57.27023 50.56340 -530.78 96.03 7.87 3.618e+13 -2.599e+13 -4.029e+13 0.03085 141.50142 9.0542e+12 9.3560e+12 6.9416e+12 9.0542e+11 0.0000e+00 50.88133 7.89 0.04727 0.23072 0.09826 132.53488 8.50721 18.48100 0.43470 0.00000 102.27913 17.51396 -6.76001 0.6214 1.017e+13 1.026e+13
19 9 4.4366e+13 708.49 733.95 869.323 185.784 214 74.12991 18.05974 1.20540 -36.36 269.85 139.24 4.472e+14 -2.766e+14 -5.775e+13 0.02368 173.01003 4.4366e+13 4.4667e+13 4.1348e+13 2.5654e+13 9.9596e+12 57.05883 33.41 0.02946 0.87460 0.67053 57.35720 125.16109 -37.66314 0.92204 0.61607 78.92360 69.55749 -2.41318 0.6550 3.832e+13 3.984e+13
20 10 6.1569e+13 824.10 869.15 969.658 138.109 245 72.03446 21.93003 0.39288 206.32 -260.34 136.57 -6.164e+14 5.179e+14 -8.212e+13 0.02155 147.66594 6.1569e+13 6.1871e+13 5.6740e+13 4.4366e+13 1.7203e+13 98.50951 43.12 0.02610 0.91462 0.85707 120.82883 -39.00970 31.40392 0.82692 0.64587 104.07258 25.26860 26.65264 0.6683 5.609e+13 3.984e+13
21 11 3.5613e+13 623.25 708.15 807.921 461.096 168 72.22433 67.98225 53.52082 274.17 38.60 -788.75 5.188e+14 6.893e+13 -8.600e+13 0.02478 289.00177 3.5613e+13 3.6217e+13 3.1086e+13 1.5694e+13 7.8470e+12 63.40034 58.02 0.04259 0.78979 0.39733 -36.32161 -21.75039 124.84239 0.90223 0.47562 -19.90662 90.17813 -7.37091 0.7993 3.029e+13 4.859e+13
22 12 7.4546e+13 827.52 892.96 1033.493 301.823 266 72.79023 69.04831 52.92622 -342.52 -346.35 -110.27 -5.273e+14 4.760e+14 2.033e+15 0.03938 236.03786 7.4546e+13 7.5452e+13 7.0925e+13 4.4366e+13 1.8410e+13 71.76220 84.94 0.05049 0.53488 0.51897 100.42764 107.80478 63.10304 0.55908 0.43298 75.59458 82.17076 58.83283 0.6790 6.859e+13 8.360e+13
23 13 5.4325e+13 736.11 757.16 930.035 369.137 284 93.39951 42.12132 61.18811 -135.19 -346.03 107.59 -3.739e+14 -5.394e+14 -1.380e+15 0.04735 235.90244 5.4325e+13 5.4929e+13 5.1307e+13 2.9577e+13 8.1488e+12 68.15903 28.19 0.06070 0.65138 0.45473 -113.26548 82.44040 -80.16901 0.57537 0.41896 94.70081 -53.60698 38.83360 0.6533 4.728e+13 7.455e+13
24 14 1.3581e+13 474.57 423.63 585.885 122.015 100 94.31818 40.93394 61.51668 -555.17 -257.57 -332.43 -2.724e+13 9.552e+13 5.675e+12 0.03407 122.01516 1.3581e+13 1.3581e+13 1.2978e+13 6.6398e+12 2.4145e+12 62.23969 0.00 0.03984 0.90048 0.58768 35.39882 54.28461 97.95424 0.40041 0.06478 -11.52836 66.65060 35.62303 0.5427 1.371e+13 1.237e+13
25 15 2.4145e+12 254.84 300.41 329.437 111.585 68 96.32098 39.59464 63.08876 -505.00 -220.10 -273.24 1.836e+13 8.814e+12 5.234e+12 0.06629 111.58514 2.4145e+12 2.4145e+12 1.5090e+12 9.0542e+11 0.0000e+00 55.69643 23.70 0.14982 0.40816 0.01800 -67.42134 103.63010 -26.73123 0.61179 0.22922 -3.65728 67.23042 23.50398 1.1903 3.791e+12 3.320e+12
26 17 6.1267e+13 747.03 740.06 968.071 752.582 280 38.69428 16.62073 42.36306 284.28 288.50 83.59 -7.904e+14 1.013e+15 -1.809e+14 0.03337 343.89548 6.1267e+13 6.2776e+13 5.1911e+13 2.3541e+13 7.5452e+12 29.85982 43.74 0.04219 0.48138 0.32557 89.66436 132.01241 53.27140 0.48322 0.40468 70.96973 57.39078 46.05715 0.6187 5.375e+13 1.153e+14
27 18 6.9416e+12 385.77 339.26 468.437 86.706 58 39.44544 17.21779 42.48695 -99.17 -402.17 -165.55 3.072e+13 -4.108e+13 6.918e+13 0.08161 86.70586 7.5452e+12 6.9416e+12 6.3380e+12 4.5271e+12 0.0000e+00 52.43024 14.73 0.10556 0.87387 0.11200 2.60480 119.86481 -1.88698 0.48677 0.01525 21.76373 77.72324 -8.57807 0.5930 6.149e+12 5.131e+12
28 19 5.1307e+12 324.99 308.55 423.537 180.463 83 38.93452 19.65743 42.99334 382.53 -422.96 14.84 1.356e+12 1.050e+13 -2.689e+13 0.02660 180.46255 5.4325e+12 5.1307e+12 3.3199e+12 0.0000e+00 0.0000e+00 76.35843 49.39 0.05861 0.00000 0.00000 -51.97144 -25.59090 139.70184 0.00000 0.00000 0.00000 0.00000 0.00000 0.8120 9.047e+12 1.117e+13
29 25 4.7082e+13 800.06 836.00 886.714 92.640 203 52.21386 14.79300 40.32352 -57.05 482.71 -1.63 -4.832e+14 -4.912e+14 6.324e+14 0.03642 99.03114 4.7082e+13 4.7686e+13 4.4667e+13 2.9577e+13 1.8712e+13 101.63140 50.87 0.04716 0.72578 0.59420 32.82551 110.74711 -31.81830 0.63419 0.49138 7.81997 94.84509 -13.84011 0.7193 4.649e+13 2.354e+13
30 26 2.8068e+13 583.03 578.17 746.282 218.350 137 52.44323 15.92123 40.96080 -346.76 -135.08 -179.75 -2.728e+14 -3.630e+13 8.205e+13 0.02928 218.34952 2.8068e+13 2.8370e+13 2.5654e+13 1.5090e+13 6.0361e+12 62.18946 0.00 0.03429 0.89958 0.49211 -16.24317 32.73470 116.15116 0.83652 0.46315 -16.66094 -1.61123 88.68137 0.5778 2.395e+13 3.109e+13
31 27 5.1307e+12 327.60 283.98 423.537 143.732 73 51.50998 17.47379 42.79906 -166.44 -23.71 -470.50 -1.937e+13 2.866e+13 -1.344e+13 0.04412 143.73172 5.1307e+12 5.1307e+12 2.1127e+12 3.0181e+11 0.0000e+00 46.84565 21.09 0.07527 0.91272 0.39176 129.48056 -14.13301 -15.73242 0.00000 0.00000 0.00000 0.00000 0.00000 0.6667 7.580e+12 7.243e+12
32 30 8.6015e+13 891.73 929.94 1083.985 189.130 388 53.44863 41.41264 58.29948 124.46 -266.32 -187.47 2.444e+14 -3.702e+14 3.695e+13 0.00677 202.09177 8.6015e+13 8.6921e+13 7.8470e+13 5.6740e+13 2.0523e+13 67.96558 104.35 0.00822 0.70579 0.38284 44.67445 28.99768 152.06705 0.56078 0.29416 12.56706 60.41146 115.30167 0.6514 7.557e+13 6.579e+13
33 29 7.2434e+13 799.67 836.25 1023.636 371.174 312 54.47682 28.02969 35.81230 -75.24 -99.95 -117.83 1.472e+14 -7.675e+14 2.044e+14 0.01604 299.68710 7.2434e+13 7.3037e+13 6.6096e+13 3.8631e+13 1.3883e+13 32.60278 62.52 0.01987 0.68494 0.41075 -72.24146 0.54008 132.05733 0.73724 0.47043 65.41116 54.73863 49.38954 0.6374 6.240e+13 8.390e+13
34 23 7.8772e+13 893.29 924.29 1052.661 132.461 351 58.34601 31.01121 31.70924 -316.24 -307.07 77.40 -1.231e+15 2.124e+14 -1.073e+15 0.02962 161.71797 7.8772e+13 7.9677e+13 7.3037e+13 5.0100e+13 2.5654e+13 68.69571 138.22 0.03523 0.82549 0.53206 104.44380 68.80566 -72.36845 0.81268 0.52615 89.22717 65.31534 -39.54856 0.6526 6.720e+13 4.618e+13
35 40 1.3280e+13 548.47 451.91 581.513 53.157 88 70.99855 61.11526 54.60193 99.74 551.84 -1016.81 -6.186e+13 2.596e+13 -2.351e+13 0.03029 53.15666 1.3883e+13 1.3280e+13 1.2072e+13 9.6578e+12 5.7343e+12 38.23162 18.26 0.02955 0.60772 0.33225 -27.20424 -31.08778 80.88457 0.51499 0.17589 -22.88963 -32.42625 69.94276 0.4925 1.335e+13 6.036e+12
36 41 6.1871e+13 745.85 757.13 971.240 505.591 258 71.25697 62.12513 54.16097 -16.83 -118.96 -524.68 3.922e+14 -8.014e+14 9.166e+13 0.02198 396.46997 6.1871e+13 6.2172e+13 4.9496e+13 2.5654e+13 9.9596e+12 111.04913 65.47 0.02869 0.75870 0.53874 -72.62493 -105.75529 83.26533 0.78883 0.58615 -62.78661 -21.23553 74.59629 0.6399 6.011e+13 9.899e+13
37 101 1.5694e+13 503.72 452.03 614.813 117.872 118 60.61513 28.22792 86.55156 246.57 -244.46 155.10 8.127e+13 5.762e+11 -2.089e+13 0.02218 117.87230 1.5694e+13 1.5694e+13 1.2978e+13 9.3560e+12 1.8108e+12 83.03436 5.21 0.02641 0.66470 0.30856 3.88075 -79.08241 95.86387 0.54428 0.13063 -13.10660 94.65284 -67.14896 0.5692 1.471e+13 1.207e+13
38 62 6.0361e+11 164.37 0.00 207.532 52.301 40 62.45403 27.11919 87.75409 236.37 -109.81 -6.86 -1.605e+12 8.744e+11 1.282e+12 0.18739 52.30125 6.0361e+11 6.0361e+11 3.0181e+11 3.0181e+11 0.0000e+00 103.71068 144.76 0.16028 0.00000 0.00000 0.00000 0.00000 0.00000 0.00000 0.00000 0.00000 0.00000 0.00000 0.0000 3.170e+12 6.036e+11
39 62 6.6398e+12 366.85 250.27 461.547 112.479 139 65.49700 25.28957 89.08923 308.28 -61.43 76.74 4.684e+12 1.581e+13 1.689e+12 0.01889 112.47887 6.6398e+12 6.6398e+12 6.3380e+12 2.7163e+12 0.0000e+00 38.03078 9.64 0.02187 0.18361 0.04555 136.12941 -32.15458 16.55357 0.65918 0.07183 83.32136 -25.55682 8.08153 0.4088 1.266e+13 6.338e+12
40 95 5.4325e+12 371.67 245.38 431.684 61.142 49 51.61826 40.73145 48.88479 92.37 -36.11 -30.38 4.443e+13 1.236e+13 -4.202e+12 0.08977 61.14250 5.4325e+12 5.4325e+12 5.4325e+12 3.6217e+12 1.5090e+12 33.84669 0.00 0.08540 0.80934 0.30600 8.60514 43.61574 90.39062 0.57518 0.13376 -8.77698 63.69011 -28.75185 0.3331 7.594e+12 3.622e+12
41 96 7.5452e+12 393.38 332.30 481.639 94.380 86 51.78201 41.41912 48.31556 119.88 -392.36 -60.92 -5.860e+13 -2.070e+12 1.015e+13 0.05105 94.38000 7.5452e+12 7.5452e+12 6.3380e+12 4.8289e+12 0.0000e+00 40.80429 22.14 0.06347 0.54502 0.10477 -15.85471 -18.97001 147.24815 0.08046 0.00921 39.85276 99.15571 9.77431 0.5610 1.394e+13 5.734e+12
42 66 1.1770e+13 482.24 414.45 558.595 77.966 60 52.75794 45.53822 44.17296 -26.43 -386.19 39.71 2.535e+13 2.470e+12 -1.814e+12 0.01248 77.96609 1.1770e+13 1.1770e+13 1.1469e+13 7.8470e+12 3.6217e+12 61.33701 0.00 0.01298 0.62463 0.41078 -19.73546 77.00119 74.60746 0.87326 0.58855 1.73334 73.17894 40.62817 0.4979 1.458e+13 7.847e+12
43 65 7.2434e+12 372.37 333.25 475.130 133.820 102 52.63499 44.31049 44.65527 13.12 -37.37 -1.94 -3.952e+13 1.513e+13 -3.012e+13 0.03729 133.81981 7.2434e+12 7.2434e+12 6.0361e+12 0.0000e+00 0.0000e+00 35.66552 0.00 0.05930 0.25309 0.10497 103.09863 130.57201 23.49813 0.00000 0.00000 0.00000 0.00000 0.00000 0.6820 1.227e+13 8.149e+12
44 93 1.0261e+13 445.83 414.90 533.623 89.994 129 67.52021 81.26326 47.78437 -34.78 151.71 -171.76 -2.414e+12 -1.422e+13 9.485e+12 0.00821 89.99442 1.0261e+13 1.0563e+13 9.3560e+12 6.6398e+12 0.0000e+00 33.48320 48.22 0.01103 0.73021 0.54985 55.87576 36.39724 114.40085 0.77514 0.57923 36.15045 29.77897 94.88215 0.6533 1.579e+13 7.847e+12
45 103 3.3199e+12 307.15 150.81 366.330 60.441 79 65.99133 84.78375 46.60066 192.60 -103.42 -74.35 3.584e+12 9.384e+10 -3.120e+12 0.01854 60.44068 3.3199e+12 3.3199e+12 3.3199e+12 9.0542e+11 0.0000e+00 40.62572 0.00 0.01992 0.39368 0.15522 58.57695 -9.99011 112.89217 0.30608 0.00000 45.60629 37.43675 0.86490 0.2544 8.309e+12 1.509e+12
46 128 7.5452e+12 414.80 360.97 481.639 68.110 73 64.92225 86.50143 44.83660 242.81 -57.55 257.76 4.744e+13 3.496e+13 -3.256e+13 0.05833 68.10973 7.5452e+12 7.5452e+12 6.9416e+12 4.5271e+12 0.0000e+00 70.99371 51.47 0.07181 0.56447 0.20057 -59.49681 124.74018 26.63512 0.28561 0.09712 116.97778 24.45734 33.47068 0.5877 1.041e+13 4.527e+12
47 137 6.0361e+11 189.96 0.00 207.532 21.674 55 70.86208 23.42129 4.89543 400.36 230.56 -247.95 0.000e+00 0.000e+00 0.000e+00 0.00000 21.67390 6.0361e+11 6.0361e+11 6.0361e+11 3.0181e+11 0.0000e+00 102.83173 0.00 0.00000 0.00000 0.00000 0.00000 0.00000 0.00000 0.00000 0.00000 0.00000 0.00000 0.00000 0.0000 4.064e+12 0.000e+00
48 52 2.4145e+12 291.60 211.99 329.437 40.391 84 70.05368 24.86197 8.49380 -51.38 -187.41 -143.39 -5.863e+12 1.307e+13 -1.047e+13 0.09483 40.39090 2.4145e+12 2.4145e+12 2.4145e+12 1.8108e+12 0.0000e+00 65.50813 0.00 0.12639 0.53973 0.28528 12.51200 19.95441 121.79194 0.62798 0.35995 -31.24181 -6.84878 125.23637 0.5252 5.721e+12 9.054e+11
49 33 5.1307e+12 329.55 279.63 423.537 130.792 105 30.69230 12.67547 5.30153 -356.44 109.03 204.48 -5.696e+12 -3.087e+13 -5.569e+12 0.03875 130.79156 5.1307e+12 5.4325e+12 3.3199e+12 0.0000e+00 0.0000e+00 80.87911 0.00 0.06467 0.07833 0.02703 192.10052 21.37016 3.20545 0.00000 0.00000 0.00000 0.00000 0.00000 0.6744 2.056e+13 6.640e+12
50 32 6.0361e+12 345.66 259.37 447.114 153.135 65 29.48757 12.54500 5.21176 -81.78 31.43 277.75 3.377e+13 -2.443e+13 6.220e+13 0.08889 153.13475 6.6398e+12 6.0361e+12 4.8289e+12 0.0000e+00 0.0000e+00 99.36125 48.75 0.11584 0.16158 0.04272 267.34082 111.55537 -63.19919 0.00000 0.00000 0.00000 0.00000 0.00000 0.4810 5.916e+12 6.640e+12
51 42 4.7082e+13 750.18 760.56 886.714 147.720 203 46.64063 28.57866 45.55034 234.22 -220.16 -83.37 -2.341e+14 -1.618e+14 -1.475e+14 0.01370 138.65538 4.7082e+13 4.7384e+13 4.4969e+13 3.3802e+13 1.3280e+13 66.09589 44.31 0.01616 0.75908 0.64680 -25.73830 60.91526 129.74138 0.83558 0.62358 17.25086 67.67539 97.72638 0.6370 4.214e+13 3.561e+13
52 43 7.5452e+12 480.15 372.71 481.639 35.032 53 48.34484 28.64629 46.56827 -255.62 2.40 -432.88 1.716e+13 3.942e+12 1.966e+13 0.02789 35.03203 7.5452e+12 7.5452e+12 6.9416e+12 5.7343e+12 3.6217e+12 35.33083 0.00 0.02815 0.87126 0.70847 21.18475 74.34154 22.96922 0.64729 0.27648 -2.65287 65.11641 30.95505 0.5139 9.002e+12 2.414e+12
53 45 6.0361e+12 358.36 371.32 447.114 101.281 32 93.80739 22.99625 1.29842 -276.23 -273.28 -101.33 1.918e+13 -3.149e+13 -1.078e+13 0.02450 101.28059 6.0361e+12 6.0361e+12 5.4325e+12 0.0000e+00 0.0000e+00 60.50882 0.00 0.05943 0.20754 0.04734 223.09306 -121.12775 -2.08278 0.00000 0.00000 0.00000 0.00000 0.00000 0.8653 5.343e+12 5.433e+12
54 44 5.4325e+12 357.32 372.53 431.684 77.239 37 92.76589 23.54656 1.20496 -281.24 -400.32 -78.93 -2.664e+13 3.859e+13 -3.131e+13 0.03724 77.23853 5.4325e+12 5.4325e+12 4.5271e+12 3.3199e+12 0.0000e+00 58.55768 34.95 0.10398 0.46265 0.17043 133.55127 -79.39798 -15.01783 0.32277 0.09145 104.74191 -42.33424 -40.71891 0.9057 6.603e+12 4.225e+12
55 47 4.8289e+12 332.49 280.78 415.064 94.441 30 91.84151 24.72187 1.17961 -199.15 -513.09 -57.82 1.135e+12 -1.028e+13 3.411e+13 0.05169 94.44141 4.8289e+12 4.8289e+12 4.8289e+12 1.2072e+12 0.0000e+00 21.46630 0.00 0.07999 0.50713 0.07772 -68.49256 79.74339 18.85826 0.61129 0.07728 64.79918 -46.41487 -47.32112 0.6406 5.388e+12 4.527e+12
56 44 5.1307e+12 368.69 382.82 423.537 56.558 26 92.24873 24.08653 1.19265 -320.26 -508.09 -63.80 -2.431e+13 1.762e+13 3.389e+13 0.04345 56.55841 5.1307e+12 5.1307e+12 4.2253e+12 3.9235e+12 0.0000e+00 60.87873 69.43 0.09183 0.58026 0.02694 -64.01559 -35.04086 75.30422 0.65696 0.00689 67.39663 25.05461 -57.47638 0.8616 1.311e+13 3.320e+12
57 48 4.2253e+12 310.27 279.15 396.995 115.580 43 91.28783 25.72782 1.28936 -203.04 -675.38 -43.02 -3.004e+13 1.519e+13 -4.330e+12 0.03382 115.58015 4.2253e+12 4.2253e+12 0.0000e+00 0.0000e+00 0.0000e+00 39.62192 35.98 0.09515 0.15883 0.11251 -144.17406 191.63979 19.95127 0.00000 0.00000 0.00000 0.00000 0.00000 0.8699 4.125e+12 4.527e+12
58 46 1.9014e+13 571.75 525.77 655.423 86.565 81 95.74648 22.21593 1.47744 -445.62 -288.17 -71.62 -4.140e+13 -4.539e+13 -1.080e+14 0.02460 86.56508 1.9014e+13 1.9014e+13 1.5996e+13 1.1469e+13 5.7343e+12 37.32507 0.00 0.02839 0.84258 0.36536 -49.11997 80.49172 -46.96294 0.71395 0.29228 86.40590 -1.27364 1.96787 0.5997 1.614e+13 1.056e+13
59 58 3.5915e+13 678.08 672.58 810.197 281.641 203 38.89579 22.37007 60.65701 167.24 289.04 -186.63 2.286e+14 9.771e+13 8.644e+12 0.01662 135.16798 3.5915e+13 3.6217e+13 3.3501e+13 2.0523e+13 9.0542e+12 29.65175 13.14 0.01970 0.50131 0.46189 -9.12661 18.83270 128.52765 0.76240 0.65216 -0.86795 -35.51342 77.72768 0.6243 3.117e+13 3.954e+13
60 51 3.8028e+13 686.41 688.92 825.782 198.337 174 42.31640 41.82488 82.03503 134.96 -211.03 -256.23 1.700e+14 -1.587e+13 -1.748e+13 0.01039 143.80409 3.8028e+13 3.8330e+13 3.5311e+13 2.4145e+13 1.1770e+13 32.99200 20.04 0.01235 0.64337 0.51083 -21.57230 70.94441 101.26463 0.88106 0.66998 -21.26141 0.77329 93.03512 0.6273 3.331e+13 3.682e+13
61 56 1.3280e+13 494.55 449.47 581.513 88.224 84 27.25653 28.96141 63.63192 97.37 43.86 21.17 6.835e+13 -5.039e+13 4.259e+13 0.03296 88.22370 1.3280e+13 1.3280e+13 1.1469e+13 6.9416e+12 4.2253e+12 24.89348 0.00 0.03949 0.31695 0.26089 -60.19375 9.58093 111.77706 0.32128 0.21743 -47.57990 24.54450 98.36210 0.5980 1.520e+13 7.847e+12
62 57 6.6398e+12 373.58 317.67 461.547 96.662 57 28.89752 28.31933 64.44453 -16.91 72.00 -302.79 -4.987e+12 -3.252e+13 -1.427e+13 0.03907 96.66240 6.6398e+12 6.6398e+12 5.7343e+12 3.9235e+12 0.0000e+00 60.76318 0.00 0.04733 0.55667 0.41406 37.74366 114.39631 -31.03682 0.49549 0.32662 47.57382 76.92231 -64.39151 0.5383 7.601e+12 5.734e+12
63 60 2.2636e+13 653.74 614.22 694.644 64.100 117 4.68496 4.24772 77.23196 3.65 366.56 204.36 -1.189e+13 -1.109e+14 -3.384e+13 0.01767 64.10007 2.2636e+13 2.2636e+13 2.2032e+13 1.7203e+13 7.2434e+12 69.22574 0.00 0.01992 0.73496 0.32628 -18.30287 93.94762 -47.56334 0.59559 0.29993 19.95293 -59.43117 67.37600 0.6284 2.192e+13 9.356e+12
64 59 3.9235e+12 301.55 266.99 387.308 118.533 76 4.69579 6.16061 75.45591 -88.45 43.11 304.08 -1.425e+13 2.230e+13 1.670e+13 0.06687 118.53275 3.9235e+12 3.9235e+12 3.6217e+12 1.8108e+12 0.0000e+00 61.61246 14.42 0.09925 0.10140 0.00184 -11.83053 137.10863 -89.80213 0.26479 0.21328 0.85678 68.09808 -45.04435 0.6190 9.542e+12 5.131e+12
65 69 2.0825e+13 574.24 559.66 675.603 102.828 144 79.46325 85.35685 4.81851 11.09 85.95 146.22 6.896e+13 -1.126e+14 -9.054e+12 0.02310 102.82834 2.0825e+13 2.0825e+13 1.9316e+13 1.4487e+13 6.6398e+12 92.18330 0.00 0.02600 0.55484 0.40868 -79.11208 6.36931 80.20819 0.50169 0.38028 66.95692 -13.75795 -60.36055 0.5972 1.884e+13 1.449e+13
66 70 1.5090e+12 229.76 115.47 281.664 55.694 45 80.23827 84.58424 3.93245 -189.19 372.87 407.08 3.593e+11 -1.122e+12 4.469e+11 0.01309 55.69415 1.5090e+12 1.8108e+12 1.2072e+12 3.0181e+11 0.0000e+00 64.02215 0.00 0.01964 0.70812 0.04853 60.90342 -10.55514 69.14847 0.00000 0.00000 0.00000 0.00000 0.00000 0.3773 5.464e+12 1.207e+12
67 81 1.2072e+12 212.58 102.39 261.474 52.964 80 90.66708 11.46341 99.00201 -86.94 351.78 157.93 5.421e+11 -1.972e+11 3.755e+12 0.04150 52.96443 1.2072e+12 1.2072e+12 1.2072e+12 0.0000e+00 0.0000e+00 105.99152 0.00 0.08592 0.00000 0.00000 118.82019 50.42267 103.56903 0.00000 0.00000 0.00000 0.00000 0.00000 0.4991 1.035e+13 6.036e+11
68 49 3.6821e+13 711.05 729.60 816.949 100.817 186 99.39299 22.19909 75.68290 -9.53 95.40 45.55 3.984e+14 1.308e+14 -2.510e+14 0.03215 109.17724 3.6821e+13 3.6821e+13 3.5915e+13 2.7766e+13 1.1469e+13 52.18074 4.91 0.03713 0.92471 0.44345 12.12008 116.93591 21.59258 0.56238 0.28342 32.27165 -19.64464 102.09568 0.6456 3.617e+13 2.233e+13
69 109 1.5090e+12 218.94 134.56 281.664 88.235 132 75.80917 32.13094 62.05134 -15.66 -85.87 -12.73 -4.406e+12 8.325e+12 -1.047e+13 0.11592 88.23462 1.5090e+12 1.5090e+12 9.0542e+11 0.0000e+00 0.0000e+00 70.78199 177.78 0.21964 0.71369 0.08457 163.61868 79.43064 -37.57930 0.00000 0.00000 0.00000 0.00000 0.00000 1.4749 4.025e+12 2.414e+12
70 68 3.6821e+13 664.32 680.90 816.949 349.991 183 64.74648 4.48797 71.77290 -21.80 123.69 -122.39 -1.163e+14 -1.348e+13 -1.648e+13 0.00695 165.25656 3.6821e+13 3.7122e+13 3.2293e+13 1.9919e+13 9.0542e+12 91.43020 32.78 0.00898 0.64670 0.53546 87.09476 99.67082 -10.65693 0.66925 0.39043 60.29557 64.32886 -42.07079 0.6675 3.161e+13 5.191e+13
71 74 2.8672e+13 661.51 678.65 751.594 94.816 162 66.61114 94.85010 66.90969 -108.63 374.92 -210.20 1.693e+14 4.539e+13 -1.424e+14 0.02164 94.81577 2.8672e+13 2.9577e+13 2.7464e+13 2.0825e+13 9.6578e+12 43.20859 0.00 0.02603 0.91924 0.63174 115.61060 -24.54179 -6.44236 0.80082 0.61636 99.26727 -3.01763 -10.31585 0.6680 2.750e+13 1.811e+13
72 67 3.7424e+13 696.00 713.22 821.389 205.930 181 34.66577 5.85196 40.89013 75.48 446.13 -18.62 2.077e+14 2.539e+14 1.237e+14 0.02010 127.27444 3.7424e+13 3.7726e+13 3.5311e+13 1.8712e+13 1.0563e+13 102.70890 24.10 0.02592 0.94929 0.45523 2.60528 103.73373 64.07374 0.56716 0.48680 5.57014 57.97505 58.30765 0.6810 3.304e+13 3.742e+13
73 72 1.7505e+13 497.37 469.65 637.604 190.216 90 39.40512 3.32794 4.79542 108.47 418.02 170.02 -8.399e+12 -3.022e+13 9.005e+12 0.00725 190.21559 1.7505e+13 1.7505e+13 1.5694e+13 8.1488e+12 3.9235e+12 43.61800 0.00 0.00856 0.76119 0.33560 88.12518 -34.30010 60.05186 0.43081 0.14918 33.48929 30.37785 57.75013 0.5704 1.507e+13 1.871e+13
74 73 1.7807e+13 522.89 483.58 641.248 127.140 79 39.74536 4.55969 6.19313 -150.44 222.75 -55.98 4.122e+13 1.832e+12 1.143e+14 0.02636 127.13996 1.7807e+13 1.8108e+13 1.7203e+13 7.5452e+12 3.9235e+12 67.49976 0.00 0.03098 0.72894 0.34015 50.82721 29.35250 123.81799 0.64896 0.24497 16.50452 -3.46488 85.95261 0.5668 1.625e+13 1.509e+13
75 71 3.5010e+13 661.56 646.18 803.331 162.877 164 65.74229 64.18613 38.95290 -68.91 -10.00 184.55 -3.556e+14 -6.267e+14 2.487e+14 0.05448 148.69122 3.5010e+13 3.5311e+13 3.2595e+13 2.2334e+13 6.6398e+12 103.18882 21.99 0.06299 0.83670 0.68138 -63.59133 -64.25282 101.64989 0.85253 0.81172 26.99705 -56.89960 82.31183 0.5976 3.158e+13 3.109e+13
76 61 2.1127e+13 553.65 533.72 678.851 134.428 130 33.08932 14.03905 43.29877 407.05 79.85 -130.19 -5.017e+13 8.460e+13 -2.689e+13 0.01650 134.42804 2.1127e+13 2.1127e+13 1.9316e+13 1.4185e+13 3.9235e+12 15.71985 0.00 0.01955 0.66708 0.54337 109.16299 16.11410 37.43905 0.59859 0.31837 72.40526 33.44080 8.55615 0.5942 1.843e+13 1.720e+13
77 76 2.4446e+13 606.62 541.83 712.695 107.605 152 89.78899 35.14841 66.71855 -24.01 -166.32 -212.47 -1.129e+14 1.268e+13 -2.074e+12 0.01607 107.60464 2.4446e+13 2.4446e+13 2.3239e+13 1.3581e+13 7.5452e+12 40.32945 0.00 0.01709 0.87709 0.53559 -36.29019 -56.49123 87.76277 0.83163 0.59180 -24.87056 -0.26845 71.79916 0.5251 2.241e+13 1.449e+13
78 75 2.4446e+13 554.81 546.11 712.695 218.536 113 42.33844 85.31011 45.69740 188.16 55.85 -28.68 1.366e+14 -1.194e+14 -1.402e+14 0.02586 218.53641 2.4446e+13 2.5050e+13 2.1428e+13 1.2072e+13 0.0000e+00 72.84327 0.00 0.03447 0.68227 0.34438 172.70595 -9.15191 35.47898 0.54052 0.07949 40.98962 122.54241 45.26580 0.6369 2.106e+13 2.777e+13
79 79 4.8289e+12 319.77 299.07 415.064 153.031 48 44.75785 18.19027 43.65717 -78.30 161.31 14.58 -2.006e+13 6.008e+13 2.301e+13 0.08538 153.03076 4.8289e+12 4.8289e+12 3.0181e+12 1.5090e+12 0.0000e+00 100.26804 35.11 0.15123 0.25196 0.00713 6.88920 120.31944 158.35541 0.52393 0.08099 55.49809 26.11579 91.65837 0.7401 7.487e+12 9.054e+12
80 78 2.1127e+13 616.99 584.71 678.851 73.262 102 43.11391 18.01735 45.62250 79.38 186.51 -572.06 -4.582e+12 2.929e+13 -1.025e+14 0.01863 73.26196 2.1127e+13 2.1127e+13 1.9316e+13 1.5996e+13 7.8470e+12 64.63081 6.88 0.02046 0.75485 0.37250 -2.17579 67.20365 86.52699 0.52862 0.27251 -0.35244 69.14909 68.68586 0.6090 2.032e+13 1.177e+13
81 83 2.3843e+13 661.38 662.19 706.780 66.862 144 86.48383 14.21677 0.09436 -38.00 22.03 53.63 3.141e+13 -1.076e+14 1.417e+14 0.02138 66.86212 2.4748e+13 2.4145e+13 2.2334e+13 1.4789e+13 9.0542e+12 122.87453 9.65 0.02831 0.75835 0.56196 94.35294 11.94677 -11.41454 0.64031 0.40231 77.65342 5.61400 -14.44207 0.7211 2.069e+13 1.026e+13
82 77 7.2434e+12 365.62 408.09 475.130 180.673 144 79.01005 25.74749 79.47878 -177.05 -145.36 -66.12 7.291e+11 -9.039e+13 9.307e+13 0.07167 180.67311 7.2434e+12 7.2434e+12 4.8289e+12 3.0181e+11 0.0000e+00 94.31561 139.52 0.14812 0.61657 0.01698 -1.75950 74.65395 139.01488 0.00000 0.00000 0.00000 0.00000 0.00000 1.1989 1.432e+13 1.509e+13
83 175 5.1307e+12 326.84 195.92 423.537 150.352 45 86.85904 48.74234 71.37353 2.82 -161.30 -163.92 -1.248e+13 1.431e+13 -7.368e+12 0.03467 150.35153 5.1307e+12 5.1307e+12 3.3199e+12 0.0000e+00 0.0000e+00 62.96112 19.15 0.04131 0.21563 0.00184 73.49741 163.20528 -22.01509 0.00000 0.00000 0.00000 0.00000 0.00000 0.3495 5.442e+12 7.243e+12
84 100 1.1167e+13 503.05 443.76 548.878 56.991 91 87.54321 52.30688 70.73550 -209.80 -391.66 -257.51 -1.215e+13 -1.204e+13 -8.481e+13 0.04404 56.99057 1.1167e+13 1.1167e+13 9.9596e+12 8.4506e+12 3.6217e+12 36.74867 11.72 0.04801 0.95890 0.46274 1.83579 -47.33631 83.34972 0.63952 0.32791 89.12036 -10.52820 19.74440 0.5700 1.156e+13 5.734e+12
85 85 1.8108e+13 538.43 498.89 644.850 109.164 85 38.10912 9.80963 9.11814 -46.40 378.55 -5.28 2.196e+14 -6.429e+12 1.214e+14 0.05801 109.16388 1.8108e+13 1.8108e+13 1.6599e+13 1.2374e+13 4.8289e+12 75.82480 11.57 0.06223 0.63190 0.47303 -74.35186 95.91020 -21.09439 0.69225 0.51287 -57.88156 74.50456 -15.87142 0.5328 2.026e+13 1.298e+13
86 86 1.1167e+13 526.30 434.79 548.878 46.769 51 38.10455 10.45059 9.68607 -268.60 -81.03 -202.89 -2.521e+13 -5.216e+13 -1.258e+13 0.03152 46.76882 1.1167e+13 1.1167e+13 1.0261e+13 6.9416e+12 4.8289e+12 22.44455 0.00 0.03290 0.64416 0.37901 61.16846 50.24758 50.81926 0.75605 0.56290 63.97734 -3.11479 26.30375 0.5361 1.082e+13 5.131e+12
87 88 1.7203e+13 556.09 536.54 633.919 81.332 59 69.77395 38.75653 55.74376 -133.17 -304.80 -139.47 1.079e+14 5.959e+13 -1.573e+12 0.03036 81.33219 1.7203e+13 1.7203e+13 1.6901e+13 1.3581e+13 5.1307e+12 69.09172 0.00 0.03329 0.45832 0.41872 29.04997 101.05504 -39.20378 0.41515 0.30497 39.77261 78.49106 -33.77599 0.5904 1.715e+13 1.056e+13
88 87 8.1488e+12 428.10 394.93 494.155 67.691 52 69.51401 38.03508 55.40705 -35.11 82.68 116.70 -5.347e+13 6.193e+13 8.491e+13 0.08902 67.69077 8.1488e+12 8.1488e+12 7.8470e+12 6.0361e+12 1.8108e+12 22.30250 0.00 0.11063 0.36427 0.07967 19.80411 107.61435 -26.10168 0.11735 0.01655 9.19557 137.04770 -35.53855 0.6264 8.296e+12 5.433e+12
89 116 9.9596e+12 448.99 381.38 528.340 80.497 134 62.33137 9.26437 89.16105 35.32 165.81 -48.23 1.489e+13 -2.649e+13 1.889e+13 0.02191 80.49725 9.9596e+12 9.9596e+12 8.4506e+12 6.0361e+12 2.4145e+12 76.38548 0.00 0.02403 0.28105 0.26417 93.38915 -16.24688 -60.03035 0.31478 0.06448 59.53731 -31.62165 -47.37231 0.5172 8.927e+12 6.640e+12
90 89 1.9014e+13 588.87 569.26 655.423 74.696 120 96.71895 24.05075 50.09075 -63.21 -211.17 302.03 -8.502e+13 6.905e+13 8.636e+13 0.02826 74.69631 1.9014e+13 1.9014e+13 1.8712e+13 1.4789e+13 5.4325e+12 47.80416 0.00 0.03188 0.68354 0.61208 94.84553 -50.01373 -31.98630 0.79277 0.67628 83.10873 -47.76324 -6.93019 0.6200 1.854e+13 1.117e+13
91 92 2.5654e+13 597.09 568.41 724.238 133.050 120 38.50032 83.34573 96.17570 213.57 140.79 60.42 -1.065e+13 -1.619e+14 5.087e+13 0.02040 133.05008 2.5654e+13 2.5654e+13 2.2334e+13 1.4487e+13 7.2434e+12 50.16306 0.00 0.02359 0.69660 0.39205 54.15611 115.30059 68.01861 0.44241 0.35691 -62.47236 89.70006 -13.09274 0.5817 2.215e+13 1.811e+13
92 141 5.7343e+12 341.20 205.96 439.535 140.432 42 58.95130 0.67556 62.80403 144.49 34.77 142.54 2.762e+13 2.343e+13 1.438e+13 0.06045 140.43230 5.7343e+12 5.7343e+12 4.5271e+12 3.0181e+11 0.0000e+00 34.22993 0.00 0.06567 0.20000 0.02729 120.13102 7.21306 73.66939 0.00000 0.00000 0.00000 0.00000 0.00000 0.2969 5.018e+12 6.338e+12
93 129 1.1469e+13 489.25 429.80 553.779 68.536 75 57.20119 0.28895 67.11983 261.29 89.47 15.18 1.907e+13 -2.104e+12 3.598e+11 0.00935 68.53632 1.1469e+13 1.1469e+13 1.0865e+13 8.4506e+12 3.9235e+12 23.05564 0.00 0.01019 0.75512 0.41170 69.12417 68.74876 -10.25139 0.73890 0.34617 56.86631 48.72468 3.24317 0.5525 1.100e+13 6.036e+12
94 84 2.1127e+12 248.97 245.37 315.095 81.257 117 79.95161 74.58527 56.44043 -433.07 -139.46 -144.32 -2.338e+12 -2.953e+12 4.587e+11 0.01518 81.25720 2.1127e+12 2.1127e+12 1.5090e+12 0.0000e+00 0.0000e+00 67.18800 0.00 0.03377 0.84482 0.02582 -59.84743 -30.46164 122.63046 0.00000 0.00000 0.00000 0.00000 0.00000 1.2522 4.966e+12 2.113e+12
95 64 1.7505e+13 510.21 457.26 637.604 146.405 116 81.69933 15.19872 1.94341 -169.69 156.52 -16.40 -6.139e+13 -1.260e+14 5.944e+13 0.03331 146.40540 1.7505e+13 1.7505e+13 1.3581e+13 1.0261e+13 0.0000e+00 93.79487 11.21 0.03995 0.73359 0.49518 -108.02434 116.85338 59.86018 0.66149 0.38403 115.55901 -70.95439 -63.57909 0.5505 1.557e+13 1.509e+13
96 90 1.4487e+13 506.59 478.28 598.626 93.455 89 1.93424 18.36823 53.46450 -105.91 261.24 -132.13 8.819e+13 6.781e+12 -1.586e+13 0.02528 93.45528 1.4487e+13 1.4487e+13 1.3280e+13 9.6578e+12 0.0000e+00 83.77162 0.00 0.03231 0.21086 0.04612 -65.66039 134.20494 110.43865 0.41670 0.25928 -53.72145 111.92180 84.43794 0.6439 1.294e+13 1.026e+13
97 102 1.5090e+12 217.29 525.51 281.664 100.720 104 71.90489 22.25032 99.18782 -134.29 -491.53 525.11 -9.740e+12 2.522e+13 1.487e+13 0.99532 100.72033 1.8108e+12 1.5090e+12 1.2072e+12 0.0000e+00 0.0000e+00 79.90906 112.67 0.48117 0.49382 0.06255 39.51729 -107.01083 125.87120 0.00000 0.00000 0.00000 0.00000 0.00000 7.7579 9.829e+12 2.113e+12
98 97 9.0542e+12 401.88 327.58 511.818 141.070 93 90.28394 90.29370 23.12009 -51.50 323.70 -52.19 9.035e+11 5.237e+13 3.124e+13 0.03985 141.06992 9.0542e+12 9.0542e+12 8.1488e+12 3.6217e+12 0.0000e+00 71.08862 0.00 0.04800 0.70134 0.56861 19.00069 93.11675 -90.52542 0.94517 0.88697 11.90607 85.94223 -10.54872 0.5169 8.544e+12 9.356e+12
99 106 3.3199e+12 291.00 181.28 366.330 89.767 91 57.56561 30.20103 27.93211 -43.90 -147.39 330.61 9.922e+12 2.521e+12 1.911e+13 0.06816 89.76652 3.3199e+12 3.3199e+12 2.7163e+12 3.0181e+11 0.0000e+00 41.76421 0.00 0.09085 0.45075 0.01735 -98.14481 184.78796 -103.65285 0.00000 0.00000 0.00000 0.00000 0.00000 0.4068 6.779e+12 3.320e+12
100 105 6.0361e+12 351.36 362.30 447.114 122.123 90 53.62281 55.81230 36.98202 -0.41 -188.23 96.91 1.745e+13 -2.600e+13 5.627e+13 0.03124 122.12280 6.0361e+12 6.0361e+12 5.1307e+12 0.0000e+00 0.0000e+00 123.76199 0.00 0.09962 0.76541 0.50186 186.53114 5.16841 -46.24091 0.00000 0.00000 0.00000 0.00000 0.00000 0.9173 1.138e+13 6.640e+12
101 98 3.3199e+12 315.62 247.67 366.330 51.694 53 71.66872 32.12729 5.34722 36.40 -587.23 314.66 -9.151e+12 -8.417e+12 2.936e+12 0.04095 51.69450 3.3199e+12 3.3199e+12 3.0181e+12 1.8108e+12 0.0000e+00 63.23552 0.00 0.05353 0.41960 0.23092 -66.56195 89.61993 86.23826 0.45260 0.14464 -19.17801 -5.36473 77.25319 0.5545 6.698e+12 1.811e+12
102 99 5.4325e+12 365.24 289.52 431.684 67.468 37 73.32666 31.38972 6.60621 -264.68 -497.68 -19.51 -1.948e+13 -6.657e+12 -2.321e+12 0.03106 67.46824 5.4325e+12 5.4325e+12 3.9235e+12 2.7163e+12 0.0000e+00 42.73676 0.00 0.03820 0.32680 0.08644 97.32775 3.13060 79.72857 0.55860 0.30577 87.58903 17.24497 58.65394 0.5380 5.173e+12 3.320e+12
103 107 2.0221e+13 579.09 554.91 669.011 92.058 86 52.01228 52.67913 39.67553 165.30 -86.93 -139.72 -5.256e+13 -8.893e+13 -2.465e+13 0.01902 92.05808 2.0221e+13 2.0221e+13 1.9014e+13 1.4487e+13 5.7343e+12 37.64806 7.27 0.02191 0.72067 0.34204 20.70431 86.44373 -85.72724 0.60536 0.28632 -24.67849 -72.90706 81.68926 0.6091 1.901e+13 1.388e+13
104 108 1.9014e+13 577.89 552.24 655.423 81.944 85 38.21016 52.17830 42.82417 232.57 -76.64 -48.36 -1.351e+14 2.876e+13 4.218e+13 0.02814 81.94382 1.9014e+13 1.9014e+13 1.7807e+13 1.2676e+13 6.6398e+12 63.70417 0.00 0.03300 0.51174 0.36790 -64.95110 91.79594 -45.72750 0.53016 0.25093 -34.66900 85.85415 -40.68596 0.6224 1.770e+13 1.117e+13
105 94 2.0825e+13 586.81 558.48 675.603 91.282 82 65.80991 91.94257 27.21594 161.82 316.26 45.32 -1.040e+13 -3.592e+13 -1.199e+13 0.00703 91.28177 2.0825e+13 2.0825e+13 2.0221e+13 1.6599e+13 6.0361e+12 35.92152 0.00 0.00771 0.74367 0.37279 -0.62754 30.63566 115.69555 0.66445 0.37193 -11.39132 -15.71573 100.44344 0.5807 2.098e+13 1.358e+13
106 121 1.2374e+13 484.80 420.36 567.984 84.407 82 21.99160 13.72184 29.82880 257.43 19.81 -83.65 9.655e+12 8.787e+13 8.151e+13 0.05318 84.40691 1.2374e+13 1.2374e+13 1.1770e+13 9.0542e+12 2.7163e+12 88.50563 0.00 0.05623 0.29418 0.14727 -76.92096 -55.58270 86.20356 0.60358 0.49134 9.22277 -43.33685 89.46871 0.5090 1.218e+13 8.451e+12
107 110 1.5694e+13 485.51 451.66 614.813 159.486 82 5.22318 12.79583 10.82357 -104.93 -150.37 -277.95 7.441e+13 4.124e+13 -4.001e+13 0.02327 159.48621 1.5694e+13 1.5996e+13 1.4185e+13 8.1488e+12 0.0000e+00 100.55679 0.00 0.02958 0.75565 0.55712 73.79366 -25.42262 122.58199 0.06925 0.02684 75.24111 -28.04293 82.27024 0.6008 1.493e+13 1.600e+13
108 154 4.2253e+12 316.13 249.13 396.995 95.129 80 3.00180 96.78277 1.91954 -20.72 760.20 16.52 2.385e+12 -3.678e+12 3.789e+12 0.01022 95.12919 4.2253e+12 4.2253e+12 3.9235e+12 6.0361e+11 0.0000e+00 26.14706 0.00 0.01624 0.17420 0.02231 83.73372 147.55569 -22.86853 0.00000 0.00000 0.00000 0.00000 0.00000 0.6399 4.326e+12 4.225e+12
109 111 3.9235e+12 305.82 274.40 387.308 100.580 43 41.87075 29.74840 75.50584 257.89 117.38 -224.50 -1.527e+13 8.161e+12 -8.196e+12 0.03167 100.58028 3.9235e+12 3.9235e+12 3.3199e+12 0.0000e+00 0.0000e+00 24.93726 0.00 0.06077 0.06338 0.00000 165.48174 138.31123 -29.56657 0.00000 0.00000 0.00000 0.00000 0.00000 0.7554 6.075e+12 3.923e+12
110 112 1.2072e+12 234.19 142.37 261.474 30.254 37 43.29301 30.61946 75.98801 102.99 -143.43 -329.55 -3.771e+12 -6.561e+11 -3.167e+12 0.04841 30.25385 1.2072e+12 1.2072e+12 1.2072e+12 3.0181e+11 0.0000e+00 52.28926 0.00 0.11237 0.60551 0.33692 -27.26659 95.34352 33.36185 0.00000 0.00000 0.00000 0.00000 0.00000 0.6765 4.528e+12 3.018e+11
111 115 9.9596e+12 438.52 387.74 528.340 92.882 79 86.09899 70.79683 9.88857 -279.60 252.98 98.97 -3.107e+13 3.927e+13 4.310e+12 0.02888 92.88235 9.9596e+12 9.9596e+12 9.0542e+12 6.3380e+12 1.5090e+12 39.46805 47.71 0.03375 0.65382 0.36496 94.17397 12.58070 42.55185 0.44150 0.23585 76.44299 17.39140 18.27795 0.5666 9.245e+12 7.847e+12
112 120 5.7343e+12 405.21 278.99 439.535 44.433 43 72.77429 78.58253 17.19859 -228.44 219.75 80.63 2.797e+13 9.314e+12 -1.464e+13 0.05525 44.43260 5.7343e+12 5.7343e+12 5.4325e+12 5.1307e+12 0.0000e+00 79.97568 21.96 0.05547 0.37826 0.08536 54.10244 110.24055 81.28384 0.19749 0.05145 88.67348 123.61497 79.47418 0.4103 6.684e+12 2.113e+12
113 120 1.8108e+12 233.67 140.06 299.313 88.357 34 73.93329 80.57593 18.56837 -275.18 91.43 -41.24 -1.132e+13 3.999e+12 -2.947e+12 0.18140 88.35675 1.8108e+12 1.8108e+12 9.0542e+11 0.0000e+00 0.0000e+00 32.81001 67.66 0.14223 0.41107 0.12476 65.27747 180.86055 37.23890 0.00000 0.00000 0.00000 0.00000 0.00000 3.4300 3.029e+12 1.811e+12
114 104 8.1488e+12 409.25 325.91 494.155 88.107 75 97.35004 23.64619 53.05472 -55.19 -24.64 -52.31 7.198e+13 2.293e+13 3.182e+13 0.07052 88.10654 8.1488e+12 8.1488e+12 6.0361e+12 4.5271e+12 2.4145e+12 43.98606 0.00 0.07690 0.77790 0.25562 38.17749 0.24425 70.26746 0.81248 0.21161 -24.30685 67.11538 -23.32712 0.4750 9.616e+12 5.131e+12
115 119 9.0542e+12 513.66 432.38 511.818 36.259 74 95.97110 94.62347 91.67121 -14.93 545.15 339.03 -2.916e+13 6.085e+12 2.001e+13 0.02733 36.25910 9.0542e+12 9.0542e+12 8.7524e+12 6.3380e+12 4.8289e+12 74.11707 0.00 0.02824 0.56636 0.36287 72.68107 42.31884 -40.89373 0.66293 0.41594 54.47295 58.87348 -19.04440 0.5605 1.112e+13 3.923e+12
116 117 6.0361e+12 354.02 310.45 447.114 112.969 74 70.99564 25.56562 3.93837 124.38 -551.55 72.75 -4.480e+13 -3.432e+13 -2.165e+13 0.05653 112.96853 6.0361e+12 6.3380e+12 5.4325e+12 6.0361e+11 0.0000e+00 108.36385 80.20 0.09351 0.54017 0.07422 -73.08324 193.59666 48.60305 0.00000 0.00000 0.00000 0.00000 0.00000 0.6993 8.923e+12 6.036e+12
117 127 6.3380e+12 394.19 288.29 454.445 61.839 71 71.81777 64.92683 53.68929 62.69 -228.32 -729.18 3.907e+13 -2.659e+13 6.483e+12 0.06289 61.83944 6.3380e+12 6.3380e+12 5.1307e+12 3.6217e+12 0.0000e+00 49.54802 57.89 0.06803 0.55831 0.30436 -10.56041 -24.69754 102.65657 0.74277 0.32185 -1.55692 -34.60227 79.90633 0.4446 7.010e+12 3.622e+12
118 114 1.5090e+12 232.15 178.39 281.664 51.850 71 59.48524 83.10273 33.84076 306.34 -8.61 19.29 -2.321e+12 -3.860e+12 -7.298e+12 0.04339 51.85007 1.5090e+12 1.5090e+12 1.5090e+12 3.0181e+11 0.0000e+00 54.78434 0.00 0.13373 0.36265 0.01429 142.37425 -86.80775 32.55490 0.00000 0.00000 0.00000 0.00000 0.00000 0.8416 5.007e+12 9.054e+11
119 63 1.2072e+12 227.88 267.21 261.474 34.705 71 78.59108 16.80216 2.88745 -151.44 -167.01 -175.85 -5.012e+12 9.521e+12 3.650e+12 0.24522 34.70528 1.2072e+12 1.2072e+12 9.0542e+11 6.0361e+11 0.0000e+00 99.48244 85.64 0.25699 0.39517 0.00507 140.49571 16.69943 19.49978 0.00000 0.00000 0.00000 0.00000 0.00000 2.4541 6.053e+12 6.036e+11
120 134 6.9416e+12 384.16 286.22 468.437 89.206 70 0.99545 25.02683 70.96971 -517.49 -23.57 23.37 -4.854e+12 -1.213e+13 1.007e+12 0.01515 89.20646 6.9416e+12 6.9416e+12 6.6398e+12 4.2253e+12 0.0000e+00 45.29043 22.79 0.01606 0.63341 0.56506 97.53490 -25.64306 -67.86618 0.48579 0.22790 -6.89496 -18.58447 90.38716 0.4202 7.559e+12 5.433e+12
121 125 6.6398e+12 416.43 308.92 461.547 51.553 41 42.81395 0.71877 23.15737 -23.00 314.33 75.38 -8.325e+12 -8.037e+12 -3.980e+13 0.05394 51.55317 6.6398e+12 6.6398e+12 6.0361e+12 4.5271e+12 2.4145e+12 16.29615 39.82 0.05471 0.64395 0.42475 75.61853 -71.11495 14.81303 0.61786 0.22257 -43.71071 67.16708 -50.04108 0.4467 6.334e+12 3.622e+12
122 124 2.4145e+12 265.01 180.29 329.437 72.407 28 41.04192 0.76495 23.53391 323.04 267.66 25.74 -2.993e+12 1.438e+13 4.959e+12 0.07810 72.40651 2.4145e+12 3.0181e+12 1.5090e+12 1.2072e+12 0.0000e+00 51.71941 45.30 0.11048 0.00000 0.00000 127.02942 -74.14496 -20.13588 0.84713 0.00000 -7.82957 84.37554 7.57178 0.5090 3.492e+12 1.811e+12
123 -1 2.1127e+12 242.68 327.30 315.095 117.113 69 70.32205 72.63892 47.59259 -120.99 -109.53 235.31 8.159e+11 2.658e+13 2.059e+13 0.27705 117.11277 2.1127e+12 2.1127e+12 3.0181e+11 3.0181e+11 0.0000e+00 173.62228 43.68 0.29932 0.59501 0.07668 51.09721 -41.87639 103.66439 0.00000 0.00000 0.00000 0.00000 0.00000 2.1761 5.255e+12 2.716e+12
124 123 3.9235e+12 329.03 240.67 387.308 59.122 69 25.11281 58.36305 24.75555 170.12 -88.12 278.02 4.942e+12 -3.326e+12 7.225e+12 0.02454 59.12209 3.9235e+12 3.9235e+12 3.9235e+12 1.8108e+12 0.0000e+00 50.28568 0.00 0.02970 0.87870 0.15878 -66.61446 0.13121 121.76411 0.30405 0.00940 106.80228 57.59243 16.48729 0.4787 7.444e+12 2.113e+12
125 122 4.5271e+12 312.43 242.11 406.230 157.041 67 29.04435 25.62014 15.53948 250.97 -409.02 -48.91 -2.066e+12 2.640e+13 9.123e+12 0.05393 157.04092 4.5271e+12 4.5271e+12 3.6217e+12 1.8108e+12 0.0000e+00 25.86988 53.56 0.07000 0.18337 0.02303 138.07848 4.11759 15.47410 0.00000 0.00000 77.43263 13.99803 -10.73647 0.5143 6.095e+12 7.545e+12
126 131 1.1770e+13 534.97 466.65 558.595 47.842 63 96.25904 28.55505 63.89009 -90.90 116.18 86.41 9.589e+12 -6.275e+13 7.324e+12 0.03196 47.84157 1.1770e+13 1.1770e+13 1.0563e+13 9.6578e+12 4.8289e+12 54.41190 10.48 0.03248 0.80177 0.55654 63.19563 70.16319 20.50388 0.83503 0.43284 60.32733 54.36268 -20.99616 0.5506 1.369e+13 5.734e+12
127 132 1.2072e+12 213.56 116.62 261.474 51.237 63 71.20595 24.29529 84.51711 -33.05 -126.12 107.47 1.522e+12 -2.078e+12 -5.607e+11 0.02814 51.23749 1.2072e+12 1.2072e+12 1.2072e+12 3.0181e+11 0.0000e+00 123.86926 0.00 0.05962 0.77855 0.22313 34.46196 37.65770 85.46889 0.00000 0.00000 0.00000 0.00000 0.00000 0.5237 5.647e+12 6.036e+11
128 126 1.1469e+13 515.01 427.91 553.779 53.837 62 36.73854 27.50826 50.43899 452.87 -160.25 -150.41 -1.360e+13 3.586e+13 -2.705e+13 0.02405 53.83707 1.1469e+13 1.1469e+13 1.1167e+13 8.1488e+12 4.5271e+12 47.78700 0.00 0.02491 0.67676 0.59891 80.26071 -33.08345 -38.62892 0.68950 0.27268 71.18520 8.73868 7.20840 0.5271 1.080e+13 5.433e+12
129 -1 1.5090e+12 255.27 175.81 281.664 30.807 60 87.94504 49.29964 54.15985 -161.88 -315.88 209.12 3.184e+11 -4.838e+11 2.062e+11 0.00448 30.80723 1.5090e+12 1.5090e+12 1.5090e+12 3.0181e+11 0.0000e+00 74.60527 0.00 0.00959 0.68926 0.20097 77.46571 8.75393 -63.99900 0.00000 0.00000 0.00000 0.00000 0.00000 0.7139 3.855e+12 3.018e+11
130 -1 1.8108e+12 230.84 286.56 299.313 107.699 57 97.01212 96.91840 92.91115 -51.03 347.75 351.14 -3.705e+12 -5.779e+12 -1.224e+13 0.13816 107.69929 1.8108e+12 1.8108e+12 1.2072e+12 0.0000e+00 0.0000e+00 81.47697 102.09 0.16144 0.00000 0.00000 61.11145 107.51343 57.07550 0.00000 0.00000 0.00000 0.00000 0.00000 2.0490 4.946e+12 2.414e+12
131 146 9.0542e+11 202.46 78.52 237.565 35.612 57 70.54821 85.28684 41.03680 -356.48 86.19 125.18 1.554e+12 -2.461e+11 -2.172e+12 0.04782 35.61216 9.0542e+11 9.0542e+11 9.0542e+11 3.0181e+11 0.0000e+00 42.46402 0.00 0.09799 0.00000 0.00000 0.00000 0.00000 0.00000 0.00000 0.00000 0.00000 0.00000 0.00000 0.3286 2.993e+12 3.018e+11
132 133 4.5271e+12 312.45 283.45 406.230 156.685 57 41.63877 22.56501 13.57341 -6.64 -249.41 183.23 -8.076e+11 -3.875e+13 5.531e+12 0.05907 156.68507 4.5271e+12 4.5271e+12 3.6217e+12 1.5090e+12 0.0000e+00 26.02164 29.53 0.09784 0.29468 0.07199 114.66824 50.20563 -5.03601 0.62376 0.20919 30.49055 9.52364 53.85868 0.6958 5.277e+12 6.338e+12
133 -1 3.0181e+12 278.06 323.17 354.875 100.224 56 64.19300 98.63569 68.66150 -4.16 214.75 -168.98 3.698e+13 -8.582e+12 2.644e+13 0.12833 100.22353 3.0181e+12 3.0181e+12 2.1127e+12 0.0000e+00 0.0000e+00 53.16051 0.00 0.22722 0.22474 0.00000 2.09761 5.47617 180.86061 0.00000 0.00000 0.00000 0.00000 0.00000 1.3465 6.154e+12 3.320e+12
134 136 1.1770e+13 497.83 436.91 558.595 66.206 55 79.09009 9.87122 62.32261 -101.91 142.71 43.21 -2.507e+13 2.172e+13 1.391e+13 0.01676 66.20612 1.1770e+13 1.2072e+13 1.1167e+13 7.8470e+12 4.2253e+12 40.00368 0.00 0.01828 0.83458 0.52195 88.88612 -41.57250 31.81726 0.78691 0.48551 -37.73991 67.91742 -41.20276 0.5526 1.047e+13 6.338e+12
135 135 1.8108e+12 236.67 155.11 299.313 76.655 55 19.93936 12.63792 44.82724 320.58 137.88 -9.01 1.157e+13 5.996e+12 -4.678e+12 0.09484 76.65518 1.8108e+12 1.8108e+12 1.5090e+12 0.0000e+00 0.0000e+00 34.95051 7.49 0.15934 0.66011 0.33810 135.60910 -28.22937 60.79221 0.00000 0.00000 0.00000 0.00000 0.00000 0.5259 8.181e+12 1.811e+12
136 139 1.1469e+13 613.81 469.53 553.779 27.171 54 61.73848 42.01569 68.61449 -54.49 -238.95 -302.15 5.167e+13 3.715e+13 6.034e+13 0.04579 27.17143 1.1469e+13 1.1469e+13 1.1167e+13 6.9416e+12 5.7343e+12 50.06312 0.00 0.04655 0.38284 0.31692 63.89121 45.76397 2.03858 0.49144 0.35249 55.47308 37.63414 -0.70735 0.5605 1.530e+13 4.527e+12
137 143 7.8470e+12 504.99 368.78 487.977 30.730 52 70.83897 25.93529 19.04509 -275.23 -31.22 -120.27 -3.293e+11 1.456e+13 -2.005e+13 0.02671 30.72966 7.8470e+12 7.8470e+12 7.8470e+12 7.2434e+12 3.0181e+12 27.48191 0.00 0.02476 0.77795 0.58549 4.80444 71.66402 61.50708 0.74715 0.35596 21.71342 73.56602 48.94792 0.4544 1.058e+13 1.811e+12
138 142 8.4506e+12 432.05 326.84 500.182 69.598 51 54.56968 38.28523 52.97446 -254.02 -14.78 -120.84 -1.636e+13 -4.467e+12 2.118e+13 0.02367 69.59839 8.4506e+12 8.4506e+12 8.4506e+12 6.3380e+12 0.0000e+00 12.75933 18.22 0.02395 0.84284 0.70029 54.47231 60.27828 -76.98321 0.59011 0.49093 -46.04198 -13.83808 88.34721 0.4337 8.842e+12 5.433e+12
139 150 4.2253e+12 316.90 209.61 396.995 93.102 51 57.06944 48.91114 16.24851 -39.28 -150.78 203.56 -2.366e+13 -5.418e+12 -5.018e+12 0.05906 93.10186 4.2253e+12 4.2253e+12 3.9235e+12 1.5090e+12 0.0000e+00 42.38269 0.00 0.06947 0.87800 0.11149 116.51040 23.01379 -43.58299 0.78728 0.31426 29.23127 45.46111 101.33108 0.3931 6.235e+12 4.225e+12
140 145 6.3380e+12 392.11 315.33 454.445 63.620 51 46.21675 93.46698 76.03333 195.57 84.38 -16.88 1.853e+13 5.755e+12 -4.121e+11 0.02553 63.61987 6.3380e+12 6.3380e+12 6.0361e+12 3.9235e+12 0.0000e+00 32.21249 0.00 0.02768 0.65102 0.27584 115.86977 1.72855 41.95897 0.69505 0.25557 81.25453 13.65447 -38.24125 0.4986 7.627e+12 3.923e+12
141 153 5.1307e+12 364.71 293.59 423.537 59.936 49 86.30777 22.70341 96.89317 -116.95 -298.45 180.27 6.768e+12 -1.815e+13 2.219e+12 0.03363 59.93619 5.1307e+12 5.1307e+12 4.8289e+12 3.9235e+12 0.0000e+00 51.79325 33.08 0.03955 0.06188 0.02038 177.61725 27.96917 1.57149 0.28319 0.11434 106.88425 16.79216 -0.92679 0.5341 5.248e+12 3.320e+12
142 140 1.5090e+12 234.94 135.69 281.664 47.990 49 44.27766 20.99669 41.38207 72.57 -126.09 195.05 -3.572e+12 2.736e+11 9.670e+11 0.03949 47.99021 1.5090e+12 1.5090e+12 1.5090e+12 3.0181e+11 0.0000e+00 63.43835 0.00 0.05786 0.33339 0.01500 -64.23816 102.03188 -45.51003 0.00000 0.00000 0.00000 0.00000 0.00000 0.3910 3.375e+12 1.207e+12
143 156 3.3199e+12 282.15 174.89 366.330 135.921 47 46.73634 30.43053 73.59171 -107.29 -36.43 -121.56 -5.195e+12 3.565e+12 -1.286e+13 0.03808 135.92102 3.3199e+12 3.3199e+12 0.0000e+00 0.0000e+00 0.0000e+00 115.30226 43.05 0.06001 0.55989 0.03211 -32.29562 98.68326 231.46745 0.00000 0.00000 0.00000 0.00000 0.00000 0.5123 4.279e+12 3.923e+12
144 164 2.7163e+12 293.49 135.84 342.628 49.917 46 92.39165 12.25674 8.86555 -27.16 9.60 -251.89 -3.768e+12 2.092e+12 -9.743e+12 0.05980 49.91700 2.7163e+12 2.7163e+12 2.7163e+12 1.5090e+12 0.0000e+00 39.04019 0.00 0.06237 0.54834 0.38855 0.94270 114.79771 47.33354 0.66818 0.00000 -68.51289 51.31980 47.01813 0.2094 4.027e+12 1.509e+12
145 159 1.5090e+12 232.88 136.26 281.664 50.768 44 25.24541 38.89449 29.16684 230.23 -197.70 56.87 -9.249e+11 -1.283e+12 1.641e+12 0.02185 50.76799 1.5090e+12 1.5090e+12 1.5090e+12 0.0000e+00 0.0000e+00 76.60073 0.00 0.03554 0.59110 0.34338 -80.81430 118.31590 66.69769 0.00000 0.00000 0.00000 0.00000 0.00000 0.4703 4.789e+12 9.054e+11
146 160 3.9235e+12 304.97 251.54 387.308 103.526 43 21.80077 12.63423 44.31175 156.53 30.65 -165.21 3.758e+13 5.813e+12 1.362e+12 0.06708 103.52621 3.9235e+12 3.9235e+12 3.0181e+12 0.0000e+00 0.0000e+00 70.38042 44.52 0.12069 0.65414 0.06861 92.34182 27.57329 157.93475 0.00000 0.00000 0.00000 0.00000 0.00000 0.7001 3.624e+12 4.225e+12
147 147 5.7343e+12 339.69 214.90 439.535 151.467 42 99.17352 16.96275 78.61975 -31.46 340.96 114.47 6.373e+12 -2.274e+13 -6.551e+12 0.03543 151.46681 5.7343e+12 5.7343e+12 4.5271e+12 1.5090e+12 0.0000e+00 52.14843 22.76 0.04129 0.46057 0.27237 32.91566 -117.99934 131.67281 0.69655 0.17442 64.94231 -50.40843 96.17422 0.3764 5.336e+12 6.942e+12
148 163 9.0542e+11 207.26 131.53 237.565 31.353 42 95.41605 28.44461 70.75697 -37.43 -180.77 -203.95 2.183e+12 -1.745e+12 2.596e+12 0.01863 31.35285 9.0542e+11 9.0542e+11 9.0542e+11 3.0181e+11 0.0000e+00 68.35223 0.00 0.13934 0.00000 0.00000 0.00000 0.00000 0.00000 0.00000 0.00000 0.00000 0.00000 0.00000 1.0510 4.171e+12 3.018e+11
149 158 2.7163e+12 294.44 169.17 342.628 49.031 42 50.19141 63.61942 14.14240 137.79 38.40 283.84 3.003e+12 1.935e+12 4.745e+12 0.03221 49.03051 2.7163e+12 2.7163e+12 2.7163e+12 2.1127e+12 0.0000e+00 18.06713 0.00 0.03477 0.73948 0.01392 5.53737 43.44210 37.68523 0.74441 0.01320 22.47711 39.94390 39.53018 0.3162 4.045e+12 1.509e+12
150 162 9.0542e+11 185.18 121.86 237.565 71.548 42 65.94875 49.60624 47.55469 -10.06 62.76 -31.91 -2.703e+12 1.248e+12 -6.322e+12 0.24364 71.54821 9.0542e+11 9.0542e+11 0.0000e+00 0.0000e+00 0.0000e+00 116.84457 167.55 0.25529 0.00000 0.00000 0.00000 0.00000 0.00000 0.00000 0.00000 0.00000 0.00000 0.00000 4.7854 3.300e+12 1.207e+12
151 152 3.6217e+12 320.09 193.62 377.111 57.852 40 62.39653 75.33591 31.83995 -32.11 138.94 -15.86 4.786e+12 1.279e+12 -1.982e+13 0.07131 57.85180 3.6217e+12 3.6217e+12 3.3199e+12 2.7163e+12 0.0000e+00 49.21691 0.00 0.07404 0.84687 0.34707 -35.65368 -38.11343 69.99519 0.78183 0.33860 57.56171 27.23034 -36.30976 0.3255 3.374e+12 2.716e+12
152 168 3.6217e+12 304.33 200.58 377.111 80.814 40 47.39970 45.54706 77.74560 -79.00 -262.98 -80.30 -3.069e+12 3.262e+12 -5.326e+12 0.02030 80.81370 3.6217e+12 3.6217e+12 3.0181e+12 6.0361e+11 0.0000e+00 97.09946 35.66 0.02522 0.20283 0.00811 129.82729 177.06676 3.13593 0.00000 0.00000 0.00000 0.00000 0.00000 0.4281 5.061e+12 3.018e+12
153 157 6.0361e+12 344.04 266.83 447.114 170.370 39 1.97045 0.19890 4.61328 26.98 360.69 -133.48 3.592e+13 -3.376e+13 2.158e+13 0.06230 170.36984 6.0361e+12 6.0361e+12 4.2253e+12 3.0181e+11 0.0000e+00 28.45796 10.85 0.08325 0.13295 0.00000 -97.13115 100.41571 151.62254 0.00000 0.00000 0.00000 0.00000 0.00000 0.5206 5.538e+12 8.149e+12
154 161 2.4145e+12 253.20 187.66 329.437 130.137 39 73.88026 32.29053 55.37901 -162.19 -31.91 169.56 -1.136e+13 3.105e+12 -9.724e+12 0.05478 130.13750 2.4145e+12 2.4145e+12 9.0542e+11 3.0181e+11 0.0000e+00 100.90570 35.55 0.10879 0.40217 0.00000 -60.37864 64.48981 50.07384 0.00000 0.00000 0.00000 0.00000 0.00000 0.6826 3.616e+12 4.527e+12
155 -1 6.0361e+11 165.43 0.00 207.532 49.283 39 51.80892 57.17973 36.98399 359.39 -319.66 26.87 -2.886e+11 1.112e+12 -1.253e+12 0.03993 49.28336 6.0361e+11 6.0361e+11 0.0000e+00 0.0000e+00 0.0000e+00 178.33728 82.38 0.12208 0.00000 0.00000 0.00000 0.00000 0.00000 0.00000 0.00000 0.00000 0.00000 0.00000 0.0000 3.687e+12 6.036e+11
156 170 4.8289e+12 343.40 238.51 415.064 74.501 38 1.21910 93.37225 15.62444 -290.45 501.78 -99.67 -3.235e+12 -8.620e+12 -1.588e+13 0.03459 74.50147 4.8289e+12 5.4325e+12 4.8289e+12 2.1127e+12 0.0000e+00 66.90080 0.00 0.04118 0.36613 0.30142 -10.52521 153.08455 -82.92305 0.40934 0.25089 -23.88339 124.72565 -100.48283 0.4469 4.704e+12 3.320e+12
157 167 6.0361e+11 170.72 0.00 207.532 38.696 38 76.34859 30.14257 58.48632 -48.54 121.02 129.37 -6.727e+10 1.558e+11 1.947e+10 0.00050 38.69635 6.0361e+11 6.0361e+11 6.0361e+11 0.0000e+00 0.0000e+00 136.35770 17.62 0.01227 0.00000 0.00000 0.00000 0.00000 0.00000 0.00000 0.00000 0.00000 0.00000 0.00000 0.0000 2.978e+12 3.018e+11
158 166 1.5090e+12 227.80 83.21 281.664 59.351 37 53.00428 90.33071 67.55461 78.84 233.71 47.23 -2.330e+12 1.683e+12 -4.750e+12 0.06271 59.35132 1.5090e+12 1.5090e+12 1.5090e+12 3.0181e+11 0.0000e+00 79.33504 0.00 0.08657 0.64271 0.06504 21.26754 65.41284 149.27975 0.00000 0.00000 0.00000 0.00000 0.00000 0.1764 2.901e+12 1.207e+12
159 148 4.2253e+12 316.67 188.65 396.995 93.702 36 92.74588 97.20889 13.25785 72.83 297.11 37.33 2.213e+12 1.087e+13 -3.665e+12 0.02710 93.70188 4.2253e+12 4.2253e+12 3.9235e+12 3.0181e+11 0.0000e+00 36.07336 0.00 0.03275 0.29730 0.03288 168.32631 -42.18087 -17.47842 0.00000 0.00000 0.00000 0.00000 0.00000 0.3624 4.054e+12 3.923e+12
160 151 2.7163e+12 281.97 190.79 342.628 63.711 36 5.47205 15.07308 92.54047 -102.19 -288.22 83.52 -1.611e+12 -4.621e+12 3.193e+12 0.02399 63.71095 2.7163e+12 2.7163e+12 2.7163e+12 0.0000e+00 0.0000e+00 26.72347 0.00 0.03421 0.32956 0.00281 -74.27540 146.16513 -109.68643 0.00000 0.00000 0.00000 0.00000 0.00000 0.4983 3.712e+12 1.811e+12
161 155 1.2072e+12 216.42 142.16 261.474 46.805 35 56.79754 55.84785 24.98072 -49.28 -147.77 192.12 2.544e+12 2.597e+12 -2.867e+12 0.03948 46.80546 1.2072e+12 1.2072e+12 1.2072e+12 0.0000e+00 0.0000e+00 92.15872 0.00 0.10472 0.53266 0.38571 42.35757 132.40439 24.20696 0.00000 0.00000 0.00000 0.00000 0.00000 0.7291 3.630e+12 6.036e+11
162 165 9.0542e+11 196.33 125.23 237.565 42.953 34 99.34186 26.17867 68.29817 -116.87 8.35 114.88 -2.041e+12 -1.129e+12 -3.089e+12 0.03067 42.95344 9.0542e+11 9.0542e+11 9.0542e+11 3.0181e+11 0.0000e+00 79.25722 0.00 0.14139 0.00000 0.00000 0.00000 0.00000 0.00000 0.00000 0.00000 0.00000 0.00000 0.00000 1.1640 2.142e+12 3.018e+11
163 181 9.0542e+11 198.19 96.83 237.565 40.434 32 72.83612 96.10773 65.07959 -244.30 25.41 -119.08 -2.332e+12 2.111e+11 -2.042e+12 0.03057 40.43430 9.0542e+11 9.0542e+11 9.0542e+11 3.0181e+11 0.0000e+00 85.43671 0.00 0.11351 0.00000 0.00000 0.00000 0.00000 0.00000 0.00000 0.00000 0.00000 0.00000 0.00000 0.7379 2.835e+12 3.018e+11
164 174 1.8108e+12 253.95 102.06 299.313 46.035 32 70.12096 82.59599 12.17681 -53.53 177.44 230.12 2.020e+12 -9.126e+11 -7.547e+11 0.02365 46.03543 1.8108e+12 3.0181e+12 1.2072e+12 1.2072e+12 0.0000e+00 54.86766 0.00 0.02695 0.58942 0.31564 87.50658 32.71941 39.49661 0.75722 0.25403 76.96995 37.65842 11.09267 0.1847 5.102e+12 1.207e+12
165 172 1.8108e+12 238.50 178.90 299.313 71.302 32 40.83013 29.98278 51.39305 230.64 -291.10 -179.04 -8.097e+12 -4.585e+12 -2.185e+12 0.05481 71.30217 1.8108e+12 1.8108e+12 1.5090e+12 6.0361e+11 0.0000e+00 75.15340 0.00 0.11000 0.00000 0.00000 58.49838 21.92307 44.48700 0.00000 0.00000 0.00000 0.00000 0.00000 0.6773 4.062e+12 1.811e+12
166 169 1.8108e+12 230.59 100.20 299.313 110.428 32 23.20335 31.98441 54.31390 276.19 -4.29 132.99 2.007e+12 -5.593e+12 1.465e+11 0.05128 110.42805 1.8108e+12 2.1127e+12 1.5090e+12 0.0000e+00 0.0000e+00 146.66370 18.82 0.06840 0.67345 0.18349 55.99506 -9.98008 173.61043 0.00000 0.00000 0.00000 0.00000 0.00000 0.2325 4.666e+12 4.527e+12
167 -1 6.0361e+11 171.88 0.00 207.532 36.991 32 34.86382 15.43435 44.57413 313.84 57.13 -486.91 1.881e+12 8.214e+10 1.847e+12 0.09018 36.99070 6.0361e+11 6.0361e+11 6.0361e+11 0.0000e+00 0.0000e+00 177.04935 113.64 0.18937 0.00000 0.00000 0.00000 0.00000 0.00000 0.00000 0.00000 0.00000 0.00000 0.00000 0.0000 4.311e+12 0.000e+00
168 -1 6.0361e+11 159.69 0.00 207.532 79.070 30 69.49345 75.32451 47.68994 49.13 -31.41 59.99 -6.230e+11 5.077e+12 1.907e+12 0.41500 79.06974 6.0361e+11 6.0361e+11 0.0000e+00 0.0000e+00 0.0000e+00 162.38519 243.15 0.39204 0.00000 0.00000 0.00000 0.00000 0.00000 0.00000 0.00000 0.00000 0.00000 0.00000 0.0000 2.391e+12 9.054e+11
169 176 6.0361e+11 195.94 0.00 207.532 18.886 30 46.81828 28.16355 68.70630 33.09 -42.44 -83.03 0.000e+00 0.000e+00 0.000e+00 0.00000 18.88641 6.0361e+11 6.0361e+11 6.0361e+11 6.0361e+11 0.0000e+00 130.61411 0.00 0.00000 0.00000 0.00000 0.00000 0.00000 0.00000 0.00000 0.00000 0.00000 0.00000 0.00000 0.0000 3.381e+12 0.000e+00
170 49 2.4145e+12 256.74 186.29 329.437 99.523 29 99.66653 22.14009 77.59428 -26.27 -39.66 -401.81 1.699e+13 -8.319e+12 -1.762e+13 0.07069 99.52275 3.0181e+12 2.4145e+12 0.0000e+00 0.0000e+00 0.0000e+00 92.49480 84.71 0.18416 0.50653 0.21970 -149.18993 133.16414 -143.01414 0.00000 0.00000 0.00000 0.00000 0.00000 0.8027 3.830e+12 2.716e+12
171 178 9.0542e+11 187.68 142.31 237.565 61.370 29 58.79559 2.79418 78.13495 95.70 179.09 -101.95 -2.916e+12 -6.929e+12 -2.911e+12 0.26152 61.37021 9.0542e+11 9.0542e+11 3.0181e+11 3.0181e+11 0.0000e+00 75.24911 168.52 0.29451 0.00000 0.00000 0.00000 0.00000 0.00000 0.00000 0.00000 0.00000 0.00000 0.00000 4.1565 3.092e+12 9.054e+11
172 180 2.7163e+12 264.79 185.02 342.628 118.161 28 3.39231 3.03359 97.79338 -124.76 599.30 -253.20 -1.262e+13 -2.431e+12 2.055e+13 0.08544 118.16098 2.7163e+12 2.7163e+12 1.5090e+12 0.0000e+00 0.0000e+00 103.37131 56.72 0.14190 0.57695 0.07852 -25.36861 170.60648 -69.13014 0.00000 0.00000 0.00000 0.00000 0.00000 0.5721 3.059e+12 3.923e+12
173 183 3.9235e+12 298.03 172.65 387.308 147.346 28 23.98189 61.55601 35.72543 262.72 26.39 23.62 -2.364e+12 -3.282e+12 -5.395e+12 0.01656 147.34650 3.9235e+12 3.9235e+12 2.1127e+12 3.0181e+11 0.0000e+00 57.20184 26.40 0.02139 0.31025 0.02000 156.79826 -11.41869 -11.42885 0.00000 0.00000 0.00000 0.00000 0.00000 0.3891 3.307e+12 4.527e+12
174 -1 1.2072e+12 212.65 367.41 261.474 52.837 27 54.17665 42.00786 61.03231 -100.66 -453.35 -663.86 -9.817e+12 2.195e+12 7.684e+12 0.39783 52.83747 1.2072e+12 1.2072e+12 1.2072e+12 6.0361e+11 0.0000e+00 89.22606 0.00 0.28631 0.89821 0.07345 34.25774 69.52093 -11.89520 0.00000 0.00000 0.00000 0.00000 0.00000 4.2131 2.444e+12 9.054e+11
175 179 9.0542e+11 193.53 89.99 237.565 47.431 27 69.36997 54.08512 49.37837 42.84 262.70 -11.18 2.548e+12 4.358e+12 3.542e+11 0.23241 47.43126 9.0542e+11 9.0542e+11 9.0542e+11 0.0000e+00 0.0000e+00 94.85502 281.89 0.18489 0.00000 0.00000 0.00000 0.00000 0.00000 0.00000 0.00000 0.00000 0.00000 0.00000 6.6604 2.082e+12 6.036e+11
176 187 1.2072e+12 206.80 74.81 261.474 66.788 27 27.77884 58.62971 33.27867 271.69 46.13 94.70 -6.204e+11 -2.802e+12 -5.678e+11 0.03468 66.78787 1.2072e+12 1.2072e+12 6.0361e+11 3.0181e+11 0.0000e+00 89.85699 63.76 0.06617 0.36523 0.29724 18.52306 116.16615 116.27412 0.00000 0.00000 0.00000 0.00000 0.00000 0.4462 3.806e+12 1.207e+12
177 138 1.8108e+12 247.96 231.02 299.313 53.266 27 1.50333 12.25891 8.95821 102.10 61.73 -117.89 4.568e+12 -7.568e+11 -2.866e+12 0.00746 53.26557 1.8108e+12 1.8108e+12 1.2072e+12 1.2072e+12 0.0000e+00 73.23925 71.64 0.06266 0.96331 0.40643 -58.80845 77.87781 10.11833 0.49875 0.31914 -18.62487 77.52750 89.13960 1.0159 3.443e+12 1.207e+12
178 184 1.5090e+12 217.29 95.95 281.664 100.725 26 67.99947 31.71102 51.14767 -42.56 16.72 -46.97 7.253e+11 8.086e+10 6.137e+12 0.06340 100.72524 1.5090e+12 1.5090e+12 9.0542e+11 0.0000e+00 0.0000e+00 64.38996 28.26 0.09638 0.50065 0.12617 56.38385 137.22339 25.77011 0.00000 0.00000 0.00000 0.00000 0.00000 0.3063 2.796e+12 2.414e+12
179 177 1.5090e+12 225.28 105.25 281.664 64.948 26 7.94554 86.95113 39.71597 -132.43 268.95 -77.88 -3.820e+12 3.759e+12 8.121e+11 0.05414 64.94752 1.5090e+12 1.5090e+12 1.5090e+12 0.0000e+00 0.0000e+00 86.51729 0.00 0.08452 0.75302 0.13899 -3.02882 -50.06516 138.15173 0.00000 0.00000 0.00000 0.00000 0.00000 0.3195 2.759e+12 1.509e+12
180 191 6.0361e+11 172.48 0.00 207.532 36.181 25 52.27580 41.53094 54.79214 164.15 -360.66 79.19 -7.670e+10 6.730e+10 -4.364e+10 0.00053 36.18058 6.0361e+11 6.0361e+11 6.0361e+11 3.0181e+11 0.0000e+00 105.26678 7.91 0.00797 0.00000 0.00000 0.00000 0.00000 0.00000 0.00000 0.00000 0.00000 0.00000 0.00000 0.0000 3.060e+12 3.018e+11
181 171 1.2072e+12 212.02 143.67 261.474 54.032 25 52.74877 66.62608 18.37435 183.47 -172.29 143.96 1.990e+12 -3.366e+12 -3.274e+12 0.01186 54.03200 1.2072e+12 1.2072e+12 1.2072e+12 0.0000e+00 0.0000e+00 92.60902 0.00 0.11535 0.55770 0.14698 -44.77256 130.30894 30.91304 0.00000 0.00000 0.00000 0.00000 0.00000 0.9762 2.851e+12 6.036e+11
182 188 1.8108e+12 236.28 121.34 299.313 77.940 25 35.12966 63.02475 10.22416 145.08 5.01 4.25 3.037e+12 1.516e+12 -2.516e+12 0.03686 77.93961 1.8108e+12 1.8108e+12 1.2072e+12 6.0361e+11 0.0000e+00 48.36740 16.26 0.04862 0.62962 0.02366 -67.52522 96.23841 -1.78963 0.00000 0.00000 0.00000 0.00000 0.00000 0.3004 3.654e+12 1.811e+12
183 138 4.8289e+12 321.31 181.28 415.064 138.794 25 2.89240 12.42474 9.32521 2.61 -123.92 -163.60 -7.612e+10 1.825e+13 -3.842e+12 0.03861 138.79364 4.8289e+12 5.1307e+12 3.9235e+12 1.8108e+12 0.0000e+00 73.84877 45.98 0.04186 0.16156 0.00577 -62.60186 68.77171 137.08786 0.00000 0.00000 -9.85336 28.73421 104.57516 0.2885 4.448e+12 6.338e+12
