#ID DescID Mvir Vmax Vrms Rvir Rs Np X Y Z VX VY VZ JX JY JZ Spin rs_klypin Mvir_all M200b M200c M500c M2500c Xoff Voff spin_bullock b_to_a c_to_a A[x] A[y] A[z] b_to_a(500c) c_to_a(500c) A[x](500c) A[y](500c) A[z](500c) T/|U| M_pe_Behroozi M_pe_Diemer
#a = 0.533509
#Om = 0.285000; Ol = 0.715000; h = 0.695000
#FOF linking length: 0.280000
#Unbound Threshold: 0.500000; FOF Refinement Threshold: 0.700000
#Particle mass: 3.01807e+11 Msun/h
#Box size: 100.000000 Mpc/h
#Force resolution assumed: 0.0976562 Mpc/h
#Units: Masses in Msun / h
#Units: Positions in Mpc / h (comoving)
#Units: Velocities in km / s (physical, peculiar)
#Units: Halo Distances, Lengths, and Radii in kpc / h (comoving)
#Units: Angular Momenta in (Msun/h) * (Mpc/h) * km/s (physical)
#Units: Spins are dimensionless
#Np is an internal debugging quantity.
#Rockstar Version: 0.99.9-RC3
0 24 2.8974e+13 570.58 586.25 746.773 214.734 64 70.91448 61.26190 48.96363 -291.94 -465.85 593.49 -3.702e+14 -6.938e+14 2.670e+14 0.06625 214.73438 2.9879e+13 2.9577e+13 2.6257e+13 1.3280e+13 4.8289e+12 102.86313 17.33 0.09096 0.41286 0.29080 117.18803 -43.54257 79.09764 0.46486 0.17463 64.22436 -49.51927 54.47245 0.6736 2.517e+13 3.260e+13
1 23 1.0141e+14 850.71 888.97 1133.821 995.708 356 71.42239 60.33508 49.34203 -99.34 378.81 56.27 3.409e+15 1.778e+15 3.861e+15 0.04787 454.97342 1.0292e+14 1.0292e+14 8.5110e+13 4.1951e+13 1.5392e+13 84.93101 187.54 0.07397 0.45674 0.34418 18.18414 174.55907 -73.81650 0.65972 0.47478 13.68307 88.59522 -70.38807 0.7401 8.952e+13 1.476e+14
2 24 1.1167e+13 439.41 382.59 543.457 97.126 39 71.44698 61.31147 49.15143 -551.71 -415.67 683.68 -1.994e+12 2.406e+13 5.578e+13 0.02727 97.12567 1.1167e+13 1.1167e+13 1.0563e+13 6.3380e+12 0.0000e+00 42.06418 0.00 0.03261 0.83978 0.62265 -14.87736 -80.57185 122.48409 0.88645 0.55336 45.73338 88.43193 -78.01746 0.5499 1.070e+13 9.054e+12
3 37 1.0261e+13 546.80 485.16 528.353 30.465 39 71.12532 61.81120 53.67583 273.35 945.88 -1184.34 2.506e+13 -2.810e+12 -8.873e+13 0.05432 30.46455 1.1770e+13 1.0261e+13 9.9596e+12 9.6578e+12 4.8289e+12 50.22142 60.33 0.05699 0.74293 0.37696 25.99364 65.80229 -38.91278 0.88495 0.40346 27.81964 51.38211 -41.16358 0.6207 1.479e+13 3.923e+12
4 37 9.5371e+13 906.39 942.17 1110.863 282.635 335 71.19902 61.81691 53.63329 60.12 106.77 -697.89 1.853e+15 -1.970e+15 -9.062e+14 0.03511 187.36728 9.5371e+13 9.6578e+13 8.6317e+13 5.7343e+13 2.6559e+13 63.37985 95.06 0.04289 0.57468 0.44374 71.90066 106.75568 -72.41161 0.57822 0.46885 60.81957 77.64369 -60.01403 0.6618 8.171e+13 9.658e+13
5 10 8.5411e+13 807.90 923.19 1070.764 1019.837 355 4.89517 5.20164 94.34232 -624.28 105.44 862.94 -2.682e+15 -2.041e+15 -1.313e+15 0.03695 371.52634 8.5411e+13 8.6015e+13 7.1528e+13 3.6821e+13 1.6901e+13 88.99727 148.34 0.06537 0.29249 0.27013 146.81264 14.43853 -134.91107 0.40392 0.36483 113.34677 13.86972 -67.74885 0.8106 7.328e+13 1.071e+14
6 9 1.9889e+14 1110.80 1226.70 1419.253 310.544 408 4.70241 5.18585 94.72499 116.98 272.74 -185.87 -8.822e+15 2.387e+14 -5.040e+15 0.03149 321.82700 1.9889e+14 2.0100e+14 1.8380e+14 1.2072e+14 3.0483e+13 110.01794 330.35 0.04489 0.36675 0.21301 -128.96060 1.48209 227.74608 0.38265 0.17063 -68.96772 3.07535 181.50377 0.7360 1.737e+14 1.820e+14
7 1 5.4325e+12 324.82 263.94 427.421 131.871 108 18.19138 9.84161 1.52355 200.54 -218.36 113.33 -1.438e+13 -1.285e+13 -1.858e+13 0.03389 131.87114 5.4325e+12 5.4325e+12 4.5271e+12 9.0542e+11 0.0000e+00 31.93206 68.86 0.04774 0.72686 0.14072 -45.76419 27.09776 133.99371 0.50812 0.00000 -29.88791 89.32252 11.25012 0.5805 8.679e+12 6.640e+12
8 2 5.4325e+12 363.26 301.11 427.421 57.168 63 20.13852 9.73143 2.06222 434.19 -37.17 92.02 3.187e+13 2.659e+13 -1.180e+13 0.06451 57.16778 5.7343e+12 5.4325e+12 5.1307e+12 2.7163e+12 1.2072e+12 18.59892 61.61 0.07694 0.78880 0.22696 -20.95714 83.86732 55.90108 0.45797 0.25093 -12.84347 -35.83885 83.36608 0.5562 8.468e+12 2.716e+12
9 4 1.0986e+14 885.06 937.79 1164.480 346.150 539 22.88332 10.73741 3.27745 96.27 163.47 221.30 1.154e+15 1.662e+15 2.223e+14 0.02002 358.62659 1.0986e+14 1.1227e+14 9.6277e+13 5.9758e+13 2.4446e+13 114.80047 96.31 0.02418 0.84254 0.40126 138.84291 58.70050 43.69401 0.84696 0.43102 118.36903 -4.70766 -6.56206 0.6303 9.971e+13 1.319e+14
10 3 7.8470e+12 385.67 303.63 483.158 94.210 43 24.81675 11.61493 4.29932 -437.43 -120.58 -29.86 -1.105e+12 -1.436e+13 -2.135e+13 0.02348 94.21002 9.3560e+12 7.8470e+12 7.8470e+12 4.5271e+12 1.5090e+12 19.52427 46.45 0.02488 0.30524 0.14276 108.62220 -49.67668 14.54699 0.47378 0.08255 72.03220 -33.27415 11.47350 0.4477 7.315e+12 6.942e+12
11 11 5.9456e+13 736.29 796.70 948.972 214.020 257 74.12920 18.30463 1.28815 -62.96 397.02 145.55 5.771e+14 -5.758e+13 3.822e+14 0.01755 232.29990 5.9456e+13 6.0965e+13 5.3420e+13 3.2897e+13 1.3280e+13 116.72672 85.86 0.02296 0.73230 0.56662 109.65748 -84.46022 28.21372 0.75043 0.52147 90.52100 -51.76844 19.33338 0.6885 5.083e+13 5.402e+13
12 12 8.6015e+13 848.33 857.51 1073.280 368.868 347 72.12137 21.59801 0.53537 206.01 -257.78 222.29 -1.217e+15 1.999e+15 9.329e+14 0.03677 224.96620 8.6015e+13 8.6921e+13 8.2997e+13 4.5875e+13 1.6298e+13 94.84627 56.73 0.04501 0.91274 0.86177 142.69385 -85.25348 0.24767 0.94155 0.85145 115.19654 -11.71946 32.73531 0.6337 7.757e+13 9.537e+13
13 17 9.0542e+12 379.70 366.20 506.763 218.339 100 57.45764 29.92412 27.75840 25.28 -104.58 445.01 -2.347e+13 1.407e+13 -7.589e+11 0.00853 218.33920 9.0542e+12 9.0542e+12 1.2072e+12 3.0181e+11 0.0000e+00 110.34280 32.92 0.02083 0.23742 0.01433 -96.98795 62.58749 101.75598 0.00000 0.00000 0.00000 0.00000 0.00000 0.8489 1.151e+13 1.781e+13
14 18 9.1146e+13 865.60 870.68 1094.209 232.527 377 58.23397 30.82055 31.72553 -250.76 -306.03 -7.32 -1.307e+15 4.806e+14 -9.256e+14 0.02329 227.88924 9.1146e+13 9.1749e+13 8.2393e+13 5.6136e+13 1.7807e+13 31.33096 71.12 0.02711 0.74989 0.53237 120.17091 77.36924 -98.00047 0.93604 0.52405 74.91749 81.59188 -65.26305 0.6048 7.873e+13 7.938e+13
15 -1 1.2072e+12 218.50 275.91 258.892 35.942 33 60.18816 33.24976 30.77731 -544.08 -717.41 108.29 5.140e+12 -2.478e+11 2.651e+11 0.10241 35.94209 2.1127e+12 1.2072e+12 1.2072e+12 9.0542e+11 0.0000e+00 91.25178 0.00 0.11270 0.68721 0.03030 58.30045 -62.37585 33.37183 0.73990 0.00000 68.54801 -37.29252 -15.66955 2.1652 2.834e+12 6.036e+11
16 20 2.6257e+13 585.82 617.60 722.666 127.006 133 72.55051 68.23200 52.68642 339.53 480.25 -913.58 4.601e+12 -1.027e+14 -4.500e+13 0.01151 127.00616 3.0181e+13 2.6861e+13 2.3239e+13 1.5694e+13 7.8470e+12 73.51243 30.98 0.01448 0.84221 0.52635 -39.80727 58.73024 81.61861 0.61169 0.47813 -24.71768 72.50830 44.58717 0.6720 2.303e+13 1.841e+13
17 19 1.3189e+14 977.86 1051.39 1237.633 257.566 410 72.44788 68.69051 52.86507 -377.32 -423.15 -149.04 7.422e+15 -4.625e+13 9.846e+15 0.07354 260.19159 1.3189e+14 1.3280e+14 1.2253e+14 7.7866e+13 1.5694e+13 139.83228 361.42 0.10801 0.59331 0.45677 12.21429 202.49493 41.91415 0.44968 0.34594 5.39010 160.02231 43.38512 0.7402 1.168e+14 1.165e+14
18 15 3.5010e+13 597.34 672.84 795.397 393.439 201 52.13279 15.72269 40.74095 -384.13 -308.47 -246.97 3.202e+14 -4.162e+14 3.512e+14 0.02976 309.02969 3.5010e+13 3.5613e+13 2.6861e+13 1.5996e+13 5.4325e+12 39.74560 21.03 0.05048 0.49058 0.43433 -6.09282 99.64829 105.45361 0.83148 0.62265 -9.27704 23.99883 87.68038 0.7860 3.058e+13 4.919e+13
19 16 8.9033e+13 880.40 910.07 1085.689 180.912 215 52.17767 15.29026 40.40065 -95.17 427.06 -0.01 7.637e+14 -1.701e+15 3.026e+15 0.04335 190.39929 8.9033e+13 8.9939e+13 8.3601e+13 5.6438e+13 1.2374e+13 107.06593 93.86 0.05994 0.55366 0.28605 -1.15153 195.18373 89.94881 0.46765 0.32427 22.69958 148.36447 27.45196 0.7123 8.111e+13 6.760e+13
20 14 9.0542e+11 180.58 46.70 235.219 64.052 42 48.75890 18.59088 44.28391 16.78 133.50 -477.53 1.467e+12 -1.007e+12 5.113e+11 0.03125 64.05160 9.0542e+11 9.0542e+11 6.0361e+11 3.0181e+11 0.0000e+00 72.83128 46.70 0.06540 0.00000 0.00000 0.00000 0.00000 0.00000 0.00000 0.00000 0.00000 0.00000 0.00000 0.3296 3.667e+12 9.054e+11
21 16 6.0361e+11 155.77 0.00 205.482 65.758 68 50.93362 17.78045 42.74406 -190.55 -24.57 -560.38 3.187e+11 9.480e+11 3.913e+11 0.21003 65.75826 6.0361e+11 6.0361e+11 0.0000e+00 0.0000e+00 0.0000e+00 177.37811 72.92 0.07457 0.00000 0.00000 0.00000 0.00000 0.00000 0.00000 0.00000 0.00000 0.00000 0.00000 0.0000 3.905e+12 6.036e+11
22 21 7.3641e+13 870.00 894.82 1019.127 169.501 385 39.04589 16.96429 42.41624 253.45 152.84 6.12 -8.163e+14 1.169e+15 -1.013e+15 0.03287 133.19350 7.3641e+13 7.4546e+13 6.7605e+13 4.5573e+13 2.5654e+13 48.96801 88.29 0.04047 0.73767 0.44883 109.53323 86.00804 12.19410 0.66361 0.43119 85.17727 67.88919 16.79631 0.6786 6.455e+13 5.312e+13
23 26 6.8812e+13 763.93 762.04 996.345 315.205 315 93.36605 41.81579 61.36941 -88.94 -383.72 30.99 -1.328e+14 -1.946e+14 -2.430e+15 0.05091 275.09088 6.8812e+13 6.8812e+13 6.3983e+13 3.2595e+13 1.0261e+13 62.93954 66.28 0.06325 0.63740 0.44856 128.35896 -90.31547 59.74882 0.82339 0.67231 82.01609 -62.43169 21.19570 0.6197 6.526e+13 8.571e+13
24 25 1.2978e+13 449.22 392.45 571.375 124.867 72 93.81410 40.79318 61.31050 -661.63 -21.78 -292.45 3.321e+13 1.016e+14 -5.150e+13 0.04498 124.86679 1.2978e+13 1.3581e+13 1.2374e+13 7.5452e+12 2.1127e+12 35.22079 4.23 0.04957 0.62429 0.32664 -88.99540 110.76322 0.74012 0.58903 0.37897 -60.96487 91.90642 20.76454 0.5031 1.242e+13 1.147e+13
25 5 8.4506e+12 425.58 436.69 495.242 62.565 159 27.50173 12.16442 4.94672 -198.40 -42.70 111.75 1.743e+13 -1.881e+13 1.741e+12 0.01249 62.56477 8.4506e+12 8.7524e+12 7.2434e+12 4.5271e+12 2.4145e+12 87.38750 38.16 0.02195 0.46560 0.29509 74.26604 -15.31164 -50.83780 0.52479 0.27605 53.21912 -17.17262 -45.84651 0.8077 2.057e+13 4.527e+12
26 6 8.1488e+12 369.56 332.55 489.275 166.378 89 30.28643 12.76194 5.51950 -435.71 85.89 227.56 -3.252e+13 5.357e+13 -1.316e+13 0.03695 166.37802 8.1488e+12 8.7524e+12 6.3380e+12 6.0361e+11 0.0000e+00 58.26707 0.00 0.05809 0.26760 0.21376 189.44730 -32.44913 60.78664 0.00000 0.00000 0.00000 0.00000 0.00000 0.6695 1.534e+13 1.449e+13
27 6 6.0361e+11 181.68 0.00 205.482 22.585 36 29.39069 12.69532 5.52631 4.77 87.57 224.79 0.000e+00 0.000e+00 0.000e+00 0.00000 22.58530 6.0361e+11 6.0361e+11 6.0361e+11 0.0000e+00 0.0000e+00 123.43308 0.00 0.00000 0.00000 0.00000 0.00000 0.00000 0.00000 0.00000 0.00000 0.00000 0.00000 0.00000 0.0000 4.412e+12 0.000e+00
28 7 7.8470e+12 362.89 491.26 483.158 187.018 64 32.17789 12.74510 5.84790 -404.29 138.60 256.92 2.793e+13 -2.933e+13 7.743e+12 0.03204 187.01840 7.8470e+12 8.1488e+12 4.2253e+12 0.0000e+00 0.0000e+00 98.72128 29.82 0.03984 0.92373 0.69075 173.38237 53.76204 -74.28511 0.00000 0.00000 0.00000 0.00000 0.00000 1.5706 2.090e+13 1.539e+13
29 7 5.4325e+12 328.72 286.22 427.421 114.147 80 34.06718 13.69900 5.65498 -304.94 -271.87 304.58 4.677e+12 -2.714e+13 2.858e+13 0.03983 114.14750 5.4325e+12 5.4325e+12 3.3199e+12 3.0181e+11 0.0000e+00 53.16014 38.74 0.07077 0.69240 0.10259 -40.27014 -11.54009 105.18871 0.00000 0.00000 0.00000 0.00000 0.00000 0.7125 7.714e+12 5.433e+12
30 27 9.7484e+13 931.74 953.31 1119.006 141.118 406 53.50734 41.13081 58.08384 139.24 -259.91 -250.53 2.969e+13 5.997e+14 4.222e+14 0.00893 167.37799 9.7484e+13 9.9295e+13 8.6921e+13 6.9718e+13 2.3541e+13 39.13325 83.36 0.01064 0.73116 0.33899 20.07983 64.07763 144.64680 0.55386 0.22858 3.36834 74.07488 115.74622 0.6490 8.868e+13 6.036e+13
31 32 3.3199e+12 300.86 188.87 362.712 55.451 31 53.94014 27.39087 34.17487 187.02 258.61 565.58 -1.095e+13 -1.062e+13 -1.394e+12 0.05567 55.45053 3.3199e+12 3.3199e+12 3.0181e+12 1.5090e+12 0.0000e+00 29.80914 0.00 0.06207 0.70844 0.44289 94.22994 -71.71511 25.71909 0.62265 0.48139 -49.70270 -21.18795 89.99851 0.3668 3.489e+12 1.811e+12
32 33 8.2393e+13 796.88 850.64 1058.000 441.817 349 54.56237 27.93747 35.79388 -147.29 -130.76 20.77 2.768e+14 -9.586e+14 7.250e+14 0.01864 380.66022 8.2393e+13 8.5713e+13 7.1528e+13 4.4064e+13 1.6901e+13 105.96283 118.64 0.02367 0.72428 0.44535 -101.99413 -12.02037 118.80622 0.73870 0.46755 95.10622 19.16022 -57.46486 0.6535 7.216e+13 1.087e+14
33 28 2.7163e+12 272.71 276.95 339.244 62.996 30 70.12825 0.73913 24.84007 185.88 549.46 210.73 8.112e+12 7.174e+12 7.125e+11 0.01165 62.99643 2.7163e+12 2.7163e+12 2.7163e+12 0.0000e+00 0.0000e+00 62.64569 0.00 0.06144 0.71884 0.06944 5.52785 174.32480 -54.60439 0.00000 0.00000 0.00000 0.00000 0.00000 1.0364 4.368e+12 1.811e+12
34 28 9.3560e+12 403.27 348.95 512.333 110.924 38 70.65375 1.86882 25.11611 226.15 362.22 251.64 -9.579e+12 -4.320e+12 6.787e+12 0.00776 110.92402 9.3560e+12 9.3560e+12 8.4506e+12 5.1307e+12 0.0000e+00 68.56908 0.00 0.00901 0.84981 0.27318 113.20020 26.17073 -72.62730 0.83569 0.13206 8.02208 69.08117 72.95299 0.5274 8.483e+12 8.451e+12
35 29 2.3239e+13 574.80 545.52 693.844 106.841 151 70.82099 2.86973 25.71469 135.42 -94.74 180.61 -1.628e+14 4.352e+13 2.708e+12 0.02491 106.84107 2.3239e+13 2.4446e+13 2.3239e+13 1.5694e+13 5.7343e+12 16.30050 0.00 0.02666 0.68148 0.44207 -16.56981 93.51765 75.86987 0.62170 0.31563 -12.97027 72.32067 63.98994 0.5548 2.997e+13 1.630e+13
36 30 3.6217e+12 294.50 306.58 373.386 79.554 69 72.22232 1.21593 23.97214 -262.79 321.76 229.79 9.479e+12 2.197e+12 1.012e+13 0.01203 79.55438 3.6217e+12 3.6217e+12 3.6217e+12 9.0542e+11 0.0000e+00 41.70581 0.00 0.04919 0.39348 0.14068 81.08370 95.79962 83.86338 0.47853 0.00000 40.43856 -11.53454 59.30101 0.9497 8.092e+12 3.320e+12
37 31 1.2374e+13 424.72 387.24 562.375 191.660 59 71.19888 4.10966 27.61118 -71.23 -283.98 -22.06 1.438e+14 1.040e+13 -4.343e+13 0.05247 191.65968 1.2374e+13 1.2676e+13 1.0261e+13 4.5271e+12 0.0000e+00 61.88118 16.36 0.06811 0.96254 0.70245 105.79953 -60.06295 -91.99084 0.10935 0.00000 75.72372 -69.38353 165.58566 0.5857 1.060e+13 1.449e+13
38 34 5.2816e+13 696.01 705.54 912.244 832.471 279 73.86473 4.26994 30.20655 -224.00 -92.52 -171.92 1.539e+14 6.307e+14 -3.531e+14 0.02437 266.99689 5.2816e+13 5.3420e+13 4.7686e+13 2.4748e+13 1.2676e+13 116.04169 32.39 0.02975 0.84399 0.38726 128.55692 -61.89993 70.94955 0.65355 0.55617 -7.82165 76.42793 67.89146 0.6154 4.597e+13 8.903e+13
39 35 1.7807e+13 491.38 479.15 634.915 159.145 94 77.21536 4.08429 32.50747 -486.80 42.99 -195.18 8.039e+12 -1.318e+14 -2.536e+13 0.02605 159.14458 1.7807e+13 1.7807e+13 1.4487e+13 9.6578e+12 2.1127e+12 96.17989 0.00 0.03314 0.84514 0.44563 110.90237 -2.89766 39.50088 0.59704 0.32129 81.86877 -5.90752 30.10246 0.6226 1.632e+13 1.781e+13
40 -1 6.0361e+11 164.70 0.00 205.482 38.928 63 70.97082 23.34694 4.67153 170.49 -17.94 -255.65 8.872e+11 3.875e+11 -8.322e+10 0.10198 38.92833 6.0361e+11 6.0361e+11 6.0361e+11 0.0000e+00 0.0000e+00 149.50183 43.00 0.06747 0.00000 0.00000 0.00000 0.00000 0.00000 0.00000 0.00000 0.00000 0.00000 0.00000 0.0000 5.357e+12 3.018e+11
41 124 5.4325e+12 326.11 241.21 427.421 125.098 110 69.87673 24.74718 8.56644 -81.17 -154.93 -236.97 -9.217e+12 -2.156e+13 -7.352e+12 0.03358 125.09796 5.4325e+12 5.4325e+12 4.8289e+12 3.0181e+11 0.0000e+00 66.50590 9.22 0.04381 0.55132 0.52365 158.02695 -37.78373 -37.57156 0.00000 0.00000 0.00000 0.00000 0.00000 0.4723 9.425e+12 5.734e+12
42 82 3.0181e+12 264.61 230.89 351.370 126.861 126 67.19606 25.31655 14.07375 72.39 -16.29 -43.67 3.233e+12 2.296e+13 2.359e+13 0.03606 126.86104 3.0181e+12 3.0181e+12 3.0181e+11 3.0181e+11 0.0000e+00 56.44693 91.11 0.15709 0.58350 0.20831 98.44739 -64.32287 -57.43911 0.00000 0.00000 0.00000 0.00000 0.00000 0.9371 1.198e+13 5.131e+12
43 43 3.9235e+12 312.04 276.98 383.483 65.800 25 91.96759 23.66236 1.09578 -296.29 -534.28 -171.59 -2.602e+13 4.517e+12 1.507e+13 0.05862 65.79982 4.5271e+12 3.9235e+12 3.6217e+12 1.2072e+12 0.0000e+00 15.57096 0.00 0.09326 0.92913 0.02627 103.21970 83.38558 98.95995 0.61287 0.09141 38.22238 37.55074 103.70179 0.6693 3.812e+12 2.414e+12
44 43 7.8470e+12 375.67 411.22 483.158 116.003 64 92.54358 23.14285 1.12019 -263.58 -294.40 -99.18 -1.557e+11 1.975e+13 -3.472e+13 0.01619 116.00304 7.8470e+12 7.8470e+12 7.5452e+12 3.9235e+12 0.0000e+00 21.87558 0.00 0.03859 0.89125 0.20800 -32.85296 30.76953 101.09882 0.35199 0.00678 -6.63261 58.62585 75.72828 0.8761 1.353e+13 7.847e+12
45 45 2.1428e+13 556.52 542.50 675.332 107.255 100 95.28429 21.95120 1.40585 -486.89 -302.16 -51.65 -3.806e+13 -1.315e+14 -1.919e+14 0.03942 107.25508 2.1428e+13 2.1428e+13 2.0523e+13 1.4789e+13 5.4325e+12 54.58727 0.00 0.04269 0.85111 0.37720 -13.82427 85.25292 -71.07062 0.91105 0.38930 79.77561 37.97264 -28.71382 0.5717 2.059e+13 1.569e+13
46 44 8.4506e+12 371.99 370.54 495.242 191.284 64 91.37179 24.76175 1.24255 -150.64 -628.76 -168.01 -3.769e+12 2.326e+13 5.558e+13 0.02029 191.28433 8.4506e+12 8.4506e+12 3.0181e+12 6.0361e+11 0.0000e+00 24.36138 34.31 0.05154 0.63908 0.19245 28.13653 143.96805 -88.10609 0.00000 0.00000 0.00000 0.00000 0.00000 0.8650 1.447e+13 1.449e+13
47 46 1.2072e+12 206.21 185.17 258.892 51.263 25 90.60371 26.27862 1.20446 -132.05 -728.71 -84.98 3.355e+12 -1.452e+12 -1.110e+12 0.03083 51.26281 1.2072e+12 1.5090e+12 1.2072e+12 0.0000e+00 0.0000e+00 76.01205 0.00 0.08355 0.47162 0.15745 -53.30965 -29.50616 155.44138 0.00000 0.00000 0.00000 0.00000 0.00000 1.2747 2.304e+12 9.054e+11
48 41 5.6136e+13 714.40 734.72 930.970 264.332 241 46.82010 28.32051 45.52172 212.86 -172.47 -13.99 -1.533e+14 -8.428e+13 5.377e+13 0.00557 254.65921 5.6136e+13 5.6740e+13 5.0100e+13 3.1690e+13 1.2676e+13 34.49169 64.58 0.00666 0.62593 0.47765 -92.34956 77.72943 110.48848 0.94400 0.57671 -24.17973 76.39055 73.91713 0.6145 4.805e+13 6.187e+13
49 42 1.0865e+13 547.12 516.58 538.516 33.251 66 48.05945 28.66661 46.16925 -382.61 -77.71 -447.28 -5.447e+13 6.384e+13 3.001e+13 0.04560 33.25080 1.0865e+13 1.0865e+13 1.0563e+13 9.3560e+12 5.4325e+12 53.04322 0.00 0.05005 0.66376 0.50840 85.39287 20.26361 -26.92314 0.59016 0.30831 81.42755 23.08453 -23.95292 0.6598 1.516e+13 3.923e+12
50 38 1.9014e+13 540.09 528.05 648.951 97.331 118 60.84417 27.98389 86.76105 258.21 -255.23 91.73 2.986e+12 -4.462e+13 -8.338e+13 0.01799 97.33131 1.9014e+13 1.9316e+13 1.8108e+13 1.1469e+13 6.0361e+12 27.24641 0.00 0.02091 0.86718 0.48975 -77.47980 -32.10445 81.73059 0.59538 0.44098 20.88965 -27.57559 87.90310 0.6142 1.709e+13 1.237e+13
51 40 1.0865e+13 440.55 346.07 538.516 89.363 120 65.79965 25.19211 89.23147 323.96 -155.53 98.18 -2.724e+13 -4.389e+13 1.415e+13 0.02864 89.36330 1.0865e+13 1.0865e+13 9.9596e+12 6.3380e+12 0.0000e+00 16.59449 0.00 0.03008 0.60669 0.46117 68.70202 -66.68910 78.07848 0.73505 0.55545 -52.35101 68.25614 -47.02203 0.4547 1.638e+13 7.243e+12
52 40 6.3380e+12 355.56 355.20 449.957 94.491 43 66.74303 24.42847 89.22421 -82.33 -196.26 125.51 -3.577e+13 1.332e+13 1.207e+13 0.03265 94.49100 6.3380e+12 6.9416e+12 6.0361e+12 2.7163e+12 1.8108e+12 55.81414 0.00 0.05521 0.26309 0.12681 66.46931 -66.87392 -45.10937 0.19453 0.01323 59.58551 -54.99028 -30.81328 0.7582 6.392e+12 4.829e+12
53 8 4.5271e+13 697.11 779.86 866.553 175.438 274 7.44791 4.11032 91.14519 -468.04 541.27 499.53 1.823e+14 2.224e+14 3.062e+14 0.01458 160.14032 4.5271e+13 4.5875e+13 4.0442e+13 2.8974e+13 9.0542e+12 112.48588 45.47 0.02187 0.61947 0.50406 -20.49619 133.97809 -8.19843 0.67833 0.50895 -14.70019 104.62973 7.62484 0.7641 3.918e+13 3.893e+13
54 48 1.5090e+12 212.67 185.41 278.883 82.162 66 70.57946 27.65618 5.84206 196.52 -482.87 2.24 -5.427e+12 -8.760e+12 -1.855e+13 0.66709 82.16188 1.5090e+12 1.5090e+12 0.0000e+00 0.0000e+00 0.0000e+00 67.16282 235.97 0.31996 0.48504 0.19050 -87.30621 110.69091 182.09465 0.00000 0.00000 0.00000 0.00000 0.00000 9.4279 8.989e+12 1.811e+12
55 49 3.3199e+12 274.02 243.21 362.712 122.901 28 71.90133 29.82187 5.71263 -97.23 -371.59 106.76 9.328e+12 -1.746e+13 -9.649e+12 0.04380 122.90100 3.3199e+12 3.3199e+12 1.8108e+12 9.0542e+11 0.0000e+00 142.40366 59.46 0.08922 0.15604 0.03508 -75.76746 -48.61039 149.07880 0.48560 0.00000 43.45329 40.47441 -25.15004 0.7676 3.892e+12 4.829e+12
56 49 1.0563e+13 422.09 405.37 533.483 110.987 104 71.68638 31.56402 5.63337 -1.88 -648.90 191.82 -1.357e+13 -3.705e+13 -4.372e+13 0.02223 110.98661 1.0563e+13 1.0563e+13 9.3560e+12 5.4325e+12 0.0000e+00 81.65026 88.24 0.03467 0.29654 0.09317 -144.98650 155.76544 72.25352 0.43619 0.14325 -88.39258 93.24998 54.93679 0.7267 1.604e+13 9.054e+12
57 50 8.4506e+12 399.81 288.98 495.242 89.397 57 73.09889 30.97796 6.57899 -299.30 -512.35 -44.87 -2.143e+13 2.920e+12 -9.316e+12 0.01812 89.39720 8.4506e+12 8.4506e+12 6.9416e+12 4.5271e+12 0.0000e+00 25.98788 16.66 0.02010 0.76975 0.56636 109.64509 70.21184 6.00075 0.19982 0.01147 -25.55220 130.08847 19.17962 0.4344 7.689e+12 6.942e+12
58 51 4.3460e+13 704.14 709.36 854.842 146.769 221 99.37004 22.28482 75.71145 -11.97 86.49 99.25 1.888e+14 2.818e+14 -2.398e+14 0.02041 136.12201 4.3460e+13 4.4366e+13 4.0442e+13 2.9577e+13 1.2072e+13 40.67224 29.30 0.02315 0.80414 0.50060 37.69827 -49.00292 106.92298 0.66227 0.41130 25.44716 -6.67858 92.30534 0.6119 3.922e+13 3.380e+13
59 52 4.4969e+13 671.15 691.97 864.623 282.602 198 42.45940 41.61904 81.85978 139.36 -224.78 -290.68 2.927e+14 2.878e+14 -4.786e+13 0.01799 210.77235 4.4969e+13 4.6478e+13 4.1951e+13 2.5352e+13 8.4506e+12 61.33888 23.67 0.02176 0.51165 0.45961 -57.54618 114.65852 50.86393 0.60986 0.34438 -21.09905 91.23197 33.71062 0.6266 3.982e+13 5.372e+13
60 53 4.1951e+13 655.64 676.59 844.831 289.318 206 39.01151 22.66347 60.56217 207.91 265.61 -201.31 2.210e+14 -1.998e+14 6.537e+13 0.01473 206.36526 4.1951e+13 4.3158e+13 4.0140e+13 2.5352e+13 8.7524e+12 47.67276 19.14 0.01803 0.48612 0.37607 -30.12286 5.39246 150.14874 0.62044 0.53383 -2.13492 -0.77191 101.12012 0.6340 3.726e+13 5.101e+13
61 53 1.5090e+12 218.71 191.37 278.883 62.187 27 38.97150 22.93226 61.87152 59.37 269.07 -730.24 -3.247e+12 2.654e+12 8.061e+12 0.02507 62.18655 2.4145e+12 1.5090e+12 1.2072e+12 9.0542e+11 0.0000e+00 126.16079 35.49 0.13700 0.62480 0.17074 97.48110 47.29652 1.65378 0.71977 0.17900 89.00188 46.02079 6.36908 0.9556 2.731e+12 1.207e+12
62 54 1.1469e+13 412.48 403.17 548.310 203.099 95 4.61355 6.29168 75.72200 -104.24 98.25 379.60 -2.967e+13 8.460e+13 6.613e+13 0.03038 203.09921 1.1469e+13 1.1469e+13 9.3560e+12 9.0542e+11 0.0000e+00 45.57717 15.79 0.05718 0.58515 0.54899 -17.25292 211.86191 -196.55981 0.63109 0.35145 -17.43683 -80.83208 89.24569 0.7769 1.261e+13 1.660e+13
63 55 2.7766e+13 586.88 576.03 736.254 144.989 127 4.73170 4.54640 77.51798 -16.62 386.80 190.37 7.629e+13 -9.716e+13 -8.606e+13 0.01515 144.98938 2.7766e+13 2.7766e+13 2.6559e+13 1.5090e+13 7.5452e+12 32.94706 0.00 0.01770 0.58705 0.22744 42.33075 35.46020 145.69031 0.44487 0.13703 35.48148 49.41002 105.26427 0.5984 2.559e+13 2.475e+13
64 56 2.4145e+12 249.46 101.69 326.183 92.739 25 32.32004 13.47607 43.20009 676.87 -19.43 -164.35 1.075e+12 2.936e+12 4.850e+12 0.03342 92.73898 2.4145e+12 2.4145e+12 2.1127e+12 6.0361e+11 0.0000e+00 94.41298 19.71 0.03975 0.62129 0.07554 -91.19553 -71.03880 73.11703 0.00000 0.00000 0.00000 0.00000 0.00000 0.2016 4.798e+12 2.414e+12
65 56 2.2937e+13 535.16 516.65 690.827 171.601 138 33.42457 14.02740 43.21333 393.84 131.86 -148.53 -1.334e+14 2.296e+14 -3.224e+14 0.05507 171.60126 2.2937e+13 2.4145e+13 1.9919e+13 9.3560e+12 5.1307e+12 54.52387 8.83 0.06753 0.79717 0.41927 112.39301 36.79704 0.30537 0.77490 0.42264 81.00749 20.35132 9.87323 0.5981 2.061e+13 2.233e+13
66 60 5.1307e+12 353.83 326.45 419.354 58.298 28 42.85932 82.56675 45.09822 141.07 372.11 129.88 -2.993e+13 -1.475e+12 -2.406e+13 0.05163 58.29761 5.1307e+12 5.1307e+12 4.8289e+12 3.9235e+12 0.0000e+00 37.01545 0.00 0.07538 0.86523 0.52096 -66.97398 53.49867 -49.36589 0.88086 0.27305 -30.68473 62.34433 -40.38121 0.6937 6.770e+12 3.320e+12
67 61 2.5352e+13 560.76 583.51 714.263 157.896 146 42.54210 85.39007 45.76633 185.34 52.90 -38.21 -2.721e+13 1.483e+13 -2.652e+14 0.02537 157.89580 2.5352e+13 2.5955e+13 2.2334e+13 1.4185e+13 2.7163e+12 76.60406 0.00 0.03653 0.68633 0.63246 80.65038 90.32842 36.55485 0.32943 0.25261 39.35785 62.89220 57.85065 0.7138 2.579e+13 2.233e+13
68 66 1.7807e+13 476.02 485.04 634.915 263.396 153 52.56668 44.40972 44.64868 16.74 -64.92 -3.68 -1.898e+14 1.195e+14 2.329e+13 0.02841 263.39551 1.7807e+13 1.8108e+13 1.1770e+13 4.5271e+12 0.0000e+00 37.70849 25.45 0.05560 0.42644 0.17390 31.63588 166.38219 -62.55807 0.76740 0.29649 14.55940 132.73103 -23.85941 0.8058 2.228e+13 3.410e+13
69 67 9.0542e+12 420.26 337.64 506.763 77.569 48 52.68581 45.12321 44.19628 -23.45 -509.27 52.68 -9.046e+11 -4.415e+12 8.634e+12 0.00723 77.56875 9.0542e+12 9.0542e+12 9.0542e+12 5.4325e+12 2.1127e+12 34.66219 0.00 0.00741 0.64721 0.25631 -2.71616 104.39633 11.39986 0.36201 0.11641 -16.39677 82.29544 -6.36569 0.4373 9.060e+12 5.734e+12
70 71 3.2293e+13 586.50 586.65 774.271 450.261 198 66.58819 95.10410 66.57384 -123.63 390.32 -198.60 9.696e+13 -1.299e+14 4.117e+12 0.01210 250.76074 3.2293e+13 3.2595e+13 2.8974e+13 1.5694e+13 6.0361e+12 111.72306 5.44 0.01482 0.69248 0.40942 126.70203 4.73146 6.80387 0.75519 0.38612 80.39923 20.23361 33.87485 0.6019 2.813e+13 5.101e+13
71 68 4.0744e+13 691.28 734.58 836.648 176.219 196 34.77866 6.34657 41.08535 75.94 484.68 -14.61 1.591e+14 2.732e+14 1.857e+14 0.01795 130.82390 4.0744e+13 4.1649e+13 3.6821e+13 2.7163e+13 1.2676e+13 99.82922 23.28 0.02275 0.80477 0.48375 58.35229 -60.49379 95.91636 0.78846 0.54660 43.00990 6.38976 94.55763 0.6887 3.552e+13 3.531e+13
72 76 9.0542e+11 190.20 148.14 235.219 42.018 61 78.66400 16.64171 2.81414 -89.22 -60.30 -86.86 -2.608e+12 1.628e+12 1.378e+11 0.04163 42.01822 9.0542e+11 9.0542e+11 9.0542e+11 0.0000e+00 0.0000e+00 132.82835 0.00 0.10873 0.00000 0.00000 0.00000 0.00000 0.00000 0.00000 0.00000 0.00000 0.00000 0.00000 1.5229 7.213e+12 3.018e+11
73 77 1.9316e+13 511.14 470.89 652.366 146.579 131 81.52387 15.39957 1.98364 -142.38 139.11 4.33 -1.178e+14 -1.955e+13 1.669e+13 0.02116 146.57942 1.9316e+13 1.9316e+13 1.8712e+13 1.0261e+13 1.8108e+12 9.66156 0.00 0.02596 0.39846 0.32198 123.65605 -47.91750 -56.10808 0.30781 0.09902 85.34590 -42.35855 -35.37150 0.5839 1.791e+13 1.871e+13
74 72 4.0442e+13 708.83 722.95 834.577 124.608 189 64.80572 4.57063 71.69601 -17.66 119.62 -136.61 -9.667e+13 1.262e+14 -2.398e+13 0.00840 112.01566 4.0442e+13 4.1046e+13 4.0140e+13 2.8974e+13 1.1167e+13 46.24706 24.54 0.01010 0.69963 0.59738 71.43975 118.14214 -5.92429 0.49858 0.45915 56.32599 104.36004 0.23481 0.6598 3.835e+13 2.867e+13
75 69 2.0825e+13 604.63 567.61 668.931 66.452 105 39.48841 3.78687 4.94020 95.64 436.35 177.72 3.429e+11 -2.747e+13 1.494e+14 0.02627 66.45210 2.0825e+13 2.0825e+13 1.9617e+13 1.5996e+13 6.6398e+12 47.67574 7.27 0.02884 0.78859 0.59873 -71.02837 79.12288 15.96744 0.98241 0.66012 -54.16135 59.09435 -35.93115 0.6092 2.184e+13 1.087e+13
76 70 1.9014e+13 497.80 432.70 648.951 178.271 81 39.57584 4.76337 6.05381 -170.84 184.20 -99.24 1.983e+11 -5.302e+13 1.863e+14 0.03603 178.27139 1.9014e+13 1.9014e+13 1.7505e+13 7.2434e+12 0.0000e+00 17.38980 3.25 0.04281 0.77574 0.57611 28.54359 64.62429 170.26192 0.46748 0.15815 61.22781 55.31066 125.09590 0.5263 1.663e+13 2.052e+13
77 93 1.7807e+13 475.61 483.11 634.915 279.842 178 78.82078 25.57174 79.64400 -142.32 -156.01 -144.72 -3.095e+14 -2.578e+14 1.579e+14 0.05750 279.84161 1.7807e+13 1.8108e+13 1.2374e+13 3.3199e+12 0.0000e+00 97.95944 6.24 0.10666 0.19068 0.03523 -13.90483 -58.21288 251.43471 0.00000 0.00000 62.59918 -44.59572 56.85425 0.7858 1.910e+13 3.048e+13
78 80 2.8672e+13 572.09 535.63 744.171 199.607 176 79.40435 85.41088 4.96756 -9.56 103.97 108.28 -6.023e+13 -3.510e+14 -2.419e+14 0.04229 199.60684 2.8672e+13 2.8672e+13 2.4446e+13 1.5694e+13 6.0361e+12 45.47101 8.75 0.04799 0.61659 0.48318 -84.87972 43.76441 80.01276 0.63096 0.46687 67.53138 -11.94209 -59.61926 0.5464 2.535e+13 3.018e+13
79 83 6.6398e+12 395.99 339.46 456.989 55.367 172 79.60357 74.50872 56.35513 -485.81 -148.61 -236.31 -2.578e+13 2.874e+13 2.401e+13 0.04848 55.36742 6.6398e+12 6.9416e+12 5.7343e+12 4.8289e+12 1.2072e+12 75.39458 0.00 0.05803 0.67860 0.40974 100.57673 36.44247 -10.18239 0.61118 0.22605 82.50704 46.12058 -15.55215 0.5898 9.543e+12 3.923e+12
80 78 4.3460e+13 677.87 681.98 854.842 227.305 171 65.52882 64.23604 39.01605 -69.52 -7.37 202.40 -2.340e+14 -8.068e+14 3.355e+13 0.04014 174.86757 4.3460e+13 4.4366e+13 3.8028e+13 2.4145e+13 1.0865e+13 128.28134 18.25 0.04685 0.98740 0.80593 -25.23209 -44.04916 107.58910 0.97582 0.81129 -37.85690 -46.69824 62.59399 0.6088 3.727e+13 4.557e+13
81 58 2.7766e+13 657.53 647.59 736.254 77.241 105 43.13399 18.11204 45.10449 63.65 202.02 -613.02 1.591e+13 -6.144e+13 -1.467e+14 0.01751 77.24066 2.7766e+13 2.7766e+13 2.7464e+13 2.3239e+13 1.0865e+13 57.64745 0.00 0.01880 0.92123 0.49832 -50.62524 22.83732 89.64230 0.94213 0.35464 -38.14699 24.64772 81.79723 0.6151 3.095e+13 1.509e+13
82 57 1.0261e+13 398.48 341.80 528.353 184.903 66 44.61151 18.29538 43.67096 -181.17 153.95 9.26 -1.151e+14 -9.453e+12 -3.204e+13 0.05714 184.90317 1.0261e+13 1.0261e+13 7.2434e+12 3.0181e+12 0.0000e+00 100.14421 8.01 0.07403 0.52103 0.04538 87.08231 -39.94002 -76.63406 0.58483 0.01049 72.98425 -63.29884 -23.55053 0.5647 9.284e+12 1.298e+13
83 91 4.8289e+12 313.40 224.14 410.965 121.051 25 70.04484 36.10686 55.60833 -33.35 139.36 -113.27 8.467e+12 -5.108e+12 3.602e+12 0.01775 121.05096 4.8289e+12 4.8289e+12 3.6217e+12 0.0000e+00 0.0000e+00 73.14269 0.00 0.02284 0.57908 0.43240 130.00339 27.80749 -108.74995 0.00000 0.00000 0.00000 0.00000 0.00000 0.4698 4.473e+12 5.734e+12
84 92 2.9577e+13 627.11 617.21 751.923 111.436 94 69.57915 38.39742 55.54185 -83.17 -203.38 -51.51 -4.004e+14 3.734e+14 -3.381e+13 0.04955 111.43608 2.9577e+13 3.0181e+13 2.8672e+13 1.7203e+13 9.0542e+12 47.71573 0.00 0.05805 0.38321 0.33500 45.16975 119.25317 -15.50126 0.47760 0.25037 42.21184 83.44253 -17.53611 0.6269 2.762e+13 1.750e+13
85 92 8.4506e+12 474.43 383.96 495.242 38.431 44 69.55404 38.22222 55.58200 79.38 313.34 211.36 -5.776e+13 3.594e+13 6.913e+13 0.08239 38.43092 8.4506e+12 8.7524e+12 7.8470e+12 5.4325e+12 4.2253e+12 77.15568 0.00 0.08281 0.55398 0.40729 32.17921 -39.25840 82.52844 0.79742 0.57501 36.56259 -37.85558 49.95861 0.5083 9.897e+12 3.923e+12
86 88 1.2072e+12 211.53 190.03 258.892 43.292 38 90.68758 12.03667 99.18297 -456.85 25.83 4.08 7.864e+12 -5.610e+12 1.037e+12 0.06565 43.29228 1.2072e+12 1.2072e+12 1.2072e+12 3.0181e+11 0.0000e+00 33.06635 0.00 0.21248 0.41898 0.07414 -37.76388 -69.76893 76.91179 0.00000 0.00000 0.00000 0.00000 0.00000 1.1530 3.166e+12 9.054e+11
87 88 1.2072e+13 426.22 437.86 557.765 160.158 98 90.52571 11.70145 99.15254 -87.30 424.22 176.83 3.080e+13 -4.268e+13 8.105e+13 0.02357 160.15750 1.2072e+13 1.4487e+13 1.0261e+13 4.2253e+12 0.0000e+00 63.53341 21.71 0.04554 0.56625 0.24898 -57.93249 142.16032 59.19880 0.48853 0.13151 -42.04197 70.41635 65.22077 0.8138 1.402e+13 1.600e+13
88 95 2.8672e+13 601.41 577.96 744.171 133.407 157 89.79079 35.04961 66.44566 -42.98 -195.56 -215.42 -1.980e+13 -2.004e+12 4.613e+13 0.00505 133.40688 2.8672e+13 3.0784e+13 2.5352e+13 1.7505e+13 7.8470e+12 40.65001 0.00 0.00560 0.77382 0.59477 -27.64010 -79.08453 73.74019 0.66441 0.58492 -12.06648 -35.53334 79.45947 0.5714 2.709e+13 2.052e+13
89 94 2.3541e+13 560.94 525.74 696.835 128.220 112 65.97289 92.29684 27.13099 172.84 311.92 47.87 -1.278e+14 3.037e+13 1.373e+14 0.02469 128.22029 2.3541e+13 2.3541e+13 1.8410e+13 1.0865e+13 6.3380e+12 144.95110 0.00 0.02942 0.41163 0.35115 -26.01650 -27.54225 128.96419 0.62425 0.60087 -17.24493 -3.97453 85.03767 0.5857 2.007e+13 1.569e+13
90 -1 6.0361e+11 155.53 0.00 205.482 67.347 27 66.53305 93.55672 26.51063 145.06 66.01 168.07 3.967e+11 5.690e+11 2.375e+11 0.05979 67.34701 6.0361e+11 6.0361e+11 0.0000e+00 0.0000e+00 0.0000e+00 169.69218 48.01 0.05091 0.00000 0.00000 0.00000 0.00000 0.00000 0.00000 0.00000 0.00000 0.00000 0.00000 0.0000 4.125e+12 9.054e+11
91 87 2.4145e+13 560.78 551.84 702.740 137.311 151 38.72579 83.51744 96.22928 172.39 139.06 81.55 -4.793e+12 -8.127e+13 1.250e+13 0.01065 137.31104 2.4145e+13 2.5050e+13 2.1127e+13 1.5392e+13 5.7343e+12 23.76833 0.00 0.01222 0.85492 0.53392 77.96956 34.48985 76.58907 0.47102 0.28620 66.76757 -34.80237 54.09067 0.5895 2.104e+13 1.932e+13
92 96 2.5955e+13 672.77 638.08 719.887 61.869 146 86.52990 14.31400 0.15108 -81.98 35.68 90.66 3.775e+13 -1.650e+13 -9.751e+12 0.00450 61.86933 2.6257e+13 2.5955e+13 2.3239e+13 1.5392e+13 9.6578e+12 90.72336 12.64 0.00557 0.85162 0.35947 91.27390 -33.84442 -40.17739 0.68583 0.39496 61.29953 17.02281 -44.03137 0.6786 2.488e+13 1.026e+13
93 97 3.4406e+13 649.60 637.86 790.800 215.269 94 38.01631 10.18217 9.13866 -96.46 250.73 -64.81 6.627e+14 -3.409e+14 6.436e+14 0.06347 128.00589 3.4406e+13 3.5613e+13 3.3199e+13 2.1730e+13 5.7343e+12 97.58824 10.69 0.08099 0.43739 0.25528 -75.85339 85.87544 139.54114 0.49844 0.14946 -50.38826 68.79776 113.25371 0.6612 3.197e+13 3.652e+13
94 98 1.1770e+13 508.57 474.83 553.078 50.938 52 37.83928 10.35943 9.40951 -212.49 -163.16 -404.80 1.140e+14 -8.427e+13 5.346e+13 0.06265 50.93833 1.1770e+13 1.1770e+13 1.0865e+13 7.2434e+12 4.8289e+12 42.63601 18.57 0.07445 0.74811 0.44767 -26.59268 78.04307 33.48820 0.85636 0.51101 -3.83415 65.07365 21.57565 0.6454 1.118e+13 5.131e+12
95 99 2.0825e+13 574.04 547.55 668.931 85.102 100 1.81594 18.56792 53.28597 -113.71 293.67 -161.20 -2.259e+13 -1.181e+14 3.668e+12 0.01975 85.10218 2.0825e+13 2.1127e+13 1.8712e+13 1.4185e+13 6.6398e+12 61.34944 0.00 0.02284 0.80995 0.52054 -44.32791 76.72032 73.02740 0.62969 0.44688 -42.31866 53.17508 65.48888 0.6181 1.943e+13 1.268e+13
96 100 3.3199e+12 300.01 238.08 362.712 56.368 42 1.03241 20.28354 53.90600 0.96 111.07 -133.00 5.196e+12 -6.601e+12 -1.854e+13 0.05869 56.36798 3.3199e+12 3.3199e+12 3.3199e+12 2.1127e+12 0.0000e+00 77.50460 0.00 0.08246 0.48901 0.03961 -100.77632 -92.60098 89.05973 0.00000 0.00000 58.96634 -12.32719 22.59064 0.5803 3.423e+12 2.113e+12
97 64 3.0181e+13 623.01 620.46 757.004 121.167 140 96.64497 23.91020 50.39273 -44.64 -205.71 359.55 -1.024e+14 6.370e+13 1.560e+14 0.01712 121.16666 3.0181e+13 3.0483e+13 2.8974e+13 2.0221e+13 8.4506e+12 62.23861 0.00 0.02018 0.77288 0.53509 96.78561 -69.75792 -50.29205 0.69515 0.50032 -8.07758 50.98775 83.91656 0.6285 2.771e+13 2.173e+13
98 -1 6.0361e+11 161.66 0.00 205.482 44.658 46 25.59481 29.52352 63.27067 347.99 -94.01 -33.99 1.682e+12 -2.571e+11 1.269e+12 0.21258 44.65764 6.0361e+11 6.0361e+11 6.0361e+11 0.0000e+00 0.0000e+00 162.28546 83.70 0.14739 0.00000 0.00000 0.00000 0.00000 0.00000 0.00000 0.00000 0.00000 0.00000 0.00000 0.0000 6.131e+12 3.018e+11
99 62 1.5392e+13 487.02 446.40 604.814 111.048 91 27.32538 29.04819 63.54190 122.11 9.17 -32.56 1.093e+14 -3.240e+13 2.389e+13 0.03024 111.04777 1.5694e+13 1.5392e+13 1.2676e+13 9.3560e+12 2.7163e+12 117.00751 17.45 0.03662 0.69498 0.33074 -44.14438 -29.50625 132.20995 0.40028 0.22399 -49.00048 4.73509 95.05220 0.5851 1.339e+13 1.177e+13
100 106 1.5090e+13 568.63 484.18 600.834 49.000 128 90.28983 90.61893 23.14330 -86.59 333.34 -53.67 1.891e+13 -4.738e+13 9.690e+13 0.03334 48.99987 1.5090e+13 1.5392e+13 1.2978e+13 1.0563e+13 6.6398e+12 69.97793 14.71 0.03558 0.88527 0.67298 51.07232 44.33774 51.89442 0.71640 0.53400 -28.12290 66.75001 -40.85356 0.5757 1.549e+13 6.942e+12
101 111 1.1469e+13 509.16 461.66 548.310 48.416 67 51.86833 41.05556 48.41475 66.96 -490.92 -132.12 3.700e+13 -5.460e+13 3.587e+13 0.03404 48.41610 1.1469e+13 1.2072e+13 1.1167e+13 9.9596e+12 2.1127e+12 36.61047 0.00 0.03853 0.56790 0.39822 -7.68362 84.18130 82.61302 0.32555 0.11656 -14.20248 81.90485 66.64555 0.6209 1.358e+13 5.433e+12
102 112 1.9617e+13 569.13 523.54 655.746 78.823 49 51.70648 40.73800 48.80350 141.63 -192.45 -155.47 -5.915e+14 2.351e+14 -1.118e+14 0.07117 78.82336 1.9617e+13 2.0221e+13 1.1770e+13 4.8289e+12 4.5271e+12 123.11200 0.00 0.13557 0.19115 0.13901 32.50644 69.08289 -58.74820 0.82166 0.68618 -9.92116 -25.47142 42.42984 0.8124 2.005e+13 4.829e+12
103 104 2.4748e+13 568.97 525.32 708.548 132.563 98 52.14419 52.61326 39.55214 191.92 -105.24 -156.27 -6.998e+13 -1.334e+14 -6.733e+13 0.02049 132.56308 2.4748e+13 2.5050e+13 2.3843e+13 1.6298e+13 0.0000e+00 54.58644 0.00 0.02350 0.88328 0.46507 125.34251 -4.92186 -94.10371 0.81757 0.37041 6.94485 121.46230 -61.87667 0.5629 2.314e+13 2.052e+13
104 75 1.5694e+13 478.33 442.50 608.741 133.626 124 53.39880 55.53156 37.24927 36.14 -115.09 -22.59 -1.318e+13 -6.362e+13 3.899e+13 0.01701 133.62640 1.5694e+13 1.5694e+13 1.5392e+13 7.5452e+12 0.0000e+00 38.47066 0.00 0.02306 0.71911 0.33368 -8.73569 160.87383 33.51353 0.51201 0.12433 -19.39178 116.34679 23.79202 0.6386 1.441e+13 1.509e+13
105 115 4.5271e+12 303.61 269.61 402.218 138.418 70 75.78273 32.14402 61.87652 145.07 -130.55 -134.41 3.768e+13 -1.724e+13 4.391e+12 0.04714 138.41835 4.5271e+12 4.5271e+12 1.8108e+12 6.0361e+11 0.0000e+00 23.63788 50.99 0.10068 0.72068 0.43665 223.04250 -45.07178 -23.54243 0.00000 0.00000 0.00000 0.00000 0.00000 0.7861 5.943e+12 6.338e+12
106 116 1.2072e+12 196.29 147.91 258.892 82.609 48 78.45305 30.44724 63.99698 0.80 -2.29 -8.44 3.463e+12 -2.770e+12 6.034e+12 0.05141 82.60899 1.2072e+12 1.2072e+12 6.0361e+11 0.0000e+00 0.0000e+00 119.05795 89.99 0.16378 0.43162 0.13905 -10.88128 164.71748 82.86848 0.00000 0.00000 0.00000 0.00000 0.00000 1.2008 4.228e+12 1.811e+12
107 114 1.6298e+13 465.05 467.62 616.447 214.530 118 67.45276 81.45652 47.62513 -2.86 132.82 -131.65 -3.142e+13 7.515e+13 -1.221e+14 0.02682 214.53015 1.6298e+13 1.7505e+13 1.1167e+13 7.5452e+12 0.0000e+00 58.36326 0.00 0.04193 0.80749 0.39403 75.93052 -10.25215 128.23232 0.89788 0.12732 15.76711 72.55314 72.59302 0.7178 1.823e+13 2.475e+13
108 108 6.9416e+12 348.21 277.62 463.811 182.029 46 42.14946 29.75381 75.30807 315.16 66.52 -204.64 -5.586e+12 2.368e+13 -9.393e+12 0.02363 182.02905 6.9416e+12 7.2434e+12 5.1307e+12 1.2072e+12 0.0000e+00 40.98381 15.95 0.03091 0.62493 0.22190 112.45749 65.50842 27.63491 0.00000 0.00000 41.04996 12.21275 49.83521 0.5275 7.496e+12 1.056e+13
109 109 5.1307e+12 314.51 214.48 419.354 171.154 71 43.35678 30.55822 75.71900 36.60 -77.50 -384.46 4.082e+13 2.967e+13 1.013e+13 0.07681 171.15402 5.1307e+12 5.1307e+12 2.1127e+12 0.0000e+00 0.0000e+00 55.08362 17.73 0.10095 0.41061 0.01142 -49.74456 111.11549 160.60905 0.00000 0.00000 0.00000 0.00000 0.00000 0.4464 5.517e+12 8.451e+12
110 128 1.9617e+13 529.17 478.85 655.746 118.698 116 22.19724 13.79541 29.65359 221.67 7.86 23.90 -2.043e+14 2.796e+14 2.341e+13 0.06376 118.69835 1.9617e+13 1.9617e+13 1.9014e+13 1.3280e+13 0.0000e+00 34.46851 0.00 0.07281 0.85476 0.39571 112.63852 10.23013 94.80661 0.39128 0.16982 94.23138 -7.39465 107.63132 0.5564 1.785e+13 1.569e+13
111 -1 6.0361e+11 157.34 0.00 205.482 57.608 62 95.40456 39.56267 62.56267 -553.61 -298.79 -483.78 -3.055e+11 7.307e+11 8.572e+10 0.07179 57.60777 6.0361e+11 6.0361e+11 0.0000e+00 0.0000e+00 0.0000e+00 160.35025 62.64 0.05531 0.00000 0.00000 0.00000 0.00000 0.00000 0.00000 0.00000 0.00000 0.00000 0.00000 0.0000 6.974e+12 6.036e+11
112 105 2.1127e+12 237.71 266.15 311.983 92.915 50 97.28040 38.17598 63.21785 -464.35 -231.66 -137.87 -1.782e+13 4.236e+12 1.232e+13 0.10662 92.91547 2.1127e+12 2.1127e+12 1.8108e+12 3.0181e+11 0.0000e+00 105.17378 17.71 0.18996 0.25346 0.01813 -119.49522 135.16411 -63.26085 0.00000 0.00000 0.00000 0.00000 0.00000 1.3972 4.715e+12 3.018e+12
113 123 4.8289e+12 310.02 225.77 410.965 143.124 112 66.12000 84.76147 46.49437 246.74 -137.34 -10.99 1.223e+13 -1.752e+13 -2.531e+13 0.05464 143.12360 4.8289e+12 5.1307e+12 3.3199e+12 1.2072e+12 0.0000e+00 159.40062 52.74 0.07187 0.44196 0.09613 -50.69365 84.42220 -80.39959 0.41314 0.13416 69.22266 21.88843 -26.96922 0.5090 1.025e+13 7.847e+12
114 118 3.6217e+12 301.77 202.24 373.386 66.914 77 59.76190 83.13715 33.84473 347.13 9.25 -24.20 -1.994e+11 -1.695e+13 -1.378e+13 0.06027 66.91433 3.6217e+12 3.6217e+12 3.3199e+12 0.0000e+00 0.0000e+00 24.86270 0.00 0.07656 0.74142 0.00915 0.53313 -10.77967 142.64352 0.00000 0.00000 0.00000 0.00000 0.00000 0.4498 7.335e+12 2.414e+12
115 120 9.6578e+12 416.68 329.04 517.783 95.474 105 29.21223 25.24925 15.48950 274.53 -432.68 27.51 -8.588e+12 1.807e+13 -1.883e+13 0.01532 95.47369 9.6578e+12 9.6578e+12 9.3560e+12 1.2072e+12 0.0000e+00 54.53598 0.00 0.01878 0.34727 0.07531 179.91013 -9.70579 -77.16426 0.49254 0.22859 99.29937 14.59574 -13.85779 0.5311 9.069e+12 7.243e+12
116 121 6.0361e+11 174.95 0.00 205.482 27.225 94 87.31795 22.60012 97.50882 -224.17 -431.99 169.83 0.000e+00 0.000e+00 0.000e+00 0.00000 27.22500 6.0361e+11 6.0361e+11 6.0361e+11 0.0000e+00 0.0000e+00 124.31867 0.00 0.00000 0.00000 0.00000 0.00000 0.00000 0.00000 0.00000 0.00000 0.00000 0.00000 0.00000 0.0000 6.093e+12 0.000e+00
117 113 1.7203e+13 530.62 501.02 627.658 86.351 92 87.37636 51.94000 70.52746 -211.30 -407.82 -247.99 1.503e+14 -1.047e+13 1.974e+12 0.03382 86.35052 1.7203e+13 1.7505e+13 1.6298e+13 1.2676e+13 3.6217e+12 19.22282 0.00 0.03934 0.76783 0.42709 -3.60692 95.15424 -62.72860 0.98779 0.28176 8.08452 58.91846 62.94789 0.6103 1.646e+13 1.117e+13
118 86 2.2334e+13 551.08 531.05 684.713 126.155 91 5.14932 12.65783 10.72826 -142.94 -180.62 -331.29 4.737e+13 1.572e+14 -9.421e+13 0.02708 126.15546 2.2334e+13 2.2334e+13 2.0523e+13 1.4789e+13 4.5271e+12 33.26490 2.72 0.03199 0.65611 0.15737 108.17078 8.10276 37.61776 0.62900 0.13534 92.43597 9.95767 7.26896 0.6024 2.058e+13 1.841e+13
119 122 2.3239e+13 572.11 570.07 693.844 109.817 87 38.35971 52.09466 42.73907 281.62 -114.42 -42.00 -6.167e+13 1.233e+14 -8.384e+13 0.02151 109.81739 2.3239e+13 2.4446e+13 2.1730e+13 1.6599e+13 6.0361e+12 47.31039 0.00 0.02552 0.91557 0.65745 -74.60468 87.11248 -43.69174 0.69850 0.63307 25.37107 48.91344 87.12495 0.6285 2.157e+13 1.750e+13
120 119 1.5996e+13 512.02 464.71 612.619 89.717 86 81.96738 29.98299 66.99893 -103.90 -69.78 4.24 1.498e+14 -4.159e+13 1.029e+13 0.03686 89.71739 1.5996e+13 1.5996e+13 1.4487e+13 8.1488e+12 2.4145e+12 51.92112 0.00 0.04594 0.43306 0.30579 97.13678 55.74097 23.65400 0.23560 0.05381 71.77637 45.49257 29.60116 0.6222 1.409e+13 8.451e+12
121 130 7.2434e+12 354.55 292.42 470.437 166.987 86 41.62835 22.25145 13.70029 4.84 -218.60 167.99 -5.036e+13 -8.904e+12 -1.115e+13 0.04243 166.98738 7.2434e+12 7.2434e+12 4.5271e+12 1.8108e+12 0.0000e+00 87.05725 24.01 0.05779 0.66976 0.04534 139.18427 12.39042 82.88985 0.31323 0.00000 -7.21678 114.15477 31.72801 0.5622 7.589e+12 9.054e+12
122 126 1.5996e+13 596.59 545.06 612.619 44.519 71 96.09161 28.66208 63.88655 -63.47 118.15 122.79 5.470e+12 -1.047e+14 -2.386e+13 0.02882 44.51896 1.5996e+13 1.5996e+13 1.5694e+13 1.3280e+13 5.4325e+12 67.20720 0.00 0.03170 0.52417 0.36302 80.23601 40.00110 61.64502 0.54280 0.34502 67.84554 36.95598 50.57914 0.6298 1.714e+13 5.734e+12
123 101 1.1770e+13 464.10 421.93 553.078 79.229 83 95.93084 95.16912 91.93640 74.91 498.37 362.34 -4.234e+13 -1.071e+13 7.890e+13 0.04029 79.22947 1.1770e+13 1.1770e+13 1.1167e+13 8.7524e+12 3.6217e+12 48.69033 0.00 0.04433 0.81286 0.55815 29.24488 80.18874 56.64317 0.87150 0.32439 -34.99827 10.09585 70.84246 0.5504 1.139e+13 8.451e+12
124 131 4.2253e+12 298.97 225.97 393.074 119.841 37 41.27954 1.04081 23.61343 359.88 275.88 4.88 2.003e+13 -3.657e+11 1.605e+13 0.05467 119.84061 4.2253e+12 4.5271e+12 2.7163e+12 2.1127e+12 0.0000e+00 57.54978 45.98 0.06957 0.34270 0.11689 143.08966 4.11392 -72.15998 0.47949 0.31558 105.14356 40.62157 -63.27307 0.5006 4.799e+12 5.131e+12
125 132 8.7524e+12 459.09 343.53 501.069 46.880 45 42.70738 1.01088 23.22970 24.22 355.12 64.28 8.773e+11 -1.701e+13 -2.615e+13 0.02617 46.87999 8.7524e+12 8.7524e+12 8.1488e+12 7.5452e+12 2.7163e+12 50.35137 0.00 0.02513 0.74113 0.40125 74.37355 55.54980 38.36209 0.51242 0.26489 60.85723 56.33579 21.58144 0.4348 1.040e+13 3.320e+12
126 139 1.4185e+13 519.37 464.63 588.569 65.298 81 85.88029 71.03181 10.00626 -312.86 193.77 83.35 5.662e+13 1.045e+14 6.598e+13 0.04461 65.29809 1.4185e+13 1.4487e+13 1.3581e+13 9.6578e+12 4.8289e+12 71.36557 0.00 0.04895 0.62461 0.32315 90.98169 16.01654 31.88937 0.39866 0.11546 71.42216 13.16931 15.03366 0.5729 1.322e+13 7.545e+12
127 129 1.2374e+13 478.15 397.93 562.375 75.062 81 25.15514 58.24326 25.15057 295.20 -126.40 208.73 8.367e+13 -2.431e+13 5.947e+13 0.04224 75.06229 1.2374e+13 1.2978e+13 1.1469e+13 9.3560e+12 0.0000e+00 35.09789 0.00 0.04770 0.46219 0.36339 -87.52197 -97.04752 122.79333 0.47361 0.30872 90.76771 49.73206 -88.94762 0.5423 1.254e+13 7.545e+12
128 136 5.7343e+12 328.46 249.68 435.194 150.128 78 86.93130 48.74172 71.23656 20.70 -178.02 -114.46 -1.564e+12 6.476e+12 -1.295e+13 0.01816 150.12846 5.7343e+12 6.0361e+12 4.5271e+12 9.0542e+11 0.0000e+00 186.40370 18.33 0.02373 0.56918 0.08905 24.96820 94.17968 14.90497 0.55323 0.00000 71.57409 4.79169 41.59124 0.5123 9.200e+12 9.658e+12
129 137 1.4185e+13 513.70 469.28 588.569 68.830 76 57.40505 0.32546 67.16272 265.58 55.10 -19.77 2.423e+13 -2.192e+13 2.663e+13 0.01451 68.82996 1.4185e+13 1.4185e+13 1.3581e+13 1.1167e+13 4.2253e+12 37.82218 0.00 0.01518 0.84759 0.72750 53.52807 58.48761 75.87553 0.75464 0.54081 26.05433 93.70554 24.87295 0.5493 1.569e+13 8.149e+12
130 145 4.8289e+12 395.42 273.85 410.965 31.334 75 71.82566 64.84370 52.89917 54.82 -186.03 -768.63 9.152e+12 -3.561e+12 1.255e+13 0.03560 31.33383 6.3380e+12 4.8289e+12 4.8289e+12 4.5271e+12 0.0000e+00 111.31142 0.00 0.03458 0.27521 0.21375 74.94478 -30.61153 88.28806 0.30973 0.19084 52.29988 -13.81915 89.51651 0.4079 6.383e+12 6.036e+11
131 135 1.4487e+13 551.48 497.60 592.714 51.899 74 46.34436 93.57330 75.97533 220.76 86.46 81.88 1.372e+13 2.203e+13 7.185e+12 0.00865 51.89880 1.4487e+13 1.5090e+13 1.3581e+13 1.0261e+13 6.6398e+12 27.57201 0.00 0.00936 0.58217 0.51864 86.55956 -18.24923 -66.98283 0.78252 0.53003 -22.17428 23.55614 77.84299 0.6030 1.527e+13 7.243e+12
132 63 9.6578e+12 415.54 366.36 517.783 97.259 73 28.86107 28.40819 64.27435 -39.23 77.05 -293.04 -2.454e+13 3.203e+13 -2.189e+13 0.02760 97.25863 9.9596e+12 1.0261e+13 7.8470e+12 6.0361e+12 2.4145e+12 47.22607 25.67 0.03138 0.80948 0.61976 -42.12611 -41.37449 88.75904 0.83904 0.46139 29.44872 15.51247 88.54762 0.5360 1.039e+13 7.243e+12
133 142 1.4789e+13 574.91 523.48 596.802 45.287 72 37.11035 27.33916 50.37879 488.10 -153.10 -160.29 -3.371e+13 3.166e+13 -8.683e+12 0.01571 45.28683 1.4789e+13 1.5090e+13 1.4185e+13 1.2072e+13 6.6398e+12 28.00435 0.00 0.01581 0.77132 0.55834 77.33648 30.71139 -42.88572 0.64444 0.45498 82.55557 21.56226 -10.94208 0.5802 1.813e+13 6.640e+12
134 140 2.1127e+12 252.47 236.26 311.983 55.440 71 44.01231 20.61849 41.77630 107.04 -132.56 339.53 -4.875e+12 5.843e+12 5.143e+12 0.01639 55.43951 2.1127e+12 2.1127e+12 2.1127e+12 9.0542e+11 0.0000e+00 31.00536 0.00 0.07905 0.51126 0.15604 -3.80871 101.86972 33.17489 0.55512 0.22004 7.58173 75.41177 75.76927 0.9513 5.351e+12 9.054e+11
135 141 3.3199e+12 272.84 217.81 362.712 134.520 70 87.51242 49.20646 54.25726 -124.61 -255.81 283.86 -8.756e+12 -2.985e+12 -5.920e+12 0.02729 134.51978 3.3199e+12 3.3199e+12 2.4145e+12 0.0000e+00 0.0000e+00 55.00684 7.17 0.04450 0.23933 0.00000 139.99727 12.66267 66.45090 0.00000 0.00000 0.00000 0.00000 0.00000 0.6193 4.501e+12 4.829e+12
136 143 9.0542e+11 182.05 159.22 235.219 58.926 70 70.38196 85.83082 40.85139 -311.45 -5.57 73.88 2.102e+12 6.785e+12 -3.919e+12 0.25493 58.92553 9.0542e+11 9.0542e+11 6.0361e+11 0.0000e+00 0.0000e+00 96.00996 159.22 0.28659 0.00000 0.00000 0.00000 0.00000 0.00000 0.00000 0.00000 0.00000 0.00000 0.00000 3.4537 3.827e+12 9.054e+11
137 147 3.9235e+12 298.81 189.38 383.483 90.339 45 92.38124 12.27882 8.58783 -35.18 -12.77 -254.75 -1.552e+13 -2.678e+13 -1.320e+13 0.08703 90.33905 3.9235e+12 3.9235e+12 2.4145e+12 1.8108e+12 0.0000e+00 64.46294 5.00 0.10320 0.69008 0.16662 0.91393 58.11639 58.76035 0.88342 0.67906 17.15730 76.39348 51.32347 0.3837 5.425e+12 3.923e+12
138 12 1.8108e+12 227.61 577.99 296.357 80.299 68 72.00014 21.93891 99.48193 -204.71 -507.94 375.01 -2.441e+13 1.649e+13 -3.616e+11 0.76776 80.29911 2.1127e+12 1.8108e+12 6.0361e+11 0.0000e+00 0.0000e+00 114.86404 193.36 0.32775 0.75140 0.61635 159.62413 -43.16073 -67.19333 0.00000 0.00000 0.00000 0.00000 0.00000 7.3723 3.651e+12 1.811e+12
139 157 1.4185e+13 507.20 462.61 588.569 73.302 68 0.42621 24.98911 70.95604 -390.08 22.97 77.89 3.277e+13 1.401e+12 -1.194e+14 0.03819 73.30221 1.4185e+13 1.4185e+13 1.3280e+13 9.0542e+12 4.5271e+12 56.05591 0.00 0.04461 0.48523 0.43381 59.93201 -23.69354 103.46177 0.56649 0.37266 35.36748 -24.15385 91.69225 0.6086 1.285e+13 8.149e+12
140 149 1.5392e+13 484.61 444.87 604.814 114.860 67 65.20317 86.31379 45.04895 211.87 -87.76 71.64 2.608e+14 2.462e+12 5.346e+13 0.06532 114.85954 1.5392e+13 1.5694e+13 1.4185e+13 7.2434e+12 0.0000e+00 92.51974 9.05 0.08367 0.14624 0.06374 -0.71850 214.75000 89.57481 0.43934 0.05535 39.77863 40.78312 72.16528 0.6170 1.398e+13 1.298e+13
141 13 6.0361e+12 341.05 362.80 442.699 116.148 67 71.11186 24.89096 3.89255 103.43 -553.69 124.30 -2.315e+13 -2.275e+13 3.191e+13 0.03198 116.14822 6.0361e+12 6.6398e+12 5.4325e+12 2.7163e+12 0.0000e+00 102.45807 58.07 0.06809 0.18656 0.14995 119.39586 -36.56474 -106.55361 0.61099 0.16404 -79.90196 11.56146 93.03919 0.8402 9.210e+12 6.640e+12
142 127 1.2374e+13 556.96 506.68 562.375 38.265 65 3.12902 0.44988 1.19268 -171.14 545.96 -76.18 -8.893e+13 -2.780e+12 5.247e+12 0.03847 38.26546 1.2374e+13 1.2676e+13 1.2072e+13 1.1167e+13 5.7343e+12 17.99712 0.00 0.04030 0.62623 0.42422 -45.65387 -11.92156 86.35392 0.50034 0.29943 -52.71196 -5.03603 76.37654 0.6092 1.611e+13 5.433e+12
143 138 1.3581e+13 503.21 420.05 580.099 69.912 64 61.67455 41.78215 68.37921 -79.80 -235.92 -327.04 -3.507e+13 3.202e+13 3.855e+13 0.02227 69.91231 1.3581e+13 1.3581e+13 1.2978e+13 1.1167e+13 2.7163e+12 17.99292 0.00 0.02368 0.89655 0.61009 107.25782 10.57580 -55.69723 0.40601 0.22639 -68.80606 -32.31042 92.46291 0.5082 1.443e+13 6.338e+12
144 65 1.6298e+13 503.34 471.96 616.447 103.516 63 97.22587 23.58872 52.95666 -98.34 -12.81 -59.32 5.398e+13 -1.657e+13 1.679e+14 0.04205 103.51630 1.6298e+13 1.6599e+13 1.4487e+13 9.3560e+12 2.7163e+12 81.19131 0.00 0.05063 0.54965 0.25028 -23.90024 66.88406 84.02828 0.49423 0.12519 -16.54693 50.11468 64.57790 0.6078 1.425e+13 1.087e+13
145 155 4.2253e+12 298.84 282.71 393.074 120.552 63 20.11980 12.62475 44.71634 382.45 49.02 -168.49 2.222e+12 1.710e+13 1.221e+13 0.02218 120.55210 4.2253e+12 5.1307e+12 3.0181e+12 0.0000e+00 0.0000e+00 142.31416 0.00 0.05728 0.45049 0.13416 184.36464 -22.68437 -97.30518 0.00000 0.00000 0.00000 0.00000 0.00000 0.8563 1.007e+13 6.640e+12
146 -1 6.0361e+11 166.12 0.00 205.482 36.752 62 90.72971 48.11598 55.56587 -253.04 -411.13 229.43 -2.033e+12 -2.278e+12 4.940e+11 0.17885 36.75190 6.0361e+11 6.0361e+11 6.0361e+11 0.0000e+00 0.0000e+00 129.08519 187.80 0.21476 0.00000 0.00000 0.00000 0.00000 0.00000 0.00000 0.00000 0.00000 0.00000 0.00000 0.0000 2.240e+12 3.018e+11
147 152 1.3280e+13 494.02 465.51 575.770 73.312 62 79.03834 10.04288 62.30378 -114.49 135.47 27.10 -5.605e+11 1.005e+13 8.104e+12 0.00461 73.31174 1.3280e+13 1.3280e+13 1.3280e+13 9.9596e+12 4.5271e+12 74.42776 0.00 0.00519 0.94627 0.70844 48.12970 -66.79232 63.84758 0.93866 0.52363 -58.84719 65.53901 1.71944 0.5936 1.401e+13 6.942e+12
148 151 5.7343e+12 334.69 240.57 435.194 116.254 62 62.35844 75.78797 31.80942 2.09 83.00 4.96 -3.148e+13 -8.023e+12 -8.092e+12 0.04190 116.25402 5.7343e+12 5.7343e+12 4.8289e+12 9.0542e+11 0.0000e+00 98.59957 36.36 0.05455 0.18577 0.07330 3.34975 174.17068 54.38921 0.40862 0.00000 48.06545 54.45080 47.07892 0.4948 6.118e+12 6.338e+12
149 160 3.6217e+12 281.90 198.30 373.386 128.049 61 95.47655 28.48057 70.45734 -54.11 -125.13 -120.84 5.491e+12 9.290e+12 -3.076e+12 0.02754 128.04881 3.6217e+12 3.6217e+12 2.4145e+12 6.0361e+11 0.0000e+00 59.28138 18.37 0.03933 0.60145 0.02681 5.92426 119.01365 6.54219 0.00000 0.00000 0.00000 0.00000 0.00000 0.5031 5.017e+12 4.225e+12
150 150 3.3199e+12 279.38 221.62 362.712 95.333 61 44.77245 85.39864 74.37694 266.46 299.22 62.12 9.652e+12 1.516e+12 -1.116e+13 0.02999 95.33275 3.3199e+12 3.3199e+12 6.0361e+11 3.0181e+11 0.0000e+00 43.16276 0.00 0.06011 0.20220 0.01251 -32.37399 -67.08107 159.12138 0.00000 0.00000 0.00000 0.00000 0.00000 0.7290 6.769e+12 3.320e+12
151 154 6.3380e+12 361.74 254.04 449.957 83.524 61 50.36521 63.70866 14.57674 163.19 -42.59 262.34 -7.818e+11 -2.569e+12 -7.864e+12 0.01093 83.52439 6.3380e+12 6.3380e+12 5.7343e+12 3.3199e+12 0.0000e+00 37.64141 0.00 0.01146 0.29504 0.13995 44.70089 91.94759 136.11778 0.22444 0.00949 43.26256 5.31856 111.17382 0.3921 6.025e+12 5.131e+12
152 156 6.6398e+12 342.57 205.76 456.989 190.960 60 59.06345 0.70704 62.93193 117.48 31.55 159.23 2.556e+13 3.250e+13 2.254e+13 0.05461 190.95959 6.6398e+12 6.9416e+12 4.2253e+12 1.5090e+12 0.0000e+00 26.95642 34.85 0.06010 0.33224 0.17148 118.52459 45.94178 52.44263 0.42863 0.28177 51.02435 40.42474 18.77027 0.3124 5.856e+12 8.451e+12
153 148 1.1167e+13 511.59 467.58 543.457 45.310 60 70.61570 25.89947 18.90247 -284.18 -59.08 -121.44 3.594e+13 2.745e+13 6.998e+13 0.04217 45.31039 1.1167e+13 1.1469e+13 1.0563e+13 9.3560e+12 4.8289e+12 38.84749 0.00 0.04471 0.54793 0.52469 102.42971 -17.04444 -44.08743 0.56298 0.55967 94.02932 -9.57271 -36.85364 0.5950 1.299e+13 5.433e+12
154 153 2.4145e+12 260.39 144.73 326.183 63.574 59 19.35885 32.05151 65.37115 9.44 -237.61 -298.59 1.332e+11 -7.954e+12 -3.474e+11 0.04632 63.57430 2.4145e+12 2.4145e+12 2.1127e+12 1.5090e+12 0.0000e+00 35.47016 32.35 0.05485 0.17921 0.03556 100.60865 -72.41030 -91.10517 0.29461 0.26781 -97.54361 48.97390 106.58635 0.3307 3.253e+12 2.113e+12
155 170 9.0542e+12 429.05 340.72 506.763 69.165 58 99.14497 17.26348 78.69292 -35.27 312.55 101.77 2.673e+13 -3.489e+13 2.662e+13 0.03571 69.16512 9.0542e+12 9.6578e+12 7.2434e+12 5.7343e+12 2.1127e+12 13.40257 12.46 0.03911 0.59765 0.50130 26.13535 -79.12649 85.10742 0.68923 0.22605 -23.11562 67.87086 -64.01749 0.5025 8.222e+12 5.734e+12
156 162 4.5271e+12 310.15 177.89 402.218 104.533 58 92.83708 97.51204 13.34904 80.37 322.48 51.20 6.087e+12 1.136e+13 1.398e+13 0.04163 104.53252 4.5271e+12 4.5271e+12 3.9235e+12 0.0000e+00 0.0000e+00 32.70794 23.51 0.04594 0.31846 0.00837 162.92885 -50.48281 -63.58892 0.00000 0.00000 0.00000 0.00000 0.00000 0.2936 5.027e+12 4.527e+12
157 158 3.9235e+12 293.39 218.03 383.483 108.570 57 5.51016 14.66717 92.80884 -97.71 -233.22 70.03 -3.478e+13 1.170e+13 -2.608e+13 0.09592 108.56964 3.9235e+12 3.9235e+12 2.4145e+12 9.0542e+11 0.0000e+00 59.01427 0.00 0.13807 0.55187 0.24732 33.77190 -76.99801 130.18703 0.00000 0.00000 64.15796 31.25668 59.47113 0.5294 5.349e+12 4.527e+12
158 73 4.5271e+12 305.48 189.24 402.218 125.175 57 51.84671 57.00667 36.93194 459.59 -351.09 80.07 -3.199e+12 -2.759e+13 8.802e+12 0.05701 125.17537 4.5271e+12 4.5271e+12 3.6217e+12 0.0000e+00 0.0000e+00 60.47605 26.96 0.07040 0.65363 0.08516 151.66298 21.42370 81.02849 0.00000 0.00000 0.00000 0.00000 0.00000 0.3868 5.448e+12 5.131e+12
159 169 1.2072e+12 197.09 110.20 258.892 77.982 57 45.89370 32.18293 47.02391 462.96 -568.58 157.49 8.761e+12 1.180e+12 -5.609e+12 0.08744 77.98224 1.2072e+12 1.2072e+12 6.0361e+11 3.0181e+11 0.0000e+00 75.89445 146.57 0.22898 0.34549 0.14833 56.27700 146.71059 39.90781 0.00000 0.00000 0.00000 0.00000 0.00000 1.2840 3.476e+12 1.811e+12
160 166 8.7524e+12 400.85 320.67 501.069 96.212 56 2.01643 0.52066 4.49944 -15.70 323.72 -140.70 1.603e+13 -9.084e+13 1.568e+13 0.06362 96.21163 8.7524e+12 8.7524e+12 8.7524e+12 4.8289e+12 1.2072e+12 36.30502 0.00 0.07535 0.86040 0.26326 8.90256 104.42255 49.41445 0.51091 0.28544 46.09377 57.76143 9.25746 0.5104 8.442e+12 6.942e+12
161 102 2.4145e+12 244.70 217.91 326.183 131.607 56 97.06520 97.10279 93.02898 161.75 345.68 281.90 1.219e+13 1.229e+13 -9.693e+12 0.03993 131.60704 2.7163e+12 2.4145e+12 1.2072e+12 3.0181e+11 0.0000e+00 23.79917 16.09 0.13668 0.46148 0.10541 28.00973 50.66955 142.43242 0.00000 0.00000 0.00000 0.00000 0.00000 0.8967 6.656e+12 4.527e+12
162 164 8.4506e+12 408.07 329.52 495.242 78.710 56 75.67203 57.48099 50.48326 -575.27 155.81 -2.97 1.680e+13 -3.242e+11 -4.048e+13 0.03151 78.71019 8.4506e+12 8.7524e+12 7.8470e+12 5.7343e+12 0.0000e+00 66.03281 6.96 0.03742 0.56418 0.12558 100.15520 130.53580 -77.00220 0.40533 0.01119 76.24538 105.80589 -77.92149 0.5361 8.356e+12 6.036e+12
163 167 5.7343e+12 357.85 229.55 435.194 70.023 56 25.14139 39.23699 29.40293 324.63 -293.85 -31.36 2.351e+13 -1.515e+12 -1.110e+13 0.03870 70.02261 5.7343e+12 5.7343e+12 4.8289e+12 1.8108e+12 1.8108e+12 40.88492 12.84 0.04244 0.36420 0.05902 -76.77859 78.35423 30.47586 0.35792 0.12572 -36.84223 62.89911 -46.00280 0.3803 5.168e+12 3.018e+12
164 168 8.4506e+12 373.83 274.81 495.242 170.391 55 57.10290 48.75185 16.34499 -35.18 -148.64 241.43 -3.847e+13 -1.814e+13 2.892e+13 0.03875 170.39096 8.4506e+12 8.4506e+12 6.3380e+12 3.3199e+12 0.0000e+00 34.13380 0.00 0.04392 0.74356 0.42216 0.68295 123.54044 86.07407 0.75573 0.04894 -47.21793 92.65102 0.76454 0.4220 8.220e+12 1.117e+13
165 90 1.5090e+13 475.68 447.91 600.834 124.396 54 62.32344 9.39768 89.17723 70.21 151.03 -51.24 7.885e+13 -1.994e+13 -5.147e+12 0.02166 124.39632 1.5090e+13 1.5090e+13 1.2374e+13 9.3560e+12 2.4145e+12 26.55778 0.00 0.02648 0.76203 0.52585 -26.14395 48.29443 108.50300 0.30908 0.15261 -70.37783 43.16901 92.10525 0.5992 1.286e+13 1.237e+13
166 161 1.2072e+13 500.93 425.28 557.765 57.032 53 54.36138 38.31173 52.86361 -260.72 -25.98 -99.49 3.185e+13 -1.148e+13 1.026e+13 0.01634 57.03187 1.2374e+13 1.2072e+13 1.1167e+13 9.0542e+12 3.6217e+12 42.34075 0.00 0.01667 0.65782 0.48551 74.34896 -35.81458 50.67260 0.35863 0.21486 81.07846 0.97501 49.68692 0.5201 1.179e+13 6.640e+12
167 163 6.3380e+12 371.59 283.56 449.957 70.571 52 2.97530 97.46992 1.99919 -51.12 806.85 39.47 4.113e+12 -7.704e+12 -8.576e+12 0.01544 70.57092 6.3380e+12 6.3380e+12 6.3380e+12 3.6217e+12 0.0000e+00 27.14965 0.00 0.01688 0.29375 0.01474 2.71193 109.35213 32.60114 0.25902 0.00000 -4.92760 86.48477 32.91534 0.4601 6.409e+12 3.622e+12
168 125 1.2072e+12 202.65 103.75 258.892 58.645 51 86.37068 48.92769 79.17707 -31.40 -344.68 -299.86 1.201e+12 8.788e+11 -4.416e+12 0.03850 58.64480 1.2072e+12 1.2072e+12 6.0361e+11 0.0000e+00 0.0000e+00 51.51565 20.77 0.10191 0.36164 0.00000 -5.27174 18.45637 137.59143 0.00000 0.00000 0.00000 0.00000 0.00000 0.6959 5.757e+12 9.054e+11
169 171 3.3199e+12 287.50 180.64 362.712 74.431 49 46.44876 30.44149 73.65785 -91.38 -47.19 -174.31 1.021e+13 -1.888e+12 -1.054e+13 0.04798 74.43092 3.3199e+12 3.6217e+12 3.0181e+12 9.0542e+11 0.0000e+00 32.23097 0.00 0.05995 0.69702 0.06015 25.57194 -62.63793 132.36165 0.18390 0.00000 14.05837 38.40350 102.69658 0.4183 5.989e+12 3.018e+12
170 187 6.0361e+11 194.38 0.00 205.482 16.790 48 24.44855 5.02163 98.32787 -279.95 227.52 430.21 0.000e+00 0.000e+00 0.000e+00 0.00000 16.79002 6.0361e+11 6.0361e+11 6.0361e+11 6.0361e+11 0.0000e+00 113.58870 0.00 0.00000 0.00000 0.00000 0.00000 0.00000 0.00000 0.00000 0.00000 0.00000 0.00000 0.00000 0.0000 2.607e+12 0.000e+00
171 177 3.6217e+12 279.97 187.21 373.386 154.138 48 40.88235 29.78608 51.43476 284.04 -240.99 -259.25 1.975e+12 9.395e+12 -2.883e+12 0.02501 154.13771 3.6217e+12 3.6217e+12 1.8108e+12 0.0000e+00 0.0000e+00 104.94621 38.00 0.03513 0.63774 0.01332 -101.68117 112.24670 15.04318 0.00000 0.00000 0.00000 0.00000 0.00000 0.4801 5.562e+12 7.243e+12
172 179 7.5452e+12 394.85 306.77 476.883 73.669 47 1.01494 93.93600 15.44576 -310.25 471.26 -139.82 -4.880e+13 2.447e+13 -6.776e+12 0.05316 73.66946 7.5452e+12 7.5452e+12 6.9416e+12 5.1307e+12 0.0000e+00 13.93581 0.00 0.05673 0.81640 0.49714 38.55794 99.22821 -85.37296 0.69270 0.54645 22.09307 -3.29505 112.02930 0.4615 7.400e+12 5.433e+12
173 176 8.1488e+12 385.37 286.69 489.275 105.386 47 47.37141 45.27408 77.64920 -78.18 -278.08 -96.27 1.125e+13 2.068e+13 1.297e+13 0.02193 105.38634 8.1488e+12 8.1488e+12 7.5452e+12 3.9235e+12 0.0000e+00 28.84305 0.00 0.02438 0.45847 0.40890 110.43580 120.03909 -58.50725 0.00000 0.00000 83.48846 -5.26810 -43.19000 0.4452 7.059e+12 6.942e+12
174 165 1.5090e+12 220.52 141.65 278.883 58.288 47 52.98135 66.47152 18.44222 170.28 -152.86 114.60 7.170e+12 -3.890e+11 -3.547e+12 0.06517 58.28764 1.5090e+12 1.5090e+12 1.5090e+12 3.0181e+11 0.0000e+00 67.07185 0.00 0.12077 0.51882 0.00000 -11.14151 1.90808 99.50711 0.00000 0.00000 0.00000 0.00000 0.00000 0.5579 4.429e+12 9.054e+11
175 172 1.5090e+12 210.23 108.65 278.883 98.560 46 53.45349 20.67829 33.11506 -56.35 190.50 228.89 3.649e+12 -4.934e+12 -2.668e+11 0.03281 98.56042 1.5090e+12 1.8108e+12 0.0000e+00 0.0000e+00 0.0000e+00 108.65828 82.27 0.09263 0.58771 0.35057 85.50408 150.73462 23.68041 0.00000 0.00000 0.00000 0.00000 0.00000 0.7601 6.141e+12 2.716e+12
176 173 6.0361e+11 167.06 0.00 205.482 35.450 45 0.32324 22.82205 80.42453 -24.08 -515.60 -317.71 9.456e+11 5.518e+11 5.303e+11 0.11044 35.44955 6.0361e+11 6.0361e+11 6.0361e+11 3.0181e+11 0.0000e+00 104.85187 79.34 0.08447 0.00000 0.00000 0.00000 0.00000 0.00000 0.00000 0.00000 0.00000 0.00000 0.00000 0.0000 2.523e+12 3.018e+11
177 181 7.8470e+12 391.66 287.56 483.158 84.922 45 23.47220 31.98153 54.62981 148.19 -32.40 -58.36 3.690e+13 -3.541e+13 1.475e+13 0.05043 84.92158 7.8470e+12 7.8470e+12 7.8470e+12 4.8289e+12 0.0000e+00 19.05857 36.69 0.05142 0.83592 0.31331 83.26455 -72.71018 -21.59215 0.76335 0.46232 74.67664 -56.64624 -27.88726 0.4068 7.682e+12 6.036e+12
178 -1 6.0361e+11 195.70 0.00 205.482 16.328 45 76.65122 18.48424 3.48524 -65.15 74.51 -557.35 0.000e+00 0.000e+00 0.000e+00 0.00000 16.32772 6.0361e+11 6.0361e+11 6.0361e+11 6.0361e+11 0.0000e+00 125.38274 0.00 0.00000 0.00000 0.00000 0.00000 0.00000 0.00000 0.00000 0.00000 0.00000 0.00000 0.00000 0.0000 3.018e+12 0.000e+00
179 178 1.8108e+12 234.62 142.65 296.357 61.370 43 99.55695 25.67100 69.22792 -205.89 49.74 250.62 -2.872e+12 1.531e+12 -3.722e+12 0.03818 61.36974 1.8108e+12 1.8108e+12 1.8108e+12 6.0361e+11 0.0000e+00 41.13482 0.00 0.05501 0.51662 0.41527 -67.42639 151.15259 47.72259 0.00000 0.00000 0.00000 0.00000 0.00000 0.3934 3.453e+12 1.509e+12
180 133 6.6398e+12 476.59 349.82 456.989 25.620 43 72.51757 78.75403 17.22077 -248.76 284.54 105.58 5.717e+12 2.803e+12 1.011e+12 0.00949 25.61992 6.6398e+12 6.9416e+12 6.3380e+12 6.0361e+12 3.3199e+12 22.84458 23.52 0.00823 0.83271 0.54038 67.32566 -19.78311 -13.12053 0.84302 0.37705 58.86422 -25.41737 -16.19697 0.4331 9.231e+12 2.716e+12
181 182 1.2072e+12 210.92 182.18 258.892 44.083 42 65.76682 49.39197 47.42109 -101.80 70.76 73.59 -6.253e+11 -7.012e+11 -3.019e+11 0.00495 44.08339 1.2072e+12 1.2072e+12 1.2072e+12 6.0361e+11 0.0000e+00 67.58486 0.00 0.02158 0.63367 0.31478 81.78152 -8.57767 -38.26614 0.00000 0.00000 0.00000 0.00000 0.00000 1.0848 4.112e+12 9.054e+11
182 185 7.5452e+12 381.32 291.40 476.883 91.865 42 70.08852 82.75195 12.33976 -45.59 139.82 239.65 6.687e+12 -3.447e+13 1.080e+13 0.03237 91.86488 7.5452e+12 7.5452e+12 7.5452e+12 3.3199e+12 0.0000e+00 19.36244 0.00 0.03789 0.40170 0.08420 -6.64851 -53.70350 176.81664 0.48076 0.08978 86.71080 -0.68029 57.29926 0.4903 7.270e+12 6.036e+12
183 180 1.2072e+12 196.27 109.63 258.892 82.786 41 53.06974 90.59419 67.61303 93.95 226.72 77.90 7.881e+11 6.526e+12 -2.730e+12 0.06386 82.78579 1.2072e+12 1.2072e+12 6.0361e+11 6.0361e+11 0.0000e+00 100.25653 83.43 0.15568 0.39728 0.02893 57.52320 28.50718 181.08928 0.00000 0.00000 0.00000 0.00000 0.00000 0.6681 3.484e+12 1.811e+12
184 -1 9.0542e+11 187.85 334.43 235.219 45.709 41 70.57651 58.68422 56.06110 -47.43 300.59 -757.45 8.804e+11 -1.273e+13 3.147e+12 0.97849 45.70860 9.0542e+11 9.0542e+11 9.0542e+11 0.0000e+00 0.0000e+00 70.39408 405.57 0.46433 0.00000 0.00000 0.00000 0.00000 0.00000 0.00000 0.00000 0.00000 0.00000 0.00000 15.6442 3.832e+12 6.036e+11
185 189 2.1127e+12 235.53 168.25 311.983 107.084 41 76.31489 30.28148 58.65225 -22.96 128.99 145.35 -8.051e+12 5.943e+12 6.957e+12 0.04043 107.08405 2.1127e+12 2.1127e+12 6.0361e+11 3.0181e+11 0.0000e+00 25.53936 94.36 0.10489 0.00000 0.00000 12.96234 -39.45160 99.73145 0.00000 0.00000 0.00000 0.00000 0.00000 0.7948 3.457e+12 3.320e+12
186 193 6.0361e+11 164.47 0.00 205.482 39.300 41 18.26790 11.95343 4.33451 213.17 -384.78 -193.66 -1.816e+12 4.188e+11 1.740e+11 0.05084 39.30024 6.0361e+11 6.0361e+11 6.0361e+11 0.0000e+00 0.0000e+00 151.04694 82.08 0.12995 0.00000 0.00000 0.00000 0.00000 0.00000 0.00000 0.00000 0.00000 0.00000 0.00000 0.0000 4.101e+12 3.018e+11
187 -1 6.0361e+11 161.19 0.00 205.482 45.715 39 74.16370 58.43538 50.22797 -635.75 103.38 108.62 -3.156e+11 -4.581e+12 -6.120e+12 1.31066 45.71475 6.0361e+11 6.0361e+11 6.0361e+11 3.0181e+11 0.0000e+00 91.30800 538.89 0.53128 0.00000 0.00000 0.00000 0.00000 0.00000 0.00000 0.00000 0.00000 0.00000 0.00000 0.0000 4.780e+12 3.018e+11
188 175 4.5271e+12 312.01 224.41 402.218 98.655 39 40.70486 88.97688 98.42035 207.92 115.93 6.78 2.187e+13 -4.459e+13 -1.911e+13 0.10728 98.65543 4.5271e+12 4.5271e+12 4.2253e+12 9.0542e+11 0.0000e+00 63.56928 34.38 0.12858 0.93667 0.21161 43.64206 123.49734 57.08611 0.67240 0.28670 58.81126 72.42025 32.94874 0.4308 4.105e+12 4.527e+12
189 186 4.5271e+12 325.11 248.12 402.218 72.027 38 73.81773 32.27600 55.63384 -138.75 37.04 149.78 -4.443e+13 5.802e+12 -7.009e+12 0.08173 72.02686 4.5271e+12 4.5271e+12 3.6217e+12 9.0542e+11 0.0000e+00 52.44482 27.65 0.10959 0.67315 0.02881 93.99831 100.19875 33.99844 0.22764 0.00000 94.88892 -71.19680 16.11393 0.5452 4.550e+12 3.622e+12
190 190 1.5090e+12 221.56 145.64 278.883 56.271 38 68.87738 4.55152 28.24968 441.25 -18.16 12.77 -3.609e+12 2.737e+12 7.744e+12 0.05939 56.27077 1.5090e+12 1.5090e+12 1.5090e+12 0.0000e+00 0.0000e+00 60.95486 0.00 0.13527 0.54578 0.32019 -126.49268 55.76950 123.45006 0.00000 0.00000 0.00000 0.00000 0.00000 0.6815 3.695e+12 9.054e+11
191 192 1.5090e+12 211.43 178.43 278.883 89.145 37 88.24468 32.78197 67.33412 11.99 130.98 -184.23 -3.031e+12 7.864e+12 2.004e+12 0.02422 89.14517 1.5090e+12 1.5090e+12 1.2072e+12 0.0000e+00 0.0000e+00 94.18386 58.77 0.13061 0.84132 0.00000 140.32401 78.51508 0.18629 0.00000 0.00000 0.00000 0.00000 0.00000 1.0551 3.460e+12 1.509e+12
192 40 1.2072e+12 223.23 161.06 258.892 32.150 36 68.14069 24.32719 87.70354 -50.26 -353.21 222.57 -1.142e+12 3.736e+12 1.606e+12 0.03458 32.15029 1.2072e+12 1.2072e+12 1.2072e+12 6.0361e+11 0.0000e+00 81.13491 0.00 0.09237 0.66257 0.44029 63.34119 12.99015 28.18528 0.00000 0.00000 0.00000 0.00000 0.00000 0.7909 3.370e+12 6.036e+11
193 213 2.4145e+12 257.08 124.12 326.183 69.897 36 40.41359 92.65192 97.57025 136.19 179.93 15.42 1.442e+12 2.541e+12 -1.312e+13 0.07918 69.89657 2.4145e+12 2.4145e+12 2.1127e+12 6.0361e+11 0.0000e+00 66.66976 0.00 0.09259 0.06905 0.02356 -54.66045 95.08493 -14.64278 0.00000 0.00000 0.00000 0.00000 0.00000 0.2373 2.613e+12 2.113e+12
194 188 2.4145e+12 249.65 140.95 326.183 91.893 36 46.83064 28.11007 68.48398 17.76 49.46 -134.05 7.900e+12 9.734e+11 -3.142e+12 0.04618 91.89302 2.4145e+12 2.4145e+12 1.8108e+12 3.0181e+11 0.0000e+00 74.97118 26.05 0.05895 0.32617 0.28397 51.08237 31.67633 123.93005 0.00000 0.00000 0.00000 0.00000 0.00000 0.3421 3.951e+12 2.414e+12
195 197 1.5090e+12 218.90 141.68 278.883 61.755 35 67.88981 31.59472 51.04546 -57.95 42.19 -15.54 -1.289e+12 -6.981e+12 5.853e+12 0.06725 61.75541 1.5090e+12 1.8108e+12 1.2072e+12 6.0361e+11 0.0000e+00 104.30254 70.32 0.13874 0.54867 0.06411 51.91636 19.17631 78.08680 0.00000 0.00000 0.00000 0.00000 0.00000 0.6755 4.520e+12 1.207e+12
196 198 1.5090e+12 216.32 103.37 278.883 68.455 34 99.25601 11.96564 9.17852 68.31 -86.87 -166.26 4.510e+12 -7.007e+12 -3.742e+12 0.08452 68.45506 1.5090e+12 1.5090e+12 9.0542e+11 3.0181e+11 0.0000e+00 40.10725 19.35 0.13774 0.48839 0.22754 123.94508 62.20085 -8.86285 0.00000 0.00000 0.00000 0.00000 0.00000 0.3825 4.109e+12 1.509e+12
197 205 6.0361e+11 163.14 0.00 205.482 41.665 34 77.22525 96.92715 62.77260 -323.83 181.11 -89.00 1.687e+11 -1.565e+12 -7.517e+11 0.05659 41.66471 6.0361e+11 6.0361e+11 6.0361e+11 0.0000e+00 0.0000e+00 136.88048 109.41 0.12115 0.00000 0.00000 0.00000 0.00000 0.00000 0.00000 0.00000 0.00000 0.00000 0.00000 0.0000 4.619e+12 3.018e+11
198 134 3.6217e+12 296.13 170.43 373.386 76.290 34 73.59345 80.78737 18.53785 -282.13 39.77 -34.11 -7.071e+12 -7.178e+11 -2.679e+12 0.02295 76.28996 3.6217e+12 3.6217e+12 3.3199e+12 3.0181e+11 0.0000e+00 13.94583 0.00 0.02662 0.89226 0.70360 -39.48677 -10.55454 113.10359 0.00000 0.00000 0.00000 0.00000 0.00000 0.3337 4.334e+12 3.018e+12
199 195 5.1307e+12 373.23 237.64 419.354 44.699 34 24.22862 61.59431 35.76637 243.77 37.43 45.38 1.422e+12 1.075e+13 -6.360e+11 0.02043 44.69906 5.1307e+12 5.1307e+12 5.1307e+12 4.2253e+12 0.0000e+00 0.00167 0.00 0.02130 0.31494 0.03494 -66.98782 88.10350 19.24614 0.19867 0.02885 -63.09917 74.58780 25.99949 0.3949 5.741e+12 1.509e+12
200 194 2.4145e+12 249.01 168.83 326.183 94.797 33 71.84628 95.95436 65.29515 -197.86 85.09 -84.08 -1.139e+13 -1.034e+13 6.251e+12 0.08601 94.79676 2.4145e+12 2.4145e+12 1.5090e+12 1.2072e+12 0.0000e+00 89.16714 22.47 0.11439 0.67880 0.26847 93.78770 5.46256 54.73714 0.00000 0.00000 -30.42603 37.04834 -11.09314 0.4396 2.619e+12 2.716e+12
201 203 1.8108e+12 230.59 92.79 296.357 70.699 33 7.63862 87.35009 39.74420 -41.15 324.85 -69.15 -6.864e+11 3.725e+11 -2.033e+11 0.00681 70.69868 1.8108e+12 1.8108e+12 1.5090e+12 6.0361e+11 0.0000e+00 112.20354 0.00 0.00898 0.46073 0.00000 88.81837 -4.26628 49.09985 0.00000 0.00000 0.00000 0.00000 0.00000 0.2413 4.543e+12 1.811e+12
202 183 2.1127e+12 250.40 158.74 311.983 58.560 33 48.52523 54.34229 37.67635 554.64 -112.24 185.22 -3.570e+12 -4.348e+12 2.410e+12 0.03547 58.55980 2.1127e+12 3.9235e+12 2.1127e+12 6.0361e+11 0.0000e+00 116.60863 0.00 0.05268 0.43274 0.00000 123.22415 50.82047 7.27046 0.00000 0.00000 0.00000 0.00000 0.00000 0.4914 4.926e+12 1.207e+12
203 201 5.4325e+12 409.04 309.92 427.421 33.306 32 38.16191 35.48537 67.44440 208.03 -355.90 -124.16 9.702e+12 -1.448e+12 -7.394e+12 0.02261 33.30579 5.4325e+12 5.7343e+12 4.8289e+12 4.5271e+12 2.4145e+12 51.39093 0.00 0.02190 0.28635 0.21000 65.12128 -22.97406 89.95673 0.34315 0.24366 52.56507 -17.64851 83.85928 0.4685 6.896e+12 2.414e+12
204 -1 4.2253e+12 334.59 219.75 393.074 52.149 32 15.21163 47.81410 54.15345 -110.07 -248.22 -46.82 6.901e+12 -2.102e+13 8.477e+12 0.05827 52.14874 4.2253e+12 4.2253e+12 3.9235e+12 1.8108e+12 0.0000e+00 51.16431 25.04 0.06422 0.71495 0.22957 -40.77727 103.28394 74.19389 0.54227 0.49488 17.97697 11.34844 75.08565 0.4049 4.501e+12 1.811e+12
205 207 3.0181e+12 266.08 241.04 351.370 114.309 32 3.21777 3.51073 97.70350 -10.28 712.06 -233.25 -2.337e+13 8.720e+12 2.238e+13 0.04422 114.30927 3.0181e+12 3.0181e+12 0.0000e+00 0.0000e+00 0.0000e+00 102.75333 41.52 0.15918 0.34703 0.02587 134.10541 -21.96432 187.92279 0.00000 0.00000 0.00000 0.00000 0.00000 1.0936 3.306e+12 4.225e+12
206 210 4.8289e+12 322.34 198.83 410.965 91.552 32 27.99435 58.75150 33.45369 195.91 7.12 -16.16 5.182e+12 9.194e+12 2.335e+13 0.04682 91.55170 4.8289e+12 5.1307e+12 4.8289e+12 1.2072e+12 0.0000e+00 40.08298 51.43 0.05561 0.51928 0.03446 37.37174 83.01745 -57.07186 0.60309 0.18412 47.07269 59.20850 54.92907 0.4017 4.477e+12 4.225e+12
207 191 3.9235e+12 291.02 186.95 383.483 120.728 32 30.79595 65.36549 14.11884 256.72 -38.61 -16.21 -1.029e+13 1.165e+13 -2.013e+12 0.04209 120.72788 3.9235e+12 3.9235e+12 3.3199e+12 2.1127e+12 0.0000e+00 33.77566 29.17 0.04807 0.50181 0.32255 -53.64055 -48.33619 149.94328 0.64871 0.00000 7.75348 -30.69887 132.02336 0.3611 3.856e+12 5.131e+12
208 208 1.2072e+12 224.41 159.71 258.892 31.314 32 87.71802 24.85634 33.37931 -178.69 -287.10 62.58 -1.947e+11 -3.071e+12 -7.928e+11 0.02814 31.31360 1.2072e+12 1.2072e+12 1.2072e+12 9.0542e+11 0.0000e+00 60.58807 0.00 0.06950 0.19399 0.10964 59.48609 -73.78604 82.96668 0.19399 0.10964 59.48609 -73.78604 82.96668 0.7581 3.113e+12 3.018e+11
209 -1 6.0361e+11 176.56 0.00 205.482 25.970 32 42.65982 29.65463 49.32220 439.69 -404.19 121.02 0.000e+00 0.000e+00 0.000e+00 0.00000 25.97048 6.0361e+11 6.0361e+11 6.0361e+11 3.0181e+11 0.0000e+00 80.03848 0.00 0.00000 0.00000 0.00000 0.00000 0.00000 0.00000 0.00000 0.00000 0.00000 0.00000 0.00000 0.0000 1.864e+12 3.018e+11
210 200 2.1127e+12 245.89 163.54 311.983 66.863 31 89.03178 29.78240 99.38862 -294.68 -616.45 166.41 3.026e+12 -1.415e+11 1.381e+12 0.02058 66.86304 2.1127e+12 2.1127e+12 1.2072e+12 1.2072e+12 0.0000e+00 34.47211 0.00 0.02865 0.20894 0.07472 -39.97337 83.31665 -21.55634 0.30158 0.17663 -29.64698 99.31898 -20.90786 0.4751 2.733e+12 1.207e+12
211 202 3.3199e+12 275.43 138.08 362.712 113.125 31 15.49472 32.56066 65.59081 56.13 -166.28 -65.93 5.762e+12 7.659e+12 -2.113e+12 0.03250 113.12505 3.3199e+12 3.3199e+12 2.4145e+12 0.0000e+00 0.0000e+00 32.10428 24.45 0.03977 0.55917 0.24683 167.09756 -52.50996 -42.35312 0.00000 0.00000 0.00000 0.00000 0.00000 0.3003 5.793e+12 4.829e+12
212 159 9.0542e+11 206.94 146.51 235.219 26.472 31 23.71679 12.12868 43.42392 340.15 142.85 -16.99 3.860e+11 1.523e+12 1.928e+12 0.03535 26.47241 9.0542e+11 9.0542e+11 9.0542e+11 0.0000e+00 0.0000e+00 134.89757 0.00 0.08785 0.00000 0.00000 0.00000 0.00000 0.00000 0.00000 0.00000 0.00000 0.00000 0.00000 1.5085 2.483e+12 0.000e+00
213 215 6.0361e+11 188.68 0.00 205.482 19.040 29 32.68312 60.71074 4.27008 370.16 -81.31 125.98 0.000e+00 0.000e+00 0.000e+00 0.00000 19.04018 6.0361e+11 6.0361e+11 6.0361e+11 6.0361e+11 0.0000e+00 131.87517 0.00 0.00000 0.00000 0.00000 0.00000 0.00000 0.00000 0.00000 0.00000 0.00000 0.00000 0.00000 0.0000 2.679e+12 0.000e+00
214 223 1.5090e+12 215.90 57.86 278.883 69.719 28 52.37756 41.26485 54.82447 163.69 -417.01 107.04 -3.986e+12 -3.278e+12 -1.441e+12 0.05537 69.71872 1.5090e+12 1.5090e+12 6.0361e+11 0.0000e+00 0.0000e+00 86.42577 49.62 0.08080 0.33172 0.07449 32.23138 -95.49520 184.63152 0.00000 0.00000 0.00000 0.00000 0.00000 0.2256 3.797e+12 1.509e+12
215 159 4.5271e+12 311.78 265.40 402.218 99.331 27 21.92525 12.56609 44.11227 189.45 58.12 -128.75 7.432e+11 1.023e+12 1.054e+13 0.01841 99.33144 4.5271e+12 4.5271e+12 3.6217e+12 2.1127e+12 0.0000e+00 34.14572 0.00 0.02566 0.84671 0.13016 89.81015 98.31001 -34.70955 0.24957 0.00000 124.50545 78.47060 -14.02582 0.5830 3.964e+12 4.527e+12
216 221 4.2253e+12 304.05 206.13 393.074 99.032 26 68.46021 22.09793 87.11024 124.63 241.94 182.39 6.136e+12 5.731e+12 -1.547e+13 0.04046 99.03249 4.2253e+12 4.2253e+12 3.6217e+12 9.0542e+11 0.0000e+00 25.52126 0.00 0.04772 0.74890 0.53984 103.67268 -50.87257 34.31163 0.87448 0.62101 -25.13995 50.42014 -36.01836 0.4087 4.394e+12 4.225e+12
217 219 3.0181e+12 269.10 156.59 351.370 98.281 26 35.29006 63.04812 10.22288 170.39 23.21 37.50 3.890e+12 -8.519e+12 -7.697e+12 0.04934 98.28117 3.0181e+12 3.3199e+12 2.7163e+12 1.2072e+12 0.0000e+00 49.75252 0.00 0.05757 0.59386 0.48230 -60.70343 123.49334 -12.10209 0.67204 0.25101 97.55923 -64.00819 38.00675 0.3104 4.692e+12 3.622e+12
218 216 9.0542e+11 199.69 121.25 235.219 31.649 26 32.54451 16.48583 11.73002 32.84 -133.03 -71.47 5.850e+11 1.028e+11 2.318e+11 0.00611 31.64898 9.0542e+11 9.0542e+11 9.0542e+11 3.0181e+11 0.0000e+00 87.32603 0.00 0.02252 0.00000 0.00000 0.00000 0.00000 0.00000 0.00000 0.00000 0.00000 0.00000 0.00000 0.7980 2.952e+12 3.018e+11
219 211 9.0542e+11 200.05 87.91 235.219 31.348 25 82.47068 81.92761 1.03699 -104.64 402.82 419.47 1.007e+12 -1.020e+12 -1.020e+12 0.02623 31.34807 9.0542e+11 9.0542e+11 9.0542e+11 0.0000e+00 0.0000e+00 121.58813 0.00 0.06215 0.00000 0.00000 0.00000 0.00000 0.00000 0.00000 0.00000 0.00000 0.00000 0.00000 0.5042 3.299e+12 0.000e+00
220 174 1.8108e+12 234.34 254.36 296.357 61.921 25 78.65847 55.07956 51.69137 -528.25 35.07 60.81 7.014e+12 -1.063e+12 7.231e+12 0.07095 61.92079 1.8108e+12 1.8108e+12 1.8108e+12 0.0000e+00 0.0000e+00 134.96590 0.00 0.11271 0.66305 0.00566 -101.68642 5.80031 161.42313 0.00000 0.00000 0.00000 0.00000 0.00000 1.5906 2.653e+12 6.036e+11
221 227 9.0542e+11 205.06 131.12 235.219 27.663 25 3.85317 23.37118 10.98340 -45.13 -519.80 -183.05 -1.705e+12 3.140e+11 -8.126e+11 0.01876 27.66340 9.0542e+11 9.0542e+11 9.0542e+11 0.0000e+00 0.0000e+00 158.62480 0.00 0.06765 0.00000 0.00000 0.00000 0.00000 0.00000 0.00000 0.00000 0.00000 0.00000 0.00000 1.2538 2.677e+12 0.000e+00
