#ID DescID Mvir Vmax Vrms Rvir Rs Np X Y Z VX VY VZ JX JY JZ Spin rs_klypin Mvir_all M200b M200c M500c M2500c Xoff Voff spin_bullock b_to_a c_to_a A[x] A[y] A[z] b_to_a(500c) c_to_a(500c) A[x](500c) A[y](500c) A[z](500c) T/|U| M_pe_Behroozi M_pe_Diemer
#a = 0.704429
#Om = 0.285000; Ol = 0.715000; h = 0.695000
#FOF linking length: 0.280000
#Unbound Threshold: 0.500000; FOF Refinement Threshold: 0.700000
#Particle mass: 3.01807e+11 Msun/h
#Box size: 100.000000 Mpc/h
#Force resolution assumed: 0.0976562 Mpc/h
#Units: Masses in Msun / h
#Units: Positions in Mpc / h (comoving)
#Units: Velocities in km / s (physical, peculiar)
#Units: Halo Distances, Lengths, and Radii in kpc / h (comoving)
#Units: Angular Momenta in (Msun/h) * (Mpc/h) * km/s (physical)
#Units: Spins are dimensionless
#Np is an internal debugging quantity.
#Rockstar Version: 0.99.9-RC3
0 1 4.4667e+13 615.35 632.41 818.851 142.761 328 5.74539 5.67721 93.28650 -737.85 541.57 979.53 -2.627e+13 1.562e+13 9.839e+13 0.00401 159.24088 4.4969e+13 4.8289e+13 3.6821e+13 2.6559e+13 8.4506e+12 82.61269 31.81 0.00490 0.80472 0.41181 -16.82728 99.56922 -72.29007 0.69053 0.34701 -5.96927 79.10217 -58.96547 0.6421 4.760e+13 3.260e+13
1 0 2.7615e+14 1084.89 1166.01 1502.880 422.331 1135 4.53157 5.74937 94.99139 58.70 113.15 18.46 -8.051e+15 3.141e+15 -7.024e+15 0.01935 412.87729 2.7615e+14 2.9728e+14 2.3330e+14 1.4125e+14 4.7082e+13 10.01493 111.20 0.02543 0.32707 0.22336 -155.81210 12.15420 207.27252 0.26994 0.17708 -119.67019 4.17976 152.13855 0.6810 2.598e+14 3.036e+14
2 4 4.8289e+12 281.16 232.82 390.083 109.054 120 72.17337 18.11869 2.31696 863.27 446.67 -246.41 3.757e+13 -3.819e+12 -2.868e+13 0.05585 109.05408 4.8289e+12 6.9416e+12 3.0181e+12 3.0181e+11 0.0000e+00 58.12976 65.62 0.09192 0.09786 0.00054 142.41484 -73.51055 -49.96040 0.00000 0.00000 0.00000 0.00000 0.00000 0.6796 9.507e+12 6.036e+12
3 6 8.4204e+13 718.01 789.03 1011.546 318.043 396 73.64545 19.57091 1.64799 -302.44 595.47 32.58 2.010e+15 1.315e+15 2.249e+15 0.03939 353.27145 8.4204e+13 9.4768e+13 6.9114e+13 4.0140e+13 1.4487e+13 69.47218 73.85 0.05440 0.66882 0.46740 -101.54088 125.01250 -18.69836 0.92770 0.55369 107.48600 -7.67549 -2.87187 0.7017 8.436e+13 1.056e+14
4 5 2.2575e+14 991.30 1093.85 1405.242 569.119 609 72.89485 20.58512 1.34004 365.70 -527.63 337.81 -7.912e+15 4.556e+15 6.937e+15 0.02467 588.38629 2.2575e+14 2.4205e+14 1.7354e+14 9.6578e+13 3.3802e+13 255.91241 348.07 0.03663 0.49241 0.29663 -150.20679 171.37202 -28.59881 0.75654 0.50050 103.43980 -80.15136 -46.73253 0.7372 2.043e+14 2.928e+14
5 8 9.9295e+13 789.82 816.29 1068.684 201.481 480 71.28480 61.76070 50.99811 -56.39 -208.06 -1177.03 2.165e+15 -2.715e+15 -4.054e+12 0.03690 235.62444 9.9295e+13 1.0624e+14 8.2092e+13 5.6740e+13 2.1127e+13 18.94179 123.47 0.04361 0.65723 0.44541 84.19137 112.50271 -18.21684 0.58285 0.33588 68.58331 89.07746 -24.53835 0.6278 8.939e+13 7.455e+13
6 9 7.8470e+12 361.34 254.32 458.608 66.511 41 71.86077 64.07872 50.86927 -132.77 -355.06 -580.40 2.217e+13 -3.685e+13 6.744e+12 0.03830 66.51138 8.1488e+12 8.1488e+12 6.3380e+12 4.5271e+12 1.8108e+12 39.58728 34.21 0.03757 0.68064 0.53689 -2.18997 67.73386 58.24947 0.66375 0.52566 16.89854 16.13384 64.42038 0.3775 7.593e+12 4.527e+12
7 10 2.9456e+14 1101.94 1221.81 1535.562 911.662 765 70.77728 60.98283 50.32347 -32.61 449.73 485.53 -3.572e+16 4.289e+16 -6.067e+15 0.06819 452.60999 2.9668e+14 3.1479e+14 2.4718e+14 1.1439e+14 3.4406e+13 273.82803 590.25 0.11512 0.43859 0.28183 99.25485 185.55663 150.67360 0.58940 0.49420 -50.90675 133.71529 22.86208 0.7906 2.663e+14 3.923e+14
8 86 4.2253e+12 270.80 192.41 373.101 96.766 101 17.52154 9.94502 1.90859 363.62 84.03 218.11 1.072e+13 -1.208e+13 5.732e+12 0.03386 96.76559 4.2253e+12 4.8289e+12 3.0181e+12 1.5090e+12 0.0000e+00 92.59271 46.22 0.04149 0.55247 0.14310 -83.08712 104.81013 20.59304 0.86563 0.00000 14.15544 5.08646 88.83297 0.4463 9.284e+12 4.527e+12
9 86 9.0542e+12 432.89 392.99 481.014 37.593 97 18.73876 9.65934 1.99120 233.74 107.45 198.47 -1.012e+13 3.655e+12 -8.463e+13 0.05024 37.59333 9.3560e+12 9.0542e+12 7.8470e+12 6.6398e+12 3.6217e+12 38.39694 35.97 0.05800 0.73271 0.36581 -32.79923 56.89928 49.94316 0.78876 0.31841 -35.58850 54.83734 40.05384 0.6341 1.476e+13 4.527e+12
10 20 4.2253e+12 267.39 177.92 373.101 111.839 61 19.25476 10.67112 3.50313 466.72 -362.35 -276.41 9.261e+12 3.246e+13 2.566e+12 0.06448 111.83875 4.2253e+12 5.4325e+12 1.5090e+12 0.0000e+00 0.0000e+00 79.14974 0.00 0.08198 0.25088 0.09054 -39.14064 145.90340 112.33391 0.00000 0.00000 0.00000 0.00000 0.00000 0.4096 6.925e+12 5.433e+12
11 21 4.2253e+12 262.98 358.02 373.101 167.560 28 20.67784 11.19060 3.64672 316.87 641.33 707.76 1.876e+13 -5.503e+13 4.919e+13 0.14354 167.56001 4.8289e+12 4.5271e+12 2.7163e+12 3.0181e+11 0.0000e+00 19.40276 59.48 0.18441 0.61518 0.05640 27.55459 37.86541 120.17097 0.00000 0.00000 0.00000 0.00000 0.00000 1.5275 4.007e+12 5.433e+12
12 21 4.8289e+12 294.01 178.28 390.083 74.303 38 22.00908 10.26581 2.98863 647.86 460.18 429.42 3.108e+12 2.256e+13 -2.929e+13 0.07409 74.30299 4.8289e+12 5.1307e+12 3.9235e+12 2.7163e+12 0.0000e+00 44.75248 0.00 0.07192 0.37846 0.16493 91.13275 42.77443 -28.89093 0.24222 0.18552 81.01833 50.60552 -28.85933 0.2676 4.559e+12 3.622e+12
13 21 1.7656e+14 945.15 966.10 1294.701 343.632 795 23.10494 11.29496 3.93595 -107.40 122.40 116.90 3.150e+15 4.113e+15 -7.517e+14 0.02180 317.53781 1.7656e+14 1.8803e+14 1.4607e+14 9.1749e+13 3.6217e+13 84.03766 52.13 0.02519 0.66079 0.35613 175.68286 49.30861 63.73612 0.62411 0.40136 116.22332 47.47647 54.80430 0.6024 1.587e+14 1.850e+14
14 16 1.0412e+14 766.65 802.92 1085.735 498.241 423 71.27288 2.77034 26.31725 60.27 125.49 235.16 4.750e+15 5.456e+14 1.800e+14 0.04142 435.11514 1.0412e+14 1.1770e+14 8.2695e+13 4.1649e+13 1.6901e+13 112.16801 41.84 0.05552 0.58170 0.32507 19.08814 71.69125 158.30960 0.59566 0.35091 59.32845 73.05951 59.02459 0.6718 1.004e+14 1.542e+14
15 17 1.4185e+13 426.22 380.45 558.663 98.130 66 71.02081 3.10190 27.22529 9.49 -422.33 -449.47 8.841e+13 2.674e+12 1.911e+12 0.02540 98.13018 1.4185e+13 1.4789e+13 1.2676e+13 7.8470e+12 0.0000e+00 18.48045 0.00 0.02846 0.45287 0.29356 -98.47312 100.96426 68.19141 0.40424 0.05778 85.21793 -63.06143 -43.83676 0.5361 1.345e+13 1.117e+13
16 15 9.6578e+12 449.46 376.03 491.474 36.014 49 71.22069 2.41858 25.27569 -456.74 524.73 781.41 4.351e+13 -6.993e+13 3.385e+13 0.05244 36.01424 9.6578e+12 9.9596e+12 9.0542e+12 7.5452e+12 0.0000e+00 20.21002 0.00 0.05436 0.49133 0.34475 -43.60708 53.57929 84.48061 0.45597 0.13457 -42.33241 45.47124 91.83300 0.5496 1.268e+13 2.414e+12
17 18 8.4506e+12 337.24 450.46 470.078 139.068 99 69.95276 4.43656 28.29988 308.72 -525.62 -171.24 8.600e+12 9.993e+13 -4.327e+13 0.06414 139.06790 8.4506e+12 1.1167e+13 5.7343e+12 0.0000e+00 0.0000e+00 89.65513 25.51 0.08331 0.27243 0.00000 -101.42091 120.60286 58.23877 0.00000 0.00000 0.00000 0.00000 0.00000 1.5040 1.213e+13 1.117e+13
18 161 6.9416e+12 313.38 228.21 440.244 145.951 90 67.34719 4.95927 30.17755 378.05 -63.41 -222.50 -5.196e+13 -1.807e+13 -1.796e+13 0.05060 145.95091 6.9416e+12 7.5452e+12 4.2253e+12 6.0361e+11 0.0000e+00 48.42979 18.34 0.06126 0.94933 0.39994 36.33936 38.61443 129.43567 0.00000 0.00000 0.00000 0.00000 0.00000 0.4485 9.771e+12 8.752e+12
19 19 7.4245e+13 707.87 727.70 969.979 233.806 332 73.15594 4.01701 29.81284 -330.16 -83.47 -237.53 3.826e+14 -2.997e+14 -4.113e+14 0.01088 238.59427 7.4245e+13 7.9979e+13 6.3681e+13 3.8631e+13 1.4487e+13 133.46101 32.62 0.01298 0.79206 0.31109 105.70844 12.97563 109.01122 0.94339 0.35001 35.93367 75.10303 72.70985 0.6202 6.772e+13 7.213e+13
20 12 3.6217e+12 305.49 424.65 354.414 33.205 29 40.82549 17.34481 42.70282 -102.80 -836.54 -259.44 4.519e+13 1.276e+13 -2.216e+13 0.16709 33.20526 5.4325e+12 3.6217e+12 3.6217e+12 2.4145e+12 0.0000e+00 36.06859 103.75 0.16257 0.37124 0.04606 61.93154 64.41133 99.10265 0.29933 0.00000 49.82440 79.45776 76.73830 1.6343 4.214e+12 1.509e+12
21 12 9.9596e+12 403.72 393.70 496.541 61.050 38 39.96661 17.16028 42.47260 -343.51 -49.89 -104.19 7.384e+12 -3.991e+13 -2.921e+13 0.02464 61.04977 1.0865e+13 1.0261e+13 8.7524e+12 7.5452e+12 2.7163e+12 46.43668 46.12 0.02900 0.90846 0.43993 -47.73658 47.52424 -61.61373 0.51551 0.23956 26.56431 -17.74412 72.97883 0.6275 1.094e+13 6.036e+12
22 11 1.8501e+14 975.60 1041.83 1315.036 254.373 650 40.25992 17.76988 42.79226 403.95 130.01 78.16 4.116e+15 4.071e+15 -8.342e+15 0.03468 281.28342 1.8501e+14 1.9074e+14 1.6599e+14 9.1749e+13 3.1992e+13 94.10188 83.65 0.04520 0.78126 0.39977 142.86198 113.08958 20.00504 0.70005 0.47300 106.79848 68.91235 -0.77328 0.6844 1.748e+14 1.569e+14
23 13 2.0523e+13 524.71 553.93 631.859 70.103 83 43.06016 18.88614 43.28536 -540.84 266.89 -518.36 -2.573e+14 -2.469e+14 6.420e+12 0.04427 70.10286 2.0825e+13 2.1428e+13 1.8108e+13 1.3581e+13 7.5452e+12 54.41464 14.25 0.06200 0.88525 0.64014 81.47656 -27.71812 -51.61242 0.72080 0.55984 67.75068 3.37797 -47.92292 0.7509 1.991e+13 1.147e+13
24 14 7.8772e+13 717.18 785.43 989.307 393.488 242 43.67270 18.92305 43.00179 41.58 195.03 -380.33 2.137e+15 -4.637e+15 -1.206e+15 0.05308 259.75714 7.9074e+13 8.2695e+13 6.7907e+13 2.8370e+13 8.4506e+12 172.91570 193.02 0.09691 0.48119 0.26325 174.56621 2.54507 -116.27774 0.55153 0.36636 6.31570 10.84002 112.21738 0.8167 7.229e+13 1.014e+14
25 -1 1.8108e+12 227.29 197.11 281.299 35.689 28 44.82348 20.59061 42.40168 -15.79 -238.02 455.11 4.896e+12 1.242e+13 -9.805e+12 0.05543 35.68945 1.8108e+12 1.8108e+12 1.8108e+12 3.0181e+11 0.0000e+00 50.33112 0.00 0.16460 0.71415 0.04801 17.07190 105.85217 12.80399 0.00000 0.00000 0.00000 0.00000 0.00000 0.8799 4.703e+12 6.036e+11
26 -1 2.1127e+12 214.94 234.01 296.131 76.766 25 45.50913 21.30126 42.10772 13.87 -290.81 334.41 -5.973e+12 6.905e+12 -7.773e+12 0.05122 76.76579 2.1127e+12 2.1127e+12 6.0361e+11 6.0361e+11 0.0000e+00 111.03508 0.00 0.09218 0.54840 0.00000 -25.34335 86.34282 45.24107 0.00000 0.00000 0.00000 0.00000 0.00000 1.4164 3.296e+12 2.113e+12
27 22 9.6578e+12 365.78 299.23 491.474 102.584 60 53.03152 25.45921 34.78088 486.31 172.95 499.30 -1.908e+12 1.922e+12 5.620e+13 0.03210 102.58414 9.6578e+12 1.1469e+13 7.5452e+12 5.4325e+12 0.0000e+00 17.00822 0.00 0.03435 0.62551 0.42288 -23.27267 12.92786 125.70632 0.17999 0.01540 36.29777 81.54212 16.77450 0.4634 1.031e+13 7.847e+12
28 24 1.5090e+12 194.64 170.68 264.712 60.891 41 53.19914 28.70542 35.90865 598.66 -884.32 191.49 1.990e+12 -9.825e+12 2.757e+12 0.03448 60.89125 1.5090e+12 1.5090e+12 3.0181e+11 0.0000e+00 0.0000e+00 99.30296 0.00 0.14003 0.00000 0.00000 -72.20840 88.79471 -22.04514 0.00000 0.00000 0.00000 0.00000 0.00000 1.1033 2.277e+12 1.509e+12
29 24 1.5664e+14 899.38 928.63 1244.056 388.697 608 54.09876 27.41205 35.52030 -83.39 -196.21 -65.80 2.096e+15 2.017e+15 2.681e+15 0.01853 336.27908 1.5664e+14 1.6720e+14 1.3310e+14 7.7565e+13 2.0221e+13 42.63267 82.99 0.02324 0.78057 0.51015 -109.40787 -53.05511 138.13998 0.59145 0.39949 88.29427 47.40007 -76.22733 0.6408 1.402e+14 1.790e+14
30 26 1.4668e+14 891.12 949.44 1217.109 270.590 721 72.01872 68.11570 51.83681 -199.98 -219.93 -313.35 1.982e+15 -1.457e+15 2.850e+15 0.01856 290.61890 1.4668e+14 1.7294e+14 1.1408e+14 8.3299e+13 2.0523e+13 90.76154 45.15 0.02468 0.61509 0.44074 12.48219 195.08002 5.55484 0.59387 0.33790 -4.48604 146.07872 9.07462 0.6855 1.486e+14 1.280e+14
31 28 5.7343e+12 414.20 393.08 413.081 21.438 29 51.37195 16.69034 40.35254 780.20 -732.44 -288.23 -1.669e+13 -1.474e+13 -5.593e+12 0.02791 21.43761 6.9416e+12 5.7343e+12 5.7343e+12 5.7343e+12 3.0181e+12 11.79875 70.12 0.03342 0.52944 0.40586 49.14952 4.28193 50.89135 0.40502 0.22569 47.64550 6.79835 53.48138 0.7182 1.162e+13 2.113e+12
32 28 1.4789e+14 879.07 946.85 1220.439 363.744 592 51.55708 16.44146 40.40628 -195.26 379.15 -30.81 -4.715e+15 -7.074e+15 7.476e+15 0.05359 343.79510 1.4789e+14 1.5573e+14 1.2616e+14 7.2132e+13 1.7505e+13 106.38923 69.71 0.07320 0.29720 0.24854 -101.56860 199.43634 82.43691 0.38273 0.28373 -78.57812 128.79982 36.84993 0.6961 1.324e+14 1.672e+14
33 29 1.5090e+13 474.86 446.58 570.305 62.481 56 51.33355 16.81324 40.59941 -203.41 376.17 -174.66 2.390e+14 1.197e+14 1.772e+14 0.08460 62.48063 1.5694e+13 1.5694e+13 1.3883e+13 9.0542e+12 4.8289e+12 55.32170 23.98 0.09306 0.47260 0.29186 -14.40486 86.53651 39.84453 0.46225 0.24100 -2.25326 72.21846 21.02455 0.5955 1.528e+13 8.149e+12
34 30 1.2434e+14 823.99 846.42 1151.905 637.836 578 92.55497 40.90398 61.22503 -131.09 -363.22 -46.39 1.316e+15 7.355e+14 -4.331e+15 0.03253 354.23831 1.2434e+14 1.3461e+14 1.0201e+14 5.3118e+13 2.3239e+13 128.91017 88.58 0.03959 0.68266 0.55343 -67.10004 153.13062 22.77080 0.54899 0.42604 -32.72744 102.05494 46.02393 0.6183 1.127e+14 1.726e+14
35 31 1.3883e+14 864.42 887.29 1195.006 305.599 579 57.47685 29.83608 31.75537 -279.48 -293.27 60.80 -2.627e+14 -6.758e+14 -6.242e+14 0.00577 321.00299 1.3883e+14 1.5030e+14 1.1952e+14 6.7001e+13 2.9275e+13 83.01547 37.46 0.00687 0.83575 0.50808 -80.73204 16.71550 155.10808 0.84856 0.58183 -58.80929 34.05885 103.49696 0.6147 1.259e+14 1.415e+14
36 32 3.9235e+12 261.46 174.41 363.998 106.003 26 53.33000 39.94740 55.66968 359.51 -385.72 528.24 -2.741e+13 3.327e+13 -1.042e+13 0.09611 106.00323 3.9235e+12 3.9235e+12 2.7163e+12 3.0181e+11 0.0000e+00 20.57116 24.42 0.12151 0.37902 0.00458 40.35083 82.59264 41.27518 0.00000 0.00000 0.00000 0.00000 0.00000 0.4079 4.595e+12 4.225e+12
37 32 1.1529e+14 851.98 902.83 1123.238 192.542 574 53.76542 40.47643 57.18290 63.43 -339.63 -410.08 9.260e+13 -1.031e+15 9.981e+14 0.01091 204.95718 1.1529e+14 1.2374e+14 9.8993e+13 7.1528e+13 1.8108e+13 170.28700 63.01 0.01408 0.61056 0.25291 14.13044 96.02608 144.46539 0.51191 0.19137 -2.74605 93.36222 99.25516 0.6866 1.094e+14 8.330e+13
38 33 9.3560e+12 351.16 333.33 486.300 133.108 109 27.20364 12.06750 5.42188 -115.14 -4.97 124.54 4.186e+12 3.130e+13 -8.460e+13 0.03825 133.10831 1.0563e+13 1.1469e+13 7.8470e+12 0.0000e+00 0.0000e+00 30.01682 30.21 0.05813 0.12332 0.02060 205.37114 -10.39138 -67.92358 0.00000 0.00000 0.00000 0.00000 0.00000 0.6900 1.106e+13 1.117e+13
39 34 2.3843e+13 486.27 476.74 664.242 158.768 190 28.82319 12.74558 6.27396 -234.79 -35.12 150.24 -1.339e+14 -4.445e+14 2.370e+14 0.05853 158.76796 2.4145e+13 2.5654e+13 2.0523e+13 1.2676e+13 3.3199e+12 117.41199 14.10 0.07057 0.56996 0.39273 108.78313 -53.39701 -37.68113 0.80552 0.52192 79.22258 -29.04008 1.79135 0.6028 3.281e+13 2.294e+13
40 36 1.4789e+13 402.33 455.05 566.478 195.579 190 32.76917 12.83378 6.94759 -314.13 -50.71 306.51 -1.578e+14 1.370e+14 1.594e+14 0.02286 195.57877 1.4789e+13 1.8410e+13 1.1167e+13 3.0181e+12 0.0000e+00 37.66959 6.00 0.07887 0.48620 0.06360 102.85567 -54.72282 96.92384 0.42323 0.00000 64.33227 30.48565 55.19514 0.9387 2.434e+13 2.445e+13
41 35 4.2253e+12 271.41 156.92 373.101 94.638 44 30.84718 13.09648 6.48867 -321.64 42.94 244.93 3.275e+13 5.793e+12 -2.617e+12 0.07124 94.63819 5.1307e+12 4.5271e+12 2.4145e+12 3.0181e+11 0.0000e+00 30.15934 71.63 0.08078 0.14483 0.11572 -1.91761 -105.03027 202.70673 0.00000 0.00000 0.00000 0.00000 0.00000 0.3273 4.559e+12 4.225e+12
42 37 1.1257e+14 804.15 829.96 1114.347 387.825 481 47.55043 27.92939 45.21409 114.35 -186.87 -102.85 -2.609e+15 -5.757e+14 2.026e+15 0.02783 307.26883 1.1257e+14 1.2072e+14 9.2051e+13 5.5533e+13 2.0825e+13 84.95816 26.57 0.03416 0.66401 0.61067 9.34877 151.17601 69.97310 0.65184 0.56262 21.91290 116.94315 27.38318 0.6290 1.019e+14 1.349e+14
43 40 1.6298e+13 459.40 484.25 585.125 86.550 112 71.32318 26.40739 5.72416 132.98 -471.45 78.16 -6.744e+13 1.046e+14 -2.074e+13 0.01884 86.54974 1.6298e+13 1.7203e+13 1.2072e+13 7.5452e+12 4.8289e+12 114.90460 0.00 0.03221 0.45370 0.39727 91.91620 29.43957 -76.85552 0.88191 0.57794 -12.41439 -2.83423 71.48510 0.8000 1.678e+13 8.752e+12
44 41 6.3681e+13 725.76 774.08 921.605 105.099 276 72.01253 29.01683 6.45592 -39.19 -748.27 180.57 -8.783e+14 8.623e+14 9.944e+13 0.02457 134.04817 6.3681e+13 6.5190e+13 6.0060e+13 4.2857e+13 8.4506e+12 118.07075 51.64 0.03252 0.69253 0.36367 126.05596 -68.89256 50.09378 0.65101 0.22391 -67.11719 102.04076 -3.27225 0.7136 6.520e+13 3.410e+13
45 42 2.2636e+13 467.67 466.90 652.837 196.824 175 66.79467 84.22969 46.46232 105.64 -44.58 -124.06 -1.590e+13 2.306e+14 -2.176e+14 0.03543 196.82373 2.2636e+13 2.4145e+13 1.7807e+13 9.3560e+12 5.4325e+12 114.98756 9.47 0.04686 0.81778 0.51711 49.51285 79.75284 76.82626 0.52007 0.27539 -27.19120 57.90223 56.95938 0.6466 2.373e+13 2.535e+13
46 43 9.9596e+12 400.00 274.32 496.541 63.982 99 66.01659 85.97001 45.35241 240.84 -116.73 117.86 1.028e+14 -9.444e+12 2.656e+12 0.06424 63.98197 9.9596e+12 1.0563e+13 9.0542e+12 6.6398e+12 0.0000e+00 44.31511 13.93 0.05992 0.35783 0.13585 65.78244 35.38521 126.87196 0.49193 0.09885 15.65565 -9.76152 92.67532 0.3415 1.362e+13 6.640e+12
47 44 1.2072e+12 174.37 71.63 245.737 86.357 56 66.29252 86.13604 50.14391 12.60 -89.21 -329.29 -3.715e+12 1.615e+12 -8.564e+11 0.13522 86.35736 1.2072e+12 1.5090e+12 3.0181e+11 3.0181e+11 0.0000e+00 68.25961 118.17 0.08089 0.30959 0.00000 12.01989 134.90057 26.91454 0.00000 0.00000 0.00000 0.00000 0.00000 6.9661 3.917e+12 2.113e+12
48 45 4.2253e+12 273.85 215.91 373.101 87.155 54 65.63275 86.76717 52.90934 220.83 -3.19 -264.97 3.855e+13 2.900e+13 6.177e+12 0.08527 87.15533 4.5271e+12 4.5271e+12 3.3199e+12 3.0181e+11 0.0000e+00 37.07595 0.00 0.11776 0.60584 0.05415 53.44509 14.08344 72.10651 0.00000 0.00000 0.00000 0.00000 0.00000 0.5394 6.016e+12 4.225e+12
49 46 6.3681e+13 649.91 671.40 921.605 524.632 223 96.70103 23.26875 51.63562 -60.24 -140.18 404.32 -1.698e+15 5.937e+14 5.799e+14 0.03646 394.18155 6.3681e+13 7.3943e+13 4.9496e+13 2.5050e+13 7.2434e+12 75.48740 61.55 0.04976 0.90516 0.70756 64.17122 51.05477 124.86736 0.79362 0.66547 94.11362 -2.70763 17.07361 0.6728 6.388e+13 9.809e+13
50 47 2.2937e+13 488.67 460.00 655.725 135.491 115 97.03682 23.35213 52.60464 -147.53 -0.58 -284.88 1.099e+14 -1.774e+14 5.183e+14 0.06613 135.49124 2.2937e+13 2.5955e+13 1.8108e+13 1.1469e+13 3.3199e+12 57.03722 10.02 0.08069 0.73321 0.36776 -61.42739 26.43723 113.95037 0.36650 0.22914 -21.03737 58.09480 103.77711 0.6002 2.330e+13 1.841e+13
51 48 6.3380e+13 672.92 642.91 920.147 269.867 297 99.24277 22.44126 75.89285 -26.86 62.36 -16.56 8.938e+14 4.963e+14 -8.472e+14 0.03141 221.99245 6.3380e+13 6.6699e+13 5.4024e+13 3.1992e+13 1.1167e+13 57.80759 50.33 0.03524 0.81009 0.48624 50.71203 -75.73683 102.75428 0.61123 0.49016 -37.65705 60.98378 -65.37886 0.5534 5.686e+13 6.942e+13
52 50 6.8812e+13 686.87 732.95 945.719 226.162 304 34.99236 7.89110 40.94099 192.00 465.68 17.67 3.287e+13 3.262e+14 -2.837e+14 0.00808 243.64554 6.8812e+13 7.1227e+13 5.7947e+13 3.5915e+13 1.3581e+13 87.10857 70.01 0.01003 0.60305 0.43196 -63.78692 106.10217 -64.38432 0.54089 0.38225 60.64589 -42.89952 63.26382 0.6508 6.243e+13 6.610e+13
53 51 3.4104e+13 563.54 561.51 748.417 240.943 171 4.36709 6.59638 77.02827 -57.28 51.46 459.80 -4.918e+14 3.476e+14 2.824e+14 0.04034 143.52690 3.4104e+13 3.6217e+13 2.6559e+13 1.6298e+13 8.7524e+12 61.32690 14.59 0.04960 0.73324 0.69659 55.19498 -57.49167 92.03440 0.77689 0.61385 -35.04511 -28.48858 72.79726 0.6352 3.088e+13 3.923e+13
54 52 3.2293e+13 527.25 512.34 734.929 278.290 146 4.50054 5.95239 78.05836 -40.08 500.05 69.66 -3.503e+14 -4.703e+14 3.351e+14 0.04662 217.38759 3.2293e+13 3.7726e+13 2.2937e+13 1.4789e+13 7.2434e+12 48.81136 5.17 0.05515 0.67644 0.50505 36.59278 -39.85685 116.27071 0.64646 0.47258 27.24426 -5.25157 92.60165 0.5794 4.439e+13 5.161e+13
55 63 5.9456e+13 720.09 714.56 900.754 173.393 320 64.79216 5.08111 71.30070 -60.49 78.11 -132.83 -5.285e+14 -7.084e+14 5.510e+14 0.02640 120.78307 5.9456e+13 6.7907e+13 5.0704e+13 3.5311e+13 1.7505e+13 17.69809 24.31 0.03075 0.57497 0.47000 63.58445 108.98642 16.92805 0.65645 0.50298 53.08971 77.33603 -5.67002 0.6343 5.683e+13 4.799e+13
56 58 7.3641e+13 698.47 698.16 967.343 287.534 318 43.02111 40.80506 80.95287 156.05 -263.27 -272.82 -2.731e+14 -1.699e+14 -3.502e+14 0.00815 265.05246 7.3641e+13 8.0583e+13 6.3380e+13 3.6519e+13 7.2434e+12 31.88438 36.00 0.00983 0.46410 0.38221 -40.66651 113.65866 125.55928 0.46246 0.32212 -31.12720 79.58749 91.55792 0.6056 6.743e+13 8.511e+13
57 55 3.9235e+12 281.53 233.00 363.998 58.737 30 43.45748 83.18552 45.28124 201.13 624.05 153.80 9.301e+12 2.043e+13 -3.710e+13 0.09262 58.73668 4.5271e+12 5.4325e+12 3.6217e+12 1.8108e+12 0.0000e+00 37.88303 51.42 0.11881 0.63643 0.50966 139.14381 -14.19704 58.76921 0.22830 0.02599 98.10653 -2.24214 28.59034 0.5749 5.145e+12 2.414e+12
58 56 7.5452e+12 359.68 293.67 452.652 62.684 57 43.27193 84.26067 45.64564 155.56 560.83 66.39 -2.109e+13 -2.189e+13 1.978e+13 0.03113 62.68413 7.8470e+12 7.8470e+12 7.2434e+12 4.2253e+12 1.8108e+12 78.63122 14.92 0.03341 0.71766 0.60552 38.26457 79.73422 22.50974 0.83748 0.32490 68.12045 23.60354 3.04539 0.4928 1.022e+13 4.225e+12
59 57 5.2213e+13 626.62 638.08 862.580 246.563 228 43.21866 85.56517 45.54390 243.31 -44.14 -3.24 3.856e+14 -1.007e+15 -1.888e+14 0.03144 221.75702 5.2213e+13 5.6740e+13 4.3460e+13 2.4748e+13 5.1307e+12 70.45537 54.28 0.04014 0.54199 0.28582 159.29178 -27.12843 27.83146 0.50240 0.29380 111.01295 -13.68203 29.21742 0.6433 4.770e+13 5.765e+13
60 62 2.7163e+12 228.76 243.89 322.007 110.630 30 3.10046 19.59443 52.03775 -526.44 23.11 -28.53 4.406e+13 3.625e+13 5.005e+13 0.21320 110.63005 2.7163e+12 3.6217e+12 3.0181e+11 0.0000e+00 0.0000e+00 109.15826 72.25 0.38382 0.07158 0.00000 217.99451 -70.73365 -116.99148 0.00000 0.00000 0.00000 0.00000 0.00000 1.3668 3.388e+12 4.225e+12
61 61 4.4366e+13 583.29 573.43 817.002 544.587 208 1.24306 19.67589 52.82766 -245.11 294.73 -135.03 6.111e+13 -4.882e+14 7.798e+14 0.03667 258.42609 4.4366e+13 4.5875e+13 3.5311e+13 1.5694e+13 8.1488e+12 55.29264 41.62 0.04435 0.64834 0.27800 -59.38977 116.92075 58.57462 0.41698 0.26929 0.18081 92.96706 -30.22573 0.5925 4.037e+13 7.545e+13
62 79 4.7987e+13 622.67 602.41 838.655 221.876 276 89.72964 34.50684 65.74986 -38.94 -224.31 -230.04 -4.201e+14 -3.081e+13 -1.203e+14 0.01677 178.30251 4.7987e+13 5.0704e+13 4.0744e+13 2.6257e+13 1.0261e+13 49.13873 15.25 0.01849 0.80721 0.49581 31.47426 101.03018 -79.08655 0.61560 0.56367 -16.69547 -30.15497 91.50961 0.5570 4.316e+13 4.980e+13
63 38 5.3420e+13 642.63 716.31 869.178 143.803 261 91.31821 22.17590 0.81970 -238.53 -450.57 -100.54 3.608e+14 2.235e+14 2.638e+14 0.01073 191.01555 5.3420e+13 5.8249e+13 4.0442e+13 2.9275e+13 6.6398e+12 164.37682 52.53 0.01764 0.45089 0.26134 -78.65157 134.90091 49.66956 0.38996 0.15566 -66.49448 83.90500 18.40907 0.7896 5.246e+13 3.742e+13
64 64 7.6055e+13 719.22 739.57 977.802 241.746 294 39.55472 23.40075 59.70436 135.98 294.63 -262.68 4.951e+14 -7.503e+14 -9.149e+13 0.01431 224.25259 7.6055e+13 7.9375e+13 6.7907e+13 4.1649e+13 9.6578e+12 48.18021 57.47 0.01770 0.54733 0.40847 -16.44632 -7.75937 164.40492 0.41469 0.25075 32.86198 35.80732 89.08218 0.6401 7.051e+13 7.575e+13
65 60 1.9014e+13 532.79 614.58 615.977 56.844 63 53.74525 55.45294 37.09927 458.43 -844.25 -127.22 1.957e+14 1.448e+14 -8.783e+13 0.02479 56.84395 2.1428e+13 1.9316e+13 1.6901e+13 1.2978e+13 6.3380e+12 97.43492 31.63 0.05109 0.82916 0.66504 -51.12460 51.32350 54.34774 0.56956 0.41870 -6.43399 36.37190 60.87511 0.8932 1.972e+13 8.149e+12
66 60 7.3339e+13 794.68 896.08 966.020 99.791 213 53.52456 55.71676 37.04084 110.48 -143.64 71.44 7.238e+14 3.188e+14 -9.699e+14 0.01547 112.12477 7.3339e+13 7.3943e+13 7.0321e+13 5.7947e+13 1.3883e+13 159.55341 130.89 0.02604 0.62009 0.42647 -62.54136 148.65065 -66.86564 0.37754 0.21993 -94.26225 127.66579 -42.75930 0.8323 8.274e+13 3.652e+13
67 70 5.1307e+12 287.72 188.63 398.046 107.763 55 26.92751 29.13368 63.22485 677.18 -247.97 18.46 1.251e+13 3.556e+12 1.432e+13 0.03047 107.76334 5.1307e+12 5.4325e+12 3.9235e+12 2.4145e+12 0.0000e+00 34.13865 19.52 0.03389 0.60922 0.09386 124.24052 26.78868 84.46019 0.50621 0.09850 103.88107 52.86042 73.75053 0.3489 7.424e+12 5.433e+12
68 68 3.8028e+13 547.94 572.26 776.082 755.392 236 28.34163 28.76764 63.38099 -49.18 39.32 -189.48 8.267e+14 9.031e+14 7.708e+14 0.03805 312.45676 3.8028e+13 4.5573e+13 1.3581e+13 6.6398e+12 0.0000e+00 239.24901 36.52 0.08996 0.29708 0.04839 187.87286 -54.21925 15.10469 0.09237 0.00523 97.42470 -31.03464 47.66661 0.8649 4.461e+13 8.330e+13
69 -1 9.0542e+11 160.75 45.69 223.267 63.184 35 69.21852 77.56236 47.88671 4.51 -38.86 -14.28 1.133e+12 -1.047e+12 4.345e+11 0.01835 63.18404 9.0542e+11 9.0542e+11 3.0181e+11 3.0181e+11 0.0000e+00 73.91920 71.88 0.05057 0.00000 0.00000 0.00000 0.00000 0.00000 0.00000 0.00000 0.00000 0.00000 0.00000 1.5096 5.878e+12 9.054e+11
70 71 5.7343e+12 293.11 249.85 413.081 145.292 184 69.91785 71.39879 48.71761 -76.16 -22.85 239.55 -3.271e+13 -4.862e+12 -8.815e+11 0.02494 145.29213 6.0361e+12 6.3380e+12 1.5090e+12 6.0361e+11 0.0000e+00 50.38167 55.85 0.04816 0.36503 0.02584 82.50668 43.06216 130.02669 0.00000 0.00000 0.00000 0.00000 0.00000 0.7417 1.098e+13 1.026e+13
71 65 3.1388e+13 557.34 560.23 727.995 217.380 137 43.43718 30.18929 74.63940 288.36 33.80 -300.03 -1.598e+14 4.759e+14 -3.622e+14 0.04374 125.08488 3.1388e+13 3.2595e+13 2.8370e+13 1.7807e+13 8.7524e+12 80.50543 10.99 0.05300 0.67982 0.35013 -77.89133 -18.77788 96.90874 0.54928 0.29899 -62.66712 -24.03316 72.51255 0.6434 2.945e+13 3.350e+13
72 67 1.1469e+13 382.50 341.22 520.450 120.223 46 44.91572 30.35694 73.82783 119.07 -84.24 -9.99 -1.721e+14 1.221e+14 2.013e+12 0.08035 120.22297 1.1469e+13 1.2072e+13 9.3560e+12 4.5271e+12 2.1127e+12 74.12698 16.28 0.09674 0.66154 0.33842 -44.50396 70.74422 -80.11583 0.89209 0.42539 53.25150 -10.20020 47.51094 0.5554 1.095e+13 1.117e+13
73 66 1.9617e+13 541.96 469.91 622.427 55.817 96 46.00126 30.33023 73.22434 -199.93 -57.38 -107.38 1.394e+14 -7.152e+13 -1.701e+13 0.02616 55.81704 1.9617e+13 2.0523e+13 1.8108e+13 8.7524e+12 6.3380e+12 24.76831 0.00 0.02954 0.85315 0.72225 66.61903 24.62916 59.81424 0.92247 0.59999 23.43373 32.34306 44.50483 0.5930 1.964e+13 7.243e+12
74 73 3.4406e+13 600.22 565.22 750.618 184.674 228 34.78307 14.60854 42.70114 588.04 236.04 -178.38 -3.572e+13 2.362e+14 3.367e+14 0.02622 100.51407 3.4406e+13 3.6519e+13 3.0181e+13 1.8712e+13 6.3380e+12 56.53909 7.12 0.03033 0.70916 0.36024 -102.80737 68.33670 75.43774 0.71390 0.30840 -83.47275 54.32076 62.25253 0.6072 3.381e+13 3.380e+13
75 74 3.9235e+12 282.92 232.07 363.998 57.055 50 36.43562 15.72814 42.36128 412.65 -42.93 -509.85 3.708e+13 -4.692e+13 -2.012e+12 0.12504 57.05450 3.9235e+12 4.2253e+12 3.3199e+12 2.1127e+12 0.0000e+00 59.44878 45.60 0.16395 0.81397 0.24975 -64.45664 -25.66560 75.86754 0.95602 0.26209 65.11374 -15.81820 28.37910 0.5781 9.233e+12 2.716e+12
76 76 5.4024e+13 676.56 678.00 872.439 215.284 273 86.23164 14.39973 0.45694 -80.12 54.53 138.43 -5.864e+14 -2.073e+14 -8.504e+14 0.03087 138.59705 5.4024e+13 5.6438e+13 4.6478e+13 3.0784e+13 1.5996e+13 62.73402 37.25 0.03649 0.57722 0.25527 131.97229 -5.62232 -48.15552 0.65794 0.27307 95.66011 22.36308 -38.21003 0.6309 4.910e+13 5.402e+13
77 72 6.1569e+13 687.65 670.11 911.299 198.079 268 65.40601 64.33292 39.85172 -63.86 31.40 225.25 -5.180e+14 -8.535e+14 7.190e+14 0.03187 172.20419 6.1569e+13 6.5492e+13 5.3118e+13 3.7122e+13 1.5090e+13 50.98625 45.16 0.03427 0.80074 0.56701 92.75667 45.74197 80.15886 0.52723 0.35352 86.91045 30.47663 46.29566 0.5581 5.621e+13 5.523e+13
78 75 5.5834e+13 640.54 667.36 882.080 313.570 259 66.45732 96.40607 66.06725 -78.63 334.23 -223.18 3.386e+14 5.604e+14 -7.034e+14 0.02550 227.63028 5.5834e+13 5.9456e+13 4.7384e+13 2.6559e+13 1.0865e+13 95.48273 48.16 0.03151 0.81272 0.35263 -41.67575 114.70952 46.33190 0.91576 0.36546 -56.75449 66.55440 22.09640 0.6380 5.063e+13 6.911e+13
79 77 5.6740e+13 627.13 686.57 886.822 412.021 252 39.20978 5.39461 5.82098 -80.20 337.97 111.58 4.922e+14 -1.450e+15 1.512e+15 0.04756 338.27377 5.6740e+13 6.2172e+13 4.1649e+13 2.5654e+13 6.0361e+12 236.58620 80.13 0.06870 0.38537 0.23979 -97.91897 29.50265 127.81996 0.64523 0.38701 -68.66239 -3.02786 71.73018 0.7164 5.274e+13 7.394e+13
80 78 4.3460e+13 597.32 567.49 811.406 213.893 238 37.46967 11.06646 9.14839 -175.82 309.71 -85.93 8.525e+14 -4.240e+14 2.555e+14 0.04252 184.80199 4.3460e+13 4.4969e+13 3.5010e+13 2.4748e+13 4.8289e+12 58.48145 45.00 0.04907 0.62686 0.33372 143.54323 -6.20524 -51.32859 0.42433 0.15986 113.80055 -9.21086 -35.85770 0.5709 3.930e+13 4.406e+13
81 80 6.0663e+13 681.84 680.02 906.810 173.134 234 79.26074 85.97463 5.40338 -127.11 186.56 240.27 1.445e+14 -1.160e+14 7.898e+13 0.00505 175.63972 6.0663e+13 6.2776e+13 5.3118e+13 3.1690e+13 1.4487e+13 63.54383 52.74 0.00575 0.78235 0.45397 99.11855 -9.93271 -84.91826 0.70112 0.46654 72.84666 5.44151 -59.00118 0.5948 5.763e+13 5.161e+13
82 88 4.3762e+13 593.94 611.35 813.280 218.005 192 69.45181 37.67662 55.43602 -32.22 -319.65 -10.67 -4.793e+14 9.800e+14 -6.003e+13 0.04398 198.74181 4.3762e+13 4.7686e+13 3.4406e+13 2.2636e+13 8.1488e+12 83.20951 52.42 0.05376 0.49077 0.36214 57.28041 102.24879 -67.25562 0.42345 0.34186 45.16119 81.69543 -51.12327 0.6287 4.180e+13 4.648e+13
83 81 1.6298e+13 466.98 433.42 585.125 79.158 121 66.79691 25.59387 15.45989 112.97 -103.03 -148.37 -5.847e+13 -6.471e+13 -2.004e+13 0.01845 79.15849 1.6298e+13 1.8410e+13 1.2978e+13 9.0542e+12 0.0000e+00 96.82442 0.00 0.02284 0.64528 0.36232 -41.22224 51.09907 101.62727 0.38108 0.14911 -39.00683 32.67679 71.76735 0.6291 1.776e+13 9.054e+12
84 93 6.3380e+12 301.91 330.71 427.094 164.827 140 26.85354 11.46482 42.28398 449.20 -8.17 -57.02 1.079e+14 2.857e+13 9.064e+13 0.09196 164.82710 6.3380e+12 1.2676e+13 0.0000e+00 0.0000e+00 0.0000e+00 143.36108 78.37 0.17711 0.26404 0.00000 255.11105 -42.10049 113.81846 0.00000 0.00000 0.00000 0.00000 0.00000 1.2707 1.629e+13 1.479e+13
85 95 2.4145e+12 249.66 130.47 309.609 39.692 48 29.18851 11.45133 41.84736 329.79 323.44 -193.62 -1.610e+12 -6.136e+12 -1.733e+12 0.03860 39.69177 2.4145e+12 2.7163e+12 2.1127e+12 1.8108e+12 0.0000e+00 65.95209 0.00 0.04047 0.10006 0.03591 -31.44566 60.25879 -21.56769 0.11555 0.00000 -15.40395 40.39680 -14.43070 0.2704 5.446e+12 1.207e+12
86 84 4.9195e+13 606.83 603.50 845.629 333.586 227 52.79772 43.84230 44.54604 7.29 -274.04 71.45 -4.175e+14 2.621e+14 -3.056e+14 0.01850 249.28299 4.9195e+13 5.1307e+13 3.9537e+13 2.1428e+13 4.8289e+12 80.82834 47.09 0.02348 0.47247 0.29143 -33.64011 -32.88839 151.21562 0.23769 0.14145 0.87365 -41.09400 103.24200 0.6261 4.437e+13 6.278e+13
87 53 3.9235e+12 384.91 268.99 363.998 15.697 27 66.95950 24.62334 89.62984 533.11 -100.93 -279.90 -8.958e+12 -1.216e+13 -2.784e+13 0.09219 15.69744 4.2253e+12 4.2253e+12 3.3199e+12 3.3199e+12 2.4145e+12 27.36345 39.02 0.08677 0.45829 0.11906 -10.07079 78.62685 36.45723 0.40527 0.08793 -13.76884 80.00781 36.04671 0.4665 6.690e+12 3.018e+11
88 53 4.8893e+13 616.11 637.71 843.896 243.675 193 67.11791 24.26911 89.70756 271.21 -198.13 32.67 -1.433e+15 5.766e+14 -4.829e+14 0.05265 206.78641 4.9195e+13 5.3118e+13 4.1649e+13 2.5352e+13 9.3560e+12 128.40114 54.98 0.06618 0.77656 0.60888 88.80400 -88.18751 53.72556 0.78469 0.54402 -25.85922 66.82899 -58.58875 0.6479 4.429e+13 5.402e+13
89 92 3.3802e+13 599.09 582.69 746.203 130.264 197 66.53086 93.36542 27.47046 194.51 325.42 47.13 -1.593e+14 -3.137e+14 -4.071e+14 0.03457 97.84920 3.3802e+13 3.5311e+13 2.8974e+13 2.0825e+13 1.0865e+13 34.24104 16.34 0.04072 0.55053 0.45499 -73.20979 -31.51353 82.35992 0.59853 0.48330 68.91794 17.51604 -52.23633 0.6397 3.372e+13 2.505e+13
90 87 3.6519e+13 558.55 546.21 765.677 240.719 214 78.39577 24.87121 79.24586 -200.90 -214.58 -32.05 -2.274e+14 -2.719e+14 4.217e+12 0.02050 189.07298 3.6519e+13 3.9537e+13 2.7766e+13 1.7807e+13 6.6398e+12 59.34177 11.19 0.02358 0.54289 0.33995 106.69273 -57.87205 -80.05008 0.67476 0.39504 82.07817 -35.30897 -54.18320 0.5728 3.325e+13 4.316e+13
91 89 3.2293e+13 542.83 542.98 734.929 219.485 193 86.88903 50.60410 69.69044 -169.78 -458.97 -245.59 3.482e+14 1.255e+14 -2.734e+14 0.03089 162.82877 3.2293e+13 3.5311e+13 2.5654e+13 1.7807e+13 5.7343e+12 48.46960 10.04 0.03758 0.66676 0.49221 -42.23749 -79.16438 89.99216 0.62499 0.47066 -57.52489 -32.02327 68.68267 0.6187 2.994e+13 3.712e+13
92 82 3.2293e+13 554.18 558.71 734.929 303.980 143 77.91546 74.04870 55.53892 -467.20 -190.08 -306.08 -2.088e+14 -8.423e+12 -1.925e+14 0.01913 139.54832 3.2293e+13 3.2897e+13 2.7464e+13 1.5996e+13 8.1488e+12 76.67292 10.12 0.02320 0.52355 0.49106 121.85004 26.87186 -3.15726 0.64726 0.60125 76.23343 27.50254 28.67092 0.6313 3.009e+13 4.135e+13
93 83 5.1307e+12 295.36 255.20 398.046 85.016 63 80.07790 73.54265 55.03989 -642.91 -115.66 58.28 1.109e+13 5.248e+12 4.873e+12 0.01646 85.01601 5.1307e+12 5.1307e+12 4.8289e+12 1.5090e+12 0.0000e+00 8.56881 56.21 0.02313 0.17722 0.08566 -68.29274 43.56255 102.06635 0.06878 0.00000 -44.58011 31.39523 99.08493 0.6197 4.963e+12 4.829e+12
94 99 2.0523e+13 478.87 552.87 631.859 115.939 206 71.58834 23.08503 4.22252 152.66 -440.19 -73.95 -1.306e+14 -1.575e+14 -8.370e+13 0.02211 115.93941 2.0825e+13 2.4446e+13 1.9014e+13 1.1770e+13 3.9235e+12 48.70339 18.98 0.03843 0.66757 0.37266 -64.51100 -61.55952 96.90891 0.86697 0.42824 -57.14455 -17.28201 70.63702 0.8203 2.755e+13 1.539e+13
95 98 3.9235e+13 627.97 612.55 784.209 177.990 201 39.32629 83.95284 96.28975 246.21 204.58 93.11 -4.101e+14 4.791e+13 9.842e+13 0.02137 104.23138 3.9235e+13 4.4969e+13 3.1690e+13 2.2334e+13 1.2072e+13 47.05003 12.80 0.02505 0.72391 0.53132 33.14697 103.89449 29.61318 0.67596 0.52499 23.06225 83.13612 -4.04737 0.6314 3.830e+13 3.471e+13
96 101 3.8330e+13 587.23 588.17 778.130 193.731 182 52.58133 52.40901 38.82197 278.44 -68.94 -164.09 -3.708e+14 -7.411e+14 -6.267e+14 0.05013 146.92601 3.8631e+13 4.0744e+13 3.1690e+13 2.2032e+13 5.1307e+12 55.50675 4.48 0.06376 0.74474 0.48957 116.55565 -71.90046 71.69909 0.76787 0.52184 52.17313 77.20601 -79.07287 0.6552 3.454e+13 3.803e+13
97 90 3.8631e+13 595.12 598.24 780.167 153.624 172 90.09280 92.00803 23.07198 -89.92 387.16 -17.25 2.339e+14 -3.269e+14 3.871e+14 0.02932 137.17873 3.8631e+13 4.0744e+13 3.3802e+13 2.3843e+13 8.7524e+12 113.00386 13.25 0.03380 0.75879 0.65602 -86.42684 6.93425 92.35673 0.79117 0.60854 74.76175 -0.85566 -59.03797 0.6111 3.665e+13 3.380e+13
98 91 3.0181e+12 266.82 261.49 333.517 44.547 26 90.29360 92.65371 24.40300 -159.06 169.30 -274.28 -1.085e+13 -3.138e+13 -9.792e+12 0.01405 44.54691 3.6217e+12 3.3199e+12 3.0181e+12 0.0000e+00 0.0000e+00 51.73318 0.00 0.14686 0.72070 0.31899 -85.81190 -20.71070 110.54202 0.00000 0.00000 0.00000 0.00000 0.00000 1.0079 3.344e+12 1.207e+12
99 97 3.2293e+13 608.09 612.46 734.929 55.113 155 47.06062 93.81728 76.35368 254.11 54.50 29.54 2.718e+14 -1.613e+14 -1.211e+14 0.02135 82.96005 3.2293e+13 3.4406e+13 2.7766e+13 2.0523e+13 8.1488e+12 32.24860 17.30 0.02764 0.89032 0.53513 -58.04744 -10.60454 94.85060 0.92863 0.56198 77.58897 -41.25224 -19.02891 0.7037 3.194e+13 1.087e+13
100 128 3.3199e+13 551.28 525.04 741.734 242.042 169 81.77998 29.65464 66.89617 -55.95 -78.69 -37.07 6.150e+14 -2.038e+14 9.725e+13 0.04648 156.43388 3.3199e+13 3.4708e+13 2.9275e+13 1.7505e+13 6.0361e+12 45.85787 14.83 0.05108 0.83935 0.72091 119.40011 47.50161 -19.34792 0.60607 0.50264 96.10440 31.38626 6.55504 0.5470 3.066e+13 3.893e+13
101 104 1.8410e+13 496.69 463.89 609.388 74.011 92 50.93646 63.60501 15.51019 167.30 -33.41 302.80 -1.216e+14 1.380e+14 4.350e+13 0.03782 74.01091 1.8410e+13 1.8712e+13 1.8410e+13 1.3280e+13 4.8289e+12 32.35096 0.00 0.03937 0.76854 0.53454 2.85117 -8.12121 105.74534 0.89143 0.64365 40.21760 12.30722 74.43427 0.5549 2.009e+13 1.147e+13
102 105 1.3883e+13 448.17 419.88 554.673 70.388 89 53.43221 65.94440 18.69055 141.80 -109.45 105.46 -3.550e+13 -8.682e+13 -3.821e+13 0.02953 70.38810 1.3883e+13 1.4789e+13 1.3280e+13 7.8470e+12 4.2253e+12 26.23862 0.00 0.03377 0.38711 0.24033 111.59172 -20.75668 -19.12961 0.43258 0.24068 87.11707 -8.00105 -13.80947 0.6033 1.399e+13 7.847e+12
103 109 2.6861e+13 507.33 464.39 691.163 161.373 180 67.37447 81.93861 46.95665 -6.01 122.78 -167.30 1.011e+13 -2.452e+14 2.944e+14 0.03683 161.37286 2.6861e+13 2.9275e+13 1.9617e+13 1.1770e+13 6.6398e+12 81.03627 0.00 0.04254 0.62636 0.32727 42.75754 113.00129 30.85165 0.58285 0.39851 26.73955 90.23640 16.60139 0.5526 2.683e+13 2.384e+13
104 124 9.0542e+12 399.43 358.11 481.014 53.377 96 76.22728 31.61463 61.84116 142.12 -155.20 -89.90 2.460e+12 8.785e+11 -9.974e+13 0.05814 53.37698 9.0542e+12 1.2072e+13 8.4506e+12 5.7343e+12 2.7163e+12 53.43708 0.00 0.06783 0.62328 0.33685 36.74331 13.36463 89.67012 0.41291 0.34316 27.75580 16.01361 82.55029 0.6013 1.183e+13 4.527e+12
105 125 9.0542e+11 167.71 105.51 223.267 43.551 56 77.91888 30.62807 63.35557 -22.31 2.03 -54.73 2.200e+12 -2.893e+11 2.348e+12 0.03836 43.55106 9.0542e+11 9.0542e+11 3.0181e+11 3.0181e+11 0.0000e+00 108.98863 19.66 0.10193 0.00000 0.00000 0.00000 0.00000 0.00000 0.00000 0.00000 0.00000 0.00000 0.00000 1.5247 5.219e+12 3.018e+11
106 -1 1.5090e+12 201.63 165.51 264.712 46.986 27 77.31384 30.24349 62.06780 12.17 309.44 44.77 -1.145e+13 2.761e+12 -9.279e+11 0.05709 46.98573 1.5090e+12 1.5090e+12 1.5090e+12 0.0000e+00 0.0000e+00 98.99992 0.00 0.15920 0.75720 0.22962 -7.81965 -92.69187 129.58525 0.00000 0.00000 0.00000 0.00000 0.00000 1.2204 3.584e+12 3.018e+11
107 113 2.8370e+13 556.08 557.58 703.871 100.582 178 99.01615 25.21675 71.27522 -353.85 38.19 61.43 -6.194e+13 1.371e+14 1.765e+14 0.01842 100.58250 2.8672e+13 2.9275e+13 2.4446e+13 1.5090e+13 7.8470e+12 79.29008 0.00 0.02350 0.64648 0.60788 75.99308 40.42662 -67.34012 0.50717 0.43898 75.15069 28.62649 -42.57567 0.6739 2.675e+13 1.630e+13
108 102 9.3560e+12 401.50 302.17 486.300 55.466 44 2.84346 0.25013 2.10676 -84.71 895.12 10.82 -3.446e+13 -4.401e+13 -5.213e+13 0.05137 55.46556 9.9596e+12 9.3560e+12 9.0542e+12 5.1307e+12 2.7163e+12 57.86914 19.42 0.04920 0.51552 0.29803 93.27364 -15.86398 23.58176 0.39187 0.07464 82.09364 -25.10589 27.77258 0.4090 9.532e+12 5.131e+12
109 103 1.8712e+13 500.40 477.12 612.700 73.674 134 2.60868 2.28460 0.89447 -108.96 496.81 -16.52 1.066e+14 -1.087e+14 -8.480e+12 0.02577 73.67352 1.8712e+13 2.2334e+13 1.5996e+13 1.1469e+13 6.0361e+12 27.08714 0.00 0.03091 0.73662 0.67768 1.73994 -48.49895 90.06557 0.84997 0.57603 -33.39009 -22.16108 70.93390 0.6371 2.391e+13 1.056e+13
110 100 9.3560e+12 352.38 310.99 486.300 128.273 145 91.04570 45.87004 58.02568 -352.75 -557.20 242.57 3.860e+13 -2.145e+13 -5.679e+13 0.03095 128.27310 9.3560e+12 1.1770e+13 6.3380e+12 6.0361e+11 0.0000e+00 102.44884 0.00 0.04630 0.38816 0.01074 -24.59332 70.62276 -49.12408 0.00000 0.00000 0.00000 0.00000 0.00000 0.6449 1.424e+13 9.960e+12
111 100 9.0542e+11 177.34 87.71 223.267 30.988 30 88.99719 47.38644 58.91396 -12.66 -539.48 -97.18 6.960e+11 6.987e+11 -1.045e+12 0.01700 30.98792 9.0542e+11 9.0542e+11 9.0542e+11 0.0000e+00 0.0000e+00 69.55109 0.00 0.04535 0.00000 0.00000 0.00000 0.00000 0.00000 0.00000 0.00000 0.00000 0.00000 0.00000 0.5417 2.342e+12 3.018e+11
112 106 2.8068e+13 527.77 528.30 701.367 135.111 174 57.52847 29.47164 29.47062 84.09 -115.07 646.99 1.224e+14 -1.187e+14 3.138e+14 0.02972 135.11084 2.8672e+13 2.9275e+13 2.5050e+13 1.6901e+13 3.0181e+12 107.05262 9.88 0.03684 0.66571 0.25936 102.89610 84.25782 -62.67975 0.83838 0.28396 56.45818 72.15293 -46.79863 0.6365 2.617e+13 2.294e+13
113 110 3.1388e+13 617.00 620.76 727.995 64.693 161 75.33994 30.03636 8.30972 -407.08 -472.18 -128.20 1.872e+14 8.700e+14 -1.319e+14 0.06428 73.51020 3.1388e+13 3.1992e+13 2.8370e+13 2.4446e+13 9.0542e+12 79.04565 3.83 0.07703 0.59689 0.43850 17.44321 2.05327 112.84808 0.31736 0.22285 24.27294 -5.75168 108.18255 0.6801 3.487e+13 1.509e+13
114 112 2.5955e+13 544.82 538.09 683.309 92.910 174 80.89555 15.92436 2.06128 -248.35 204.07 7.16 1.709e+14 9.817e+13 -1.285e+14 0.02197 92.91050 2.6257e+13 2.8068e+13 2.2032e+13 1.7203e+13 4.5271e+12 61.42243 12.49 0.02765 0.80175 0.48559 120.78987 21.07750 -63.28648 0.67592 0.23536 99.04049 43.85679 -34.39014 0.6633 2.580e+13 1.690e+13
115 126 2.5050e+13 495.86 492.81 675.269 157.108 173 90.08875 13.12202 99.69026 -166.18 406.41 221.10 5.069e+13 -2.194e+13 -6.042e+13 0.00895 157.10805 2.6559e+13 2.6257e+13 1.9014e+13 1.3883e+13 5.7343e+12 25.00465 30.77 0.01021 0.82543 0.40619 -76.56290 92.95663 4.52855 0.86385 0.51635 -12.02581 76.86684 33.50783 0.5760 2.372e+13 2.445e+13
116 108 3.4708e+13 553.93 544.85 752.806 187.541 172 61.76789 27.13996 87.07393 302.98 -299.07 128.51 -5.425e+14 -3.355e+14 -2.645e+14 0.04220 172.10738 3.4708e+13 3.6821e+13 3.0181e+13 1.8712e+13 6.9416e+12 93.32741 7.28 0.05000 0.92366 0.53435 96.79082 -47.20203 -86.01206 0.57985 0.31676 -22.26091 95.37212 -43.11597 0.5957 3.186e+13 3.441e+13
117 118 3.0483e+13 549.48 554.58 720.927 127.441 170 39.27110 51.94537 42.51558 312.12 -147.28 -51.62 -1.685e+14 -2.385e+14 1.342e+14 0.02401 127.44053 3.0483e+13 3.1992e+13 2.5352e+13 1.7203e+13 8.4506e+12 55.79837 0.00 0.02889 0.77679 0.56558 47.51433 -28.47666 97.93733 0.79007 0.58732 36.38514 11.38760 74.70242 0.6368 2.765e+13 2.264e+13
118 111 3.0483e+13 540.96 599.83 720.927 141.669 169 75.56606 4.17508 31.57872 -525.04 -92.85 -319.04 -1.105e+14 2.862e+14 3.181e+13 0.01888 141.66942 3.0784e+13 3.1388e+13 2.6257e+13 1.6298e+13 6.6398e+12 85.43120 11.89 0.02773 0.91990 0.68899 115.58878 -31.14974 17.35133 0.89390 0.44896 86.80450 8.13836 24.25500 0.7504 2.871e+13 2.565e+13
119 114 1.3883e+13 455.60 423.81 554.673 64.854 111 96.23048 96.85789 93.13329 110.48 583.56 399.89 1.369e+14 1.015e+14 -7.043e+13 0.05429 64.85390 1.3883e+13 1.4789e+13 1.2676e+13 8.4506e+12 4.5271e+12 48.90395 0.00 0.06149 0.43120 0.31504 62.46176 52.20639 46.23821 0.43591 0.41484 54.53835 47.51947 28.31903 0.5974 1.701e+13 8.149e+12
120 115 7.5452e+12 415.98 338.20 452.652 32.539 53 97.34917 98.39846 93.97338 25.20 374.17 288.40 3.117e+13 2.299e+13 2.279e+13 0.04129 32.53881 7.5452e+12 7.8470e+12 6.6398e+12 6.6398e+12 3.3199e+12 52.81097 0.00 0.04140 0.81003 0.72966 53.53012 51.06420 -30.48272 0.74082 0.71260 -30.46378 -45.66219 51.27127 0.5301 9.774e+12 3.320e+12
121 123 3.1388e+13 569.16 537.29 727.995 127.276 163 52.14896 39.98365 48.34564 121.13 -258.96 -92.90 -5.943e+14 9.919e+13 -3.578e+14 0.05548 110.30192 3.1388e+13 3.4406e+13 2.6559e+13 1.9919e+13 6.6398e+12 19.51536 7.96 0.06000 0.59767 0.41193 -38.41649 26.22809 122.15353 0.71015 0.48485 -23.89594 -1.82230 93.75179 0.5610 2.889e+13 2.354e+13
122 121 3.6217e+12 254.38 238.02 354.414 104.236 58 61.69097 9.55068 87.48418 191.84 112.28 162.23 6.931e+11 3.764e+13 -2.470e+13 0.06029 104.23553 3.6217e+12 4.2253e+12 1.8108e+12 9.0542e+11 0.0000e+00 128.69360 0.00 0.14097 0.22159 0.07967 94.99332 93.23623 211.44415 0.76660 0.25000 79.26747 28.09384 -49.05097 0.8259 8.036e+12 4.527e+12
123 122 1.4487e+13 452.18 411.58 562.598 73.352 101 62.63137 9.88087 89.04227 34.97 136.35 -86.02 -4.238e+13 -1.592e+14 6.167e+13 0.04678 73.35223 1.4487e+13 1.7203e+13 1.2374e+13 9.0542e+12 2.4145e+12 38.12398 6.17 0.05464 0.86543 0.49489 -31.69249 -4.22134 91.20928 0.63754 0.35504 7.15873 -43.81908 49.57078 0.5976 1.733e+13 8.451e+12
124 116 2.6559e+13 527.40 522.94 688.565 117.962 125 95.90427 29.14486 64.47410 -96.59 110.03 145.30 5.569e+13 -2.619e+14 -9.200e+13 0.02551 117.96208 2.6559e+13 2.7766e+13 2.1730e+13 1.3581e+13 6.0361e+12 75.60867 0.00 0.03202 0.44162 0.19684 43.09027 42.19212 109.24301 0.63849 0.34417 43.26305 32.16961 59.34854 0.6498 2.422e+13 1.901e+13
125 117 6.9416e+12 336.58 268.29 440.244 76.310 32 97.10081 31.74786 63.89500 -322.03 -109.24 174.11 3.395e+13 -1.821e+13 4.960e+13 0.05405 76.30988 6.9416e+12 6.9416e+12 6.0361e+12 2.4145e+12 0.0000e+00 29.39995 21.19 0.06649 0.77623 0.26063 52.41605 -16.35098 136.93542 0.77343 0.03166 88.46752 35.37283 -9.14132 0.5331 6.825e+12 5.433e+12
126 140 2.8672e+13 522.05 490.34 706.359 155.716 130 38.77875 26.68248 49.86287 485.26 -184.20 -136.21 -3.196e+14 4.469e+13 -2.000e+14 0.03461 155.71574 2.8672e+13 2.9275e+13 2.4145e+13 1.4487e+13 6.3380e+12 71.25447 0.00 0.03780 0.85840 0.79386 -12.86175 2.61100 114.71458 0.95955 0.57166 70.66733 44.58466 -0.26685 0.5386 2.617e+13 2.475e+13
127 130 3.2897e+13 597.28 622.48 739.480 111.995 130 42.81288 2.14934 23.57770 130.06 360.71 109.59 3.699e+12 1.021e+14 -1.077e+13 0.00662 94.00547 3.2897e+13 3.2897e+13 2.9577e+13 2.0825e+13 9.9596e+12 113.00552 8.47 0.00813 0.34027 0.27611 123.78745 16.46718 -54.01225 0.45992 0.30079 87.04135 26.16669 -35.48106 0.6854 3.118e+13 2.324e+13
128 -1 9.0542e+11 168.34 118.75 223.267 42.414 25 86.71034 48.27768 75.00696 -37.19 -239.02 -354.37 -4.853e+12 9.442e+11 3.406e+11 0.09029 42.41368 9.0542e+11 1.5090e+12 6.0361e+11 0.0000e+00 0.0000e+00 33.06289 118.75 0.15639 0.00000 0.00000 0.00000 0.00000 0.00000 0.00000 0.00000 0.00000 0.00000 0.00000 1.8736 2.510e+12 6.036e+11
129 163 9.0542e+11 159.31 43.16 223.267 71.212 86 86.32357 48.02628 77.89908 -62.87 -313.83 -282.86 2.235e+12 1.000e+12 2.881e+12 0.28836 71.21190 9.0542e+11 9.0542e+11 3.0181e+11 0.0000e+00 0.0000e+00 100.68266 119.00 0.11932 0.00000 0.00000 0.00000 0.00000 0.00000 0.00000 0.00000 0.00000 0.00000 0.00000 21.1249 6.292e+12 9.054e+11
130 238 3.3199e+12 243.15 238.91 344.283 136.938 34 85.74323 47.25248 81.21016 35.06 -216.26 -410.85 -2.985e+13 -2.375e+13 1.732e+13 0.07353 136.93811 3.3199e+12 3.9235e+12 0.0000e+00 0.0000e+00 0.0000e+00 82.75783 74.78 0.15162 0.39589 0.00000 126.86325 -144.44652 -111.02926 0.00000 0.00000 0.00000 0.00000 0.00000 1.2707 6.660e+12 6.942e+12
131 127 1.5090e+13 467.77 399.28 570.305 67.149 111 41.56349 21.55818 14.35080 -2.72 -269.21 156.65 6.785e+13 -7.920e+12 -2.441e+13 0.01935 67.14934 1.5090e+13 1.5090e+13 1.2072e+13 7.5452e+12 4.5271e+12 47.07958 0.00 0.02105 0.53829 0.35443 -33.54395 -29.54138 73.49195 0.64189 0.34408 -32.31566 -24.85133 50.95275 0.5339 1.588e+13 6.942e+12
132 131 1.3581e+13 420.53 408.58 550.624 96.069 85 25.14170 61.73877 36.16610 291.81 2.39 58.79 -3.593e+13 -1.330e+14 2.901e+13 0.03908 96.06944 1.3581e+13 1.4185e+13 1.2374e+13 6.9416e+12 3.9235e+12 87.49878 0.00 0.04870 0.72112 0.33454 98.14740 21.22154 -17.27993 0.48701 0.23901 89.22750 13.64912 -1.08446 0.6322 1.303e+13 9.960e+12
133 132 3.6217e+12 250.49 227.75 354.414 137.544 54 23.81998 64.44255 37.57133 368.66 -161.27 -146.60 -2.559e+13 6.901e+12 4.784e+12 0.03056 137.54366 3.6217e+12 5.4325e+12 1.5090e+12 9.0542e+11 0.0000e+00 41.72736 43.72 0.08432 0.88098 0.04916 -28.51087 16.55435 77.87000 0.13589 0.00000 -51.09151 -37.02477 68.86434 0.8644 6.666e+12 8.149e+12
134 133 1.3581e+13 389.04 319.16 550.624 215.803 135 95.20939 28.02822 70.19851 -15.33 -127.84 -196.92 8.676e+13 2.128e+14 1.393e+14 0.07275 215.80261 1.3581e+13 1.4487e+13 9.3560e+12 3.0181e+12 0.0000e+00 83.44245 18.62 0.09295 0.14237 0.02196 79.47739 -150.28738 152.17969 0.24521 0.13956 7.82055 73.94555 -68.41848 0.5481 1.710e+13 2.324e+13
135 138 2.4145e+13 494.15 459.73 667.033 144.301 134 22.87055 13.79365 29.76381 217.65 4.34 37.70 -2.006e+14 4.049e+14 2.642e+14 0.06096 144.30133 2.4145e+13 2.8370e+13 2.1428e+13 1.1469e+13 3.9235e+12 25.31814 0.00 0.06939 0.48039 0.23798 80.69846 42.96072 87.91307 0.50994 0.29911 42.78374 44.55187 57.68964 0.5544 2.360e+13 2.203e+13
136 107 2.7163e+12 227.35 113.09 322.007 129.494 133 32.72741 16.24535 11.29921 35.66 -129.32 -142.70 3.666e+12 1.382e+13 5.487e+12 0.06211 129.49374 2.7163e+12 5.1307e+12 1.2072e+12 0.0000e+00 0.0000e+00 39.11377 15.81 0.07744 0.45371 0.15333 -37.26046 57.39447 99.56086 0.00000 0.00000 0.00000 0.00000 0.00000 0.2931 8.864e+12 6.942e+12
137 152 2.1428e+13 558.82 492.09 641.018 57.187 110 21.41646 12.73282 44.34922 419.14 18.15 -135.79 1.013e+14 8.781e+13 -1.446e+13 0.01966 57.18750 2.1428e+13 2.2334e+13 1.9316e+13 1.1770e+13 7.5452e+12 21.10083 0.00 0.02181 0.80861 0.49663 74.84595 62.54959 20.45570 0.55799 0.40312 76.15749 8.48174 -13.35266 0.5920 2.062e+13 8.752e+12
138 134 2.6559e+13 538.13 530.84 688.565 104.549 130 86.91467 48.05644 70.71121 -23.45 -143.51 -240.06 1.141e+14 -3.115e+14 1.936e+14 0.03726 104.54861 2.6559e+13 2.6559e+13 2.4145e+13 1.7807e+13 5.1307e+12 30.20161 0.00 0.04345 0.62691 0.29402 -0.68497 123.98721 4.60404 0.44084 0.17247 -8.60712 103.35663 11.29024 0.6228 2.645e+13 1.901e+13
139 135 2.8672e+13 596.22 588.92 706.359 72.657 128 56.40986 55.10391 25.87374 34.84 -71.67 251.05 -2.053e+14 2.601e+14 4.332e+14 0.04299 72.65715 2.8672e+13 2.8974e+13 2.5654e+13 2.2334e+13 6.0361e+12 108.83896 0.00 0.05430 0.90551 0.53693 -6.65027 121.34808 9.30523 0.58893 0.43836 24.55744 112.21923 12.82748 0.6926 3.292e+13 1.358e+13
140 136 2.3843e+13 553.07 539.91 664.242 72.780 124 25.87327 57.97586 25.81569 234.74 -73.70 189.48 2.873e+14 -1.710e+14 6.310e+13 0.04174 72.77950 2.3843e+13 2.7464e+13 2.2334e+13 1.8108e+13 6.6398e+12 52.20120 0.00 0.04607 0.82107 0.54957 -49.53217 -45.62357 89.54696 0.95832 0.62991 -5.83232 -57.44842 71.37026 0.6189 2.700e+13 1.388e+13
141 145 1.1770e+13 483.02 419.71 524.975 37.561 72 71.79534 79.45504 17.48767 -208.85 221.21 103.42 8.494e+13 4.371e+13 -1.309e+13 0.04356 37.56119 1.1770e+13 1.2374e+13 1.1469e+13 9.0542e+12 5.4325e+12 42.79497 0.00 0.04233 0.60822 0.46229 27.58361 68.30614 42.26969 0.57379 0.44997 19.58999 57.81213 44.23665 0.5409 1.400e+13 5.433e+12
142 146 1.2374e+13 414.60 368.61 533.800 84.017 51 72.73662 81.04579 18.33745 -329.79 45.39 -81.69 -1.021e+14 -3.237e+13 6.803e+13 0.04652 84.01706 1.2374e+13 1.2978e+13 1.2072e+13 6.9416e+12 0.0000e+00 67.43094 0.00 0.05126 0.71104 0.28993 -57.70151 89.69351 -22.34650 0.40014 0.00800 -52.20621 77.03439 -38.68722 0.5304 1.327e+13 8.451e+12
143 139 2.6559e+13 494.55 509.56 688.565 200.749 123 30.35205 23.71916 15.48752 277.53 -470.66 44.67 -2.706e+14 -2.901e+13 3.477e+13 0.02365 200.74942 2.6559e+13 2.8370e+13 2.2032e+13 1.1770e+13 4.5271e+12 101.41727 0.00 0.03103 0.72437 0.27965 124.53590 -50.63363 -29.07610 0.49169 0.10092 70.48753 -44.70382 -71.59502 0.6574 2.447e+13 2.897e+13
144 141 2.8672e+13 506.94 476.95 706.359 207.928 122 58.41801 0.52105 67.24797 302.04 40.51 -55.27 2.358e+14 1.116e+14 -1.407e+13 0.02140 207.92764 2.8672e+13 2.9577e+13 2.3239e+13 1.1469e+13 3.3199e+12 117.42450 4.76 0.02601 0.81554 0.31708 -63.98206 -20.86602 122.68197 0.81797 0.28411 -2.50499 53.82814 75.97924 0.5764 2.570e+13 3.078e+13
145 147 2.3843e+13 542.40 487.80 664.242 79.942 120 4.56192 12.12105 9.69731 -187.07 -189.14 -314.39 1.666e+14 1.078e+13 1.401e+14 0.02857 79.94229 2.3843e+13 2.5352e+13 2.2636e+13 1.4185e+13 6.3380e+12 54.33521 0.00 0.02950 0.85055 0.67462 81.04742 -1.21450 72.34013 0.88281 0.81486 30.64122 -1.32998 76.16949 0.5355 2.349e+13 1.358e+13
146 120 2.1428e+13 514.72 452.63 641.018 83.990 118 53.55744 38.42743 52.45751 -196.17 40.00 -89.73 1.954e+13 -3.853e+13 -8.056e+13 0.01361 83.99042 2.1428e+13 2.2334e+13 1.5090e+13 1.1770e+13 6.9416e+12 44.99650 6.66 0.01479 0.49506 0.45710 67.21015 41.18651 69.78429 0.45708 0.36667 44.57076 39.29807 67.88776 0.5435 1.984e+13 1.177e+13
147 155 1.6901e+13 470.77 421.16 592.261 81.871 116 21.78991 1.20457 36.29251 176.79 440.52 44.91 -3.595e+13 -1.375e+14 4.568e+13 0.03053 81.87086 1.6901e+13 1.7807e+13 1.2676e+13 1.0563e+13 3.0181e+12 20.75447 0.00 0.03585 0.73588 0.60999 60.81597 94.36608 32.41023 0.65957 0.22086 7.52771 97.15016 54.83351 0.5936 1.542e+13 1.056e+13
148 148 2.5654e+13 501.25 509.40 680.650 154.543 115 42.04641 28.88458 50.62103 280.31 -293.83 -234.28 -5.567e+14 -1.400e+14 4.491e+14 0.06965 154.54289 2.5654e+13 2.7464e+13 2.2334e+13 1.2676e+13 3.6217e+12 71.41987 0.00 0.08735 0.75552 0.54193 -49.71447 111.83704 -13.22378 0.61585 0.28575 72.23029 14.60839 -54.08018 0.6435 2.386e+13 2.384e+13
149 150 2.5955e+13 521.23 518.72 683.309 120.156 114 78.60889 10.45931 62.31236 -123.29 196.41 -17.11 4.296e+13 1.120e+14 6.943e+13 0.01354 120.15621 2.5955e+13 2.7766e+13 2.2032e+13 1.4789e+13 6.9416e+12 40.53836 6.35 0.01629 0.64084 0.42321 81.88055 -68.24045 -15.37254 0.84863 0.41364 73.67879 -21.18591 -18.27679 0.6307 2.337e+13 1.932e+13
150 151 1.6599e+13 451.65 411.45 588.715 99.840 113 84.88775 71.68340 10.39032 -303.97 219.77 98.79 6.878e+12 1.688e+13 -7.728e+13 0.01772 99.84005 1.6599e+13 1.8410e+13 1.2978e+13 9.9596e+12 3.6217e+12 49.63224 0.00 0.01966 0.73612 0.45062 -16.26480 -71.93999 72.71532 0.90579 0.58537 -50.25222 -43.13069 36.97028 0.5499 1.767e+13 1.207e+13
151 39 1.9014e+13 513.99 453.89 615.977 66.812 109 93.71117 21.03737 1.19546 -570.14 -306.79 -73.89 -5.538e+13 3.941e+13 -6.453e+13 0.01690 66.81215 1.9014e+13 2.1127e+13 1.5694e+13 1.1770e+13 6.0361e+12 54.65024 0.00 0.01850 0.52401 0.37915 -4.66328 74.60943 -57.64517 0.42103 0.34128 11.42596 58.23005 -44.73023 0.5653 1.925e+13 9.658e+12
152 137 2.1428e+13 513.99 493.48 641.018 84.613 108 62.21150 75.99465 31.83484 -64.50 139.71 56.77 1.537e+14 7.240e+12 1.344e+14 0.02901 84.61284 2.1428e+13 2.3239e+13 2.0825e+13 1.5090e+13 5.7343e+12 36.23329 0.00 0.03305 0.77453 0.55710 -25.71140 77.90302 54.94971 0.79905 0.41050 -16.45033 65.74326 28.23527 0.6114 2.187e+13 1.418e+13
153 162 2.2032e+13 552.49 498.12 646.981 63.154 108 50.39975 53.79746 38.26042 685.11 -128.17 158.32 -1.362e+14 3.778e+13 -3.644e+13 0.02080 63.15400 2.2032e+13 2.2032e+13 2.0523e+13 1.3581e+13 6.9416e+12 75.18929 0.00 0.02254 0.66528 0.60868 -31.56973 99.16342 7.34823 0.60808 0.48639 -13.73028 78.60887 21.97964 0.5836 2.168e+13 1.026e+13
154 149 2.3239e+13 492.44 509.31 658.589 132.770 107 69.63501 25.74821 18.42458 -321.05 -38.36 -191.86 -1.068e+14 5.266e+13 1.314e+13 0.01319 132.76968 2.3239e+13 2.6861e+13 1.8410e+13 1.2676e+13 5.1307e+12 69.48242 0.00 0.01693 0.65260 0.41679 90.18882 -63.55804 -23.39896 0.99192 0.50389 46.00670 -29.94295 60.86782 0.6650 2.266e+13 1.841e+13
155 158 2.5352e+13 613.96 589.46 677.970 51.665 106 45.50068 86.31451 74.56808 252.87 325.91 43.53 1.607e+14 1.127e+14 -6.539e+13 0.02329 51.66481 2.5352e+13 2.6559e+13 2.4145e+13 2.2032e+13 6.3380e+12 56.90371 0.00 0.02528 0.81488 0.55335 -73.68570 3.87695 81.44367 0.86899 0.54592 71.15765 -5.95291 -68.81396 0.6395 3.356e+13 1.026e+13
156 157 2.2334e+13 518.00 544.97 649.922 88.551 104 26.37097 37.84704 29.27443 264.24 -253.72 56.64 -2.014e+13 -3.941e+13 -1.683e+14 0.01911 88.55145 2.2334e+13 2.2636e+13 2.0523e+13 1.5996e+13 5.7343e+12 134.33511 0.00 0.02627 0.36562 0.22828 -28.46991 133.97189 43.70236 0.41294 0.28982 -6.33134 107.68726 23.80178 0.7287 2.372e+13 1.449e+13
157 -1 2.1127e+12 224.73 297.22 296.131 53.851 102 96.68198 36.87362 62.86603 -538.85 -244.04 -173.03 -3.456e+13 8.780e+12 1.961e+13 0.29119 53.85143 2.1127e+12 2.1127e+12 2.1127e+12 0.0000e+00 0.0000e+00 30.60888 0.00 0.31283 0.68288 0.20342 -8.58699 -55.23132 151.24823 0.00000 0.00000 0.00000 0.00000 0.00000 2.0282 8.467e+12 9.054e+11
158 167 1.5694e+13 442.04 386.85 577.810 99.731 102 56.99916 48.15757 17.33736 -15.98 -208.90 272.84 6.935e+13 2.216e+13 5.656e+13 0.02392 99.73098 1.5694e+13 1.6599e+13 1.4487e+13 9.6578e+12 3.6217e+12 78.64661 0.00 0.02506 0.73454 0.66660 30.15352 -69.09026 74.38528 0.62421 0.51235 59.26583 37.54796 -29.25334 0.4900 1.541e+13 1.237e+13
159 156 2.0221e+13 501.03 467.85 628.747 85.750 86 23.97885 31.69523 54.49160 188.08 -130.98 -4.40 2.144e+14 9.270e+13 -8.516e+12 0.03767 85.74972 2.0221e+13 2.1127e+13 1.8108e+13 1.3883e+13 3.0181e+12 16.88500 0.00 0.04165 0.75362 0.49885 13.02948 -55.96419 104.75254 0.62477 0.32914 -4.91871 -51.66700 80.78503 0.5769 2.050e+13 1.358e+13
160 159 1.9014e+13 527.45 475.60 615.977 59.405 100 2.52454 11.90972 8.85629 -16.16 -144.07 -145.06 -1.075e+12 -8.189e+13 5.087e+12 0.01404 59.40484 1.9014e+13 2.0825e+13 1.7203e+13 1.2072e+13 5.7343e+12 34.09528 0.00 0.01620 0.88392 0.55774 70.26059 3.47866 63.97602 0.56728 0.49465 46.84703 21.79932 49.13357 0.6189 1.934e+13 7.545e+12
161 168 2.1127e+12 222.83 138.47 296.131 57.049 99 3.67948 98.38409 10.77892 -470.51 465.72 -123.12 1.950e+12 -5.783e+12 8.230e+12 0.05667 57.04857 2.1127e+12 2.1127e+12 1.8108e+12 0.0000e+00 0.0000e+00 103.26855 0.00 0.07876 0.60334 0.09602 -42.66221 91.88381 102.01339 0.00000 0.00000 0.00000 0.00000 0.00000 0.4489 3.291e+12 1.811e+12
162 165 1.4487e+13 490.30 448.12 562.598 50.260 99 31.70251 65.34457 13.90429 264.87 -50.63 -60.31 -8.117e+12 9.806e+12 -1.652e+13 0.00553 50.25984 1.4487e+13 1.4487e+13 1.3581e+13 9.6578e+12 4.8289e+12 71.39968 0.00 0.00648 0.36975 0.33275 -26.03531 -19.98940 92.84158 0.41219 0.27670 -15.22356 -12.63272 81.27897 0.6383 1.466e+13 6.640e+12
163 166 1.6599e+13 474.11 444.60 588.715 75.980 99 61.51816 41.01653 67.32694 -46.84 -250.51 -364.42 9.951e+13 -3.949e+13 -8.905e+13 0.03040 75.98024 1.6599e+13 1.6901e+13 1.4487e+13 1.0563e+13 4.8289e+12 18.43532 0.00 0.03447 0.75078 0.41204 -70.08408 -54.16216 52.74067 0.67734 0.45830 -7.80640 -29.59873 66.32677 0.5971 1.642e+13 9.658e+12
164 160 3.6217e+12 276.35 177.38 354.414 54.531 98 66.84236 79.35305 17.46019 117.82 18.59 84.56 2.924e+12 -1.730e+13 -1.832e+13 0.07105 54.53119 3.6217e+12 6.0361e+12 3.0181e+12 1.2072e+12 0.0000e+00 61.94638 27.78 0.07943 0.63078 0.00411 -67.57716 -77.32025 102.38277 0.46688 0.20001 14.15295 -69.95341 73.79767 0.3764 5.630e+12 2.113e+12
165 54 1.1167e+13 364.57 381.10 515.844 200.302 78 68.74924 23.03199 87.89477 -8.10 185.92 263.13 3.133e+13 7.028e+13 8.409e+13 0.02995 200.30222 1.1167e+13 1.1469e+13 7.8470e+12 3.3199e+12 0.0000e+00 69.55573 27.92 0.05463 0.79122 0.58272 -65.98419 108.22462 80.91090 0.53118 0.04610 43.31072 96.00097 -39.30051 0.7822 1.013e+13 1.449e+13
166 153 2.5352e+13 525.40 511.76 677.970 108.134 97 60.80500 83.11069 33.85290 336.16 -4.05 35.85 -1.047e+14 -3.071e+13 -2.476e+14 0.02952 108.13417 2.5352e+13 2.5654e+13 2.3843e+13 1.5392e+13 6.3380e+12 26.23061 0.00 0.03307 0.80456 0.39017 91.71663 24.25749 57.94728 0.96815 0.49891 12.50226 75.97641 37.69852 0.5935 2.529e+13 1.811e+13
167 169 9.6578e+12 397.98 298.26 491.474 61.677 92 5.14084 13.87385 93.15602 -106.45 -296.56 134.23 3.392e+12 -9.009e+13 -4.984e+13 0.05963 61.67677 9.6578e+12 1.1770e+13 7.2434e+12 5.4325e+12 1.5090e+12 63.58787 0.00 0.06289 0.62805 0.57391 7.12991 98.45791 -51.01999 0.76268 0.47042 -10.56322 67.14848 -61.12362 0.4531 1.042e+13 5.433e+12
168 172 1.5392e+13 497.65 444.13 574.082 52.474 91 93.09433 98.48652 13.47047 23.94 361.03 55.90 -4.869e+13 5.394e+13 -8.283e+13 0.02907 52.47438 1.5392e+13 1.6901e+13 1.4185e+13 1.1469e+13 3.9235e+12 34.47233 0.00 0.03094 0.60702 0.34040 45.15816 97.77564 5.46018 0.74093 0.26661 41.04794 81.56635 15.98965 0.5790 1.678e+13 8.149e+12
169 -1 1.2072e+12 173.39 260.26 245.737 101.542 89 98.45364 99.19505 10.98811 115.85 365.44 125.75 4.007e+12 5.138e+12 5.625e+12 0.21370 101.54218 1.2072e+12 3.0181e+12 6.0361e+11 0.0000e+00 0.0000e+00 141.34723 178.02 0.16817 0.98930 0.00000 28.63195 95.85392 -50.83547 0.00000 0.00000 0.00000 0.00000 0.00000 4.3784 6.391e+12 3.018e+12
170 171 1.8108e+13 552.58 496.80 606.040 44.940 89 85.89620 21.22627 97.72759 -88.91 -360.68 275.56 -6.008e+13 -1.917e+14 -3.960e+13 0.04165 44.94047 1.8108e+13 1.9316e+13 1.5392e+13 1.3280e+13 8.4506e+12 66.43206 0.00 0.04384 0.46077 0.44967 93.48549 26.27747 18.05760 0.41189 0.37694 84.29357 17.90553 25.28072 0.6006 2.297e+13 8.451e+12
171 173 2.1127e+13 495.79 476.84 637.994 100.107 89 53.17017 21.26391 33.88107 -93.13 317.29 315.30 -1.475e+14 -1.141e+14 -4.966e+13 0.02891 100.10693 2.1127e+13 2.2032e+13 2.0221e+13 1.4185e+13 5.4325e+12 26.78911 0.00 0.03197 0.83138 0.62128 -55.63815 86.40395 -23.61564 0.69264 0.48428 -30.28434 67.85775 -1.35967 0.5770 2.177e+13 1.569e+13
172 183 6.9416e+12 316.12 220.26 440.244 128.765 87 64.56191 96.63184 43.71477 137.71 -95.37 -39.36 2.209e+13 -6.299e+12 1.622e+13 0.02549 128.76546 6.9416e+12 7.5452e+12 4.2253e+12 1.5090e+12 0.0000e+00 55.88021 21.58 0.02977 0.33440 0.09412 90.78107 25.79437 4.84211 0.63455 0.16266 51.75558 21.78428 6.27593 0.4123 6.748e+12 8.149e+12
173 176 9.6578e+12 423.45 339.74 491.474 46.129 64 48.02229 61.41056 68.97049 80.47 -5.88 -91.77 -1.585e+13 -5.085e+13 -6.449e+13 0.05303 46.12937 9.6578e+12 9.9596e+12 8.4506e+12 6.9416e+12 3.6217e+12 34.05875 0.00 0.05107 0.86261 0.65969 -29.89185 77.61287 -20.60136 0.76492 0.63910 14.19841 76.14005 -9.23516 0.4630 1.134e+13 4.829e+12
174 170 2.0221e+13 459.53 440.92 628.747 152.563 83 99.03848 18.34889 79.19708 -36.65 356.56 109.68 5.575e+13 1.148e+13 -1.291e+13 0.00876 152.56325 2.0221e+13 2.1730e+13 1.7203e+13 9.6578e+12 3.6217e+12 30.54213 0.00 0.01040 0.70693 0.38555 -6.25324 111.26125 -43.81443 0.89480 0.56993 39.25834 46.22266 56.10333 0.5818 1.902e+13 2.022e+13
175 179 4.5271e+12 283.54 233.67 381.781 80.981 83 30.88016 1.68470 94.99883 45.35 242.38 273.19 1.864e+12 1.153e+13 2.732e+13 0.04589 80.98055 4.5271e+12 4.8289e+12 3.9235e+12 1.2072e+12 0.0000e+00 72.92609 23.18 0.06413 0.40276 0.13976 -24.63120 109.88307 73.41055 0.45819 0.13057 -15.06010 90.61905 75.14837 0.5841 6.450e+12 3.923e+12
176 177 1.5090e+13 483.66 454.46 570.305 57.420 82 73.26978 58.05525 50.69118 -779.76 296.88 64.25 -2.383e+13 -8.023e+13 -4.323e+13 0.02388 57.41967 1.5392e+13 1.5694e+13 1.3883e+13 1.0563e+13 4.5271e+12 29.25662 14.08 0.02733 0.55816 0.43578 82.42074 68.00959 -8.67620 0.19871 0.10359 83.90180 69.71281 -5.68003 0.6269 1.694e+13 8.149e+12
177 191 9.9596e+12 350.86 334.78 496.541 194.031 62 92.27198 12.31844 7.79071 -125.73 37.07 -252.53 -4.422e+13 -1.104e+14 -3.737e+13 0.05227 194.03072 9.9596e+12 1.1770e+13 7.2434e+12 3.9235e+12 0.0000e+00 143.36172 9.16 0.07229 0.26425 0.12699 -15.23905 -32.82214 131.29582 0.24730 0.07987 -19.09335 -28.29718 108.20334 0.6346 9.930e+12 1.449e+13
178 175 9.0542e+11 181.18 75.57 223.267 27.720 81 71.52093 23.73073 85.02580 29.62 11.41 241.03 -1.526e+12 -3.837e+11 -1.215e+12 0.02316 27.72029 9.0542e+11 2.1127e+12 9.0542e+11 3.0181e+11 0.0000e+00 97.89245 0.00 0.06274 0.00000 0.00000 0.00000 0.00000 0.00000 0.00000 0.00000 0.00000 0.00000 0.00000 0.5586 8.073e+12 3.018e+11
179 187 6.3380e+12 330.72 254.12 427.094 68.443 79 33.27816 60.59260 4.59294 380.89 128.39 93.59 1.023e+13 8.343e+12 -1.063e+13 0.02007 68.44298 6.3380e+12 7.2434e+12 5.7343e+12 3.6217e+12 1.5090e+12 70.18690 0.00 0.02088 0.77208 0.39260 -24.16391 -40.24736 77.46391 0.69463 0.39302 -32.25117 -23.26895 71.66138 0.4314 7.196e+12 4.225e+12
180 174 3.9235e+12 257.49 233.96 363.998 137.605 77 87.15577 48.13456 55.19098 -74.41 -354.89 314.39 4.545e+12 -2.035e+13 -6.172e+12 0.02426 137.60457 3.9235e+12 4.8289e+12 2.1127e+12 3.0181e+11 0.0000e+00 127.40936 26.84 0.05957 0.17515 0.02206 168.24741 19.75250 -62.93870 0.00000 0.00000 0.00000 0.00000 0.00000 0.8345 9.937e+12 7.243e+12
181 185 1.1770e+13 404.31 348.64 524.975 86.934 76 69.12766 90.46574 13.07777 76.07 182.97 229.57 -5.931e+12 -1.043e+13 5.016e+13 0.02111 86.93356 1.1770e+13 1.1770e+13 9.9596e+12 7.2434e+12 2.1127e+12 31.90469 0.00 0.02264 0.76145 0.42910 76.47950 -36.05922 48.69545 0.46682 0.10752 67.21861 -25.87818 52.03484 0.5046 1.083e+13 8.149e+12
182 186 1.4487e+13 459.57 399.17 562.598 67.583 76 69.87871 83.07232 13.20966 -44.57 137.45 246.05 4.847e+13 -3.725e+13 3.996e+13 0.02220 67.58322 1.4487e+13 1.5392e+13 1.3883e+13 9.0542e+12 3.6217e+12 64.36227 0.00 0.02269 0.87873 0.50852 -57.66320 -14.61490 72.55634 0.92376 0.38842 -15.49014 54.35113 38.72994 0.5072 1.468e+13 8.149e+12
183 184 4.2253e+12 277.98 200.72 373.101 77.247 76 48.43559 61.52034 19.14923 355.75 20.12 75.68 2.059e+13 -2.679e+13 -1.274e+12 0.06483 77.24702 4.2253e+12 4.2253e+12 3.3199e+12 0.0000e+00 0.0000e+00 35.37036 0.00 0.08187 0.31116 0.11015 151.96216 45.72818 -38.31616 0.00000 0.00000 0.00000 0.00000 0.00000 0.4659 5.858e+12 3.320e+12
184 182 6.0361e+12 347.32 269.15 420.205 47.672 75 78.48853 20.33837 71.29764 -184.73 141.02 -15.93 2.801e+13 7.436e+12 -3.294e+13 0.05931 47.67186 6.0361e+12 6.0361e+12 5.7343e+12 4.5271e+12 0.0000e+00 15.48847 0.00 0.05862 0.59842 0.30124 0.86851 82.17999 15.02493 0.63943 0.20549 -4.16930 77.48750 15.33168 0.4431 6.858e+12 3.320e+12
185 180 8.7524e+12 344.14 271.48 475.609 127.361 74 87.13967 24.01132 33.63751 -160.32 -277.16 99.58 -6.573e+13 7.967e+12 2.850e+13 0.04067 127.36084 8.7524e+12 9.9596e+12 6.0361e+12 1.8108e+12 0.0000e+00 73.26537 0.00 0.05186 0.28475 0.17041 -57.70984 108.21671 124.90555 0.78201 0.50747 44.92911 -46.16811 -27.84762 0.5256 8.824e+12 9.054e+12
186 190 1.3581e+13 442.13 390.00 550.624 72.150 74 1.95413 1.58252 3.99448 -5.09 348.57 -240.94 1.863e+14 -5.295e+13 1.105e+14 0.07305 72.14967 1.3581e+13 1.5694e+13 1.2978e+13 7.2434e+12 3.3199e+12 29.22487 0.00 0.07714 0.69469 0.49374 -50.19074 41.95114 74.56205 0.48426 0.36091 -47.98553 27.63486 59.12648 0.5196 1.406e+13 7.243e+12
187 178 6.6398e+12 434.40 339.89 433.769 22.611 73 0.19709 21.11268 79.30053 -53.94 -480.14 -461.52 1.462e+13 4.145e+13 2.171e+13 0.05640 22.61099 7.5452e+12 7.8470e+12 6.6398e+12 5.4325e+12 3.3199e+12 26.00829 43.83 0.05588 0.77049 0.67209 -45.62127 18.08063 53.75121 0.74866 0.38732 53.37999 -3.98069 -42.61339 0.5444 9.632e+12 2.716e+12
188 245 1.2072e+12 187.80 135.02 245.737 42.697 73 69.49146 74.91212 18.20392 -238.66 179.13 -83.15 -3.428e+12 5.848e+12 -6.057e+12 0.04741 42.69670 1.2072e+12 1.2072e+12 1.2072e+12 0.0000e+00 0.0000e+00 67.55923 0.00 0.17760 0.47128 0.02169 31.13581 122.89397 92.39771 0.00000 0.00000 0.00000 0.00000 0.00000 1.1583 5.064e+12 3.018e+11
189 194 6.0361e+11 147.66 0.00 195.042 36.040 71 65.66256 49.53617 47.43987 -36.05 29.07 25.12 -3.542e+11 1.326e+12 5.015e+11 0.05031 36.04034 6.0361e+11 1.8108e+12 6.0361e+11 3.0181e+11 0.0000e+00 96.28464 77.97 0.09065 0.00000 0.00000 0.00000 0.00000 0.00000 0.00000 0.00000 0.00000 0.00000 0.00000 0.0000 6.584e+12 3.018e+11
190 188 6.9416e+12 364.63 286.36 440.244 49.455 40 60.84767 79.74030 32.44753 323.32 138.40 -0.41 -1.833e+11 3.573e+12 7.793e+12 0.00847 49.45510 6.9416e+12 6.9416e+12 6.9416e+12 5.7343e+12 0.0000e+00 55.97065 0.00 0.00908 0.68229 0.13719 -16.70619 -17.10807 108.65504 0.16796 0.04750 12.65888 -27.94142 146.38498 0.4883 8.010e+12 3.018e+12
191 189 2.4145e+12 224.07 177.24 309.609 82.750 30 60.86000 81.00433 33.05381 230.58 146.00 -3.33 -6.390e+12 4.533e+12 1.741e+13 0.04933 82.75012 2.4145e+12 2.4145e+12 0.0000e+00 0.0000e+00 0.0000e+00 97.43192 0.00 0.11751 0.63825 0.29692 -91.08293 127.28876 -97.10054 0.00000 0.00000 0.00000 0.00000 0.00000 0.7660 4.614e+12 2.414e+12
192 195 8.1488e+12 442.38 347.23 464.414 29.080 70 69.91154 24.22454 7.58478 66.26 -149.36 -359.22 -1.986e+13 -1.089e+13 7.579e+13 0.05622 29.07959 8.1488e+12 9.3560e+12 6.0361e+12 5.1307e+12 4.2253e+12 48.74628 0.00 0.06410 0.62908 0.54246 5.24449 63.03349 67.47915 0.71831 0.51088 2.36727 63.31643 54.39014 0.5947 1.065e+13 3.018e+12
193 197 6.9416e+12 325.35 219.26 440.244 97.097 69 43.16301 76.48213 3.20802 189.03 113.78 21.47 5.144e+12 -2.362e+12 8.960e+12 0.00910 97.09715 6.9416e+12 7.2434e+12 4.8289e+12 0.0000e+00 0.0000e+00 81.82639 0.00 0.01122 0.17274 0.00460 4.05324 164.71681 120.73885 0.00000 0.00000 0.00000 0.00000 0.00000 0.4444 7.595e+12 6.338e+12
194 201 1.3280e+13 438.16 404.14 546.514 72.183 69 38.87363 34.18200 66.87259 263.69 -373.60 -118.00 -6.032e+13 1.068e+13 2.498e+13 0.01957 72.18251 1.3280e+13 1.5090e+13 1.0563e+13 6.9416e+12 4.2253e+12 89.55782 0.00 0.02375 0.37715 0.29687 55.31151 -50.85098 85.44370 0.75175 0.58589 34.15987 -22.77556 58.18656 0.6254 1.297e+13 7.243e+12
195 203 9.6578e+12 358.50 286.20 491.474 121.421 68 32.75707 23.57645 16.61099 89.41 -396.86 -59.60 2.576e+13 2.967e+13 1.541e+12 0.02260 121.42076 9.6578e+12 9.9596e+12 8.1488e+12 3.9235e+12 1.8108e+12 57.09693 14.19 0.02401 0.71854 0.24148 -12.16965 89.76341 -4.92146 0.71431 0.23818 -5.99735 39.87351 49.21299 0.4330 9.017e+12 9.658e+12
196 204 9.3560e+12 455.60 398.13 486.300 32.433 67 59.60484 0.73238 63.56770 167.78 -6.48 176.50 2.486e+12 2.469e+13 7.602e+12 0.01669 32.43258 9.3560e+12 1.0261e+13 8.7524e+12 8.1488e+12 4.5271e+12 39.95524 0.00 0.01670 0.83715 0.56369 5.20295 -4.34340 79.98380 0.88650 0.62874 38.11502 9.98965 57.85480 0.5692 1.185e+13 4.225e+12
197 210 2.4145e+12 219.63 174.80 309.609 109.510 67 55.79858 61.85602 38.08434 176.35 -302.20 -28.10 -1.861e+13 4.928e+12 -2.425e+13 0.01988 109.51019 2.4145e+12 3.0181e+12 0.0000e+00 0.0000e+00 0.0000e+00 97.85510 75.76 0.19055 0.63851 0.09575 162.94936 -123.67219 -84.88504 0.00000 0.00000 0.00000 0.00000 0.00000 1.0144 6.817e+12 3.320e+12
198 192 7.2434e+12 329.05 252.17 446.534 100.851 67 76.39358 30.51376 59.36455 -51.70 177.21 108.82 -3.079e+13 5.317e+13 7.857e+12 0.04679 100.85066 7.2434e+12 8.7524e+12 5.1307e+12 3.0181e+11 0.0000e+00 41.42661 36.41 0.06109 0.66574 0.33700 4.30797 95.18595 139.12791 0.00000 0.00000 0.00000 0.00000 0.00000 0.5373 8.716e+12 6.942e+12
199 193 1.8108e+13 487.97 442.78 606.040 78.289 66 47.12419 44.33186 77.47466 -76.16 -262.72 -88.26 -5.960e+13 -3.322e+13 -5.371e+13 0.01659 78.28941 1.8108e+13 1.8108e+13 1.5090e+13 1.0865e+13 4.2253e+12 57.49815 7.92 0.01859 0.70146 0.65243 6.42365 91.33995 -40.29785 0.69755 0.53582 2.95629 78.37945 13.47318 0.5734 1.707e+13 1.026e+13
200 -1 6.0361e+11 145.13 0.00 195.042 40.781 66 62.66927 26.77799 20.77252 108.17 -30.10 147.95 -7.717e+10 2.262e+12 6.564e+11 0.07427 40.78090 6.0361e+11 9.0542e+11 3.0181e+11 0.0000e+00 0.0000e+00 112.60444 98.45 0.14617 0.00000 0.00000 0.00000 0.00000 0.00000 0.00000 0.00000 0.00000 0.00000 0.00000 0.0000 4.722e+12 3.018e+11
201 214 6.6398e+12 363.45 258.58 433.769 46.155 66 47.19753 22.70327 47.28310 -159.79 65.72 -539.13 -3.966e+12 5.349e+12 1.870e+13 0.02432 46.15459 6.6398e+12 7.8470e+12 6.0361e+12 5.1307e+12 2.1127e+12 14.89325 0.00 0.02263 0.13674 0.06429 -32.21932 -66.38885 68.84875 0.03559 0.02593 43.28619 69.59705 -66.71647 0.3785 7.318e+12 3.923e+12
202 202 1.0865e+13 402.04 335.75 511.154 74.862 65 46.86806 28.06904 68.06063 -18.78 50.48 -46.57 -3.098e+13 -3.845e+13 -7.001e+13 0.03955 74.86213 1.0865e+13 1.1770e+13 8.7524e+12 7.5452e+12 2.1127e+12 42.79259 0.00 0.04298 0.69025 0.39303 -26.90979 72.84760 71.95119 0.22551 0.05317 -49.23158 64.16642 27.94865 0.5061 1.067e+13 7.545e+12
203 208 1.2072e+13 477.30 440.94 529.425 41.081 65 59.01609 41.36257 13.79713 -46.20 -262.96 268.49 9.261e+12 -6.357e+13 3.363e+13 0.02972 41.08058 1.2072e+13 1.2676e+13 1.2072e+13 1.1167e+13 4.8289e+12 27.10868 0.00 0.03052 0.67753 0.59770 96.26144 27.37031 -10.66584 0.56350 0.48406 86.75312 40.28439 -16.97932 0.5958 1.714e+13 5.734e+12
204 200 2.7163e+12 238.80 93.54 322.007 69.089 65 31.82440 13.03650 42.71288 586.32 -126.86 -184.89 2.074e+12 -7.751e+12 -1.039e+13 0.05969 69.08865 2.7163e+12 2.7163e+12 1.2072e+12 6.0361e+11 0.0000e+00 112.82446 0.00 0.06640 0.56153 0.14155 -44.75138 121.95255 5.94215 0.00000 0.00000 0.00000 0.00000 0.00000 0.1684 2.678e+12 2.113e+12
205 199 6.9416e+12 320.61 305.64 440.244 110.449 64 48.74637 18.81811 42.44470 -69.10 68.60 -512.18 3.895e+13 -5.910e+13 -5.082e+12 0.04163 110.44929 7.8470e+12 6.9416e+12 4.2253e+12 0.0000e+00 0.0000e+00 113.14671 79.43 0.07513 0.63395 0.13644 108.44825 123.48921 68.83350 0.00000 0.00000 0.00000 0.00000 0.00000 0.7709 8.599e+12 6.942e+12
206 206 2.1127e+12 229.77 184.36 296.131 46.884 63 44.08612 35.13644 74.16605 -32.19 -284.90 -52.67 7.665e+12 -5.051e+12 -2.022e+13 0.07389 46.88361 2.1127e+12 3.0181e+12 2.1127e+12 0.0000e+00 0.0000e+00 109.85681 0.00 0.17074 0.42441 0.16762 49.83274 108.21765 -48.00233 0.00000 0.00000 0.00000 0.00000 0.00000 0.7781 3.245e+12 6.036e+11
207 143 1.1167e+13 382.29 327.56 515.844 111.265 63 14.72936 46.78772 54.20641 -65.45 -315.62 -0.18 4.763e+13 -1.806e+13 1.080e+14 0.04855 111.26513 1.1167e+13 1.2072e+13 8.1488e+12 6.0361e+12 0.0000e+00 45.52222 0.00 0.05725 0.60655 0.34782 -45.50756 68.75480 85.71312 0.31236 0.22958 -5.08076 48.27797 82.61456 0.5330 1.032e+13 9.054e+12
208 198 1.1167e+13 506.13 439.27 515.844 28.948 63 21.87636 31.35090 48.74989 206.47 -171.22 244.29 -1.866e+13 1.137e+13 3.833e+12 0.01054 28.94765 1.1167e+13 1.2072e+13 9.6578e+12 9.3560e+12 6.3380e+12 37.71769 13.07 0.01063 0.59752 0.42074 -56.86061 34.44044 66.36059 0.50891 0.36496 -53.00031 31.49786 73.03710 0.5975 1.746e+13 3.018e+12
209 207 1.8108e+12 202.41 159.93 281.299 80.219 62 71.76967 93.41771 38.17976 -267.09 157.78 -74.16 8.530e+11 4.314e+12 6.351e+11 0.01741 80.21861 1.8108e+12 2.4145e+12 0.0000e+00 0.0000e+00 0.0000e+00 131.08115 48.73 0.04416 0.47285 0.00000 87.94654 -68.50728 180.41669 0.00000 0.00000 0.00000 0.00000 0.00000 0.7665 4.330e+12 2.414e+12
210 211 9.0542e+11 193.38 53.86 223.267 20.483 61 76.56966 4.17665 17.76239 -21.41 214.00 58.17 -1.847e+12 -9.439e+09 1.478e+12 0.03830 20.48292 9.0542e+11 2.1127e+12 9.0542e+11 3.0181e+11 0.0000e+00 58.22952 0.00 0.07465 0.00000 0.00000 0.00000 0.00000 0.00000 0.00000 0.00000 0.00000 0.00000 0.00000 0.2326 5.273e+12 0.000e+00
211 -1 1.2072e+12 191.82 65.05 245.737 37.566 61 19.61463 13.72218 23.31235 182.15 -13.49 -39.78 1.704e+12 3.451e+12 -2.751e+12 0.05688 37.56633 1.2072e+12 1.2072e+12 1.2072e+12 3.0181e+11 0.0000e+00 59.51890 0.00 0.09243 0.30461 0.00000 -42.56563 84.59931 48.81036 0.00000 0.00000 0.00000 0.00000 0.00000 0.2577 5.136e+12 3.018e+11
212 212 1.1770e+13 382.88 342.08 524.975 129.883 60 73.30882 32.37691 56.11561 -134.09 34.11 205.18 -1.154e+14 1.555e+13 -5.969e+13 0.04684 129.88339 1.1770e+13 1.2978e+13 9.6578e+12 6.0361e+12 0.0000e+00 59.76416 9.41 0.05746 0.67898 0.48771 107.08598 -1.54769 61.26774 0.42449 0.11969 112.43794 -5.22054 -0.08112 0.5684 1.116e+13 1.147e+13
213 205 1.0563e+13 454.03 360.83 506.376 40.175 59 48.92216 63.28785 0.85410 -29.95 -25.46 204.43 -2.208e+13 4.094e+13 4.839e+13 0.03722 40.17475 1.0563e+13 1.0865e+13 9.6578e+12 6.9416e+12 4.5271e+12 63.16848 0.00 0.03529 0.79973 0.59569 24.90505 70.37000 -37.08432 0.86758 0.64171 20.35232 61.18708 -20.00083 0.4726 1.177e+13 4.829e+12
214 213 1.8108e+12 213.78 134.79 281.299 50.676 59 70.40749 12.51988 67.18932 -81.09 248.32 38.66 -1.503e+13 -2.680e+12 6.952e+12 0.08602 50.67577 1.8108e+12 2.4145e+12 1.8108e+12 0.0000e+00 0.0000e+00 44.23719 0.00 0.16676 0.87732 0.00000 144.22856 5.09274 84.90345 0.00000 0.00000 0.00000 0.00000 0.00000 0.6021 4.714e+12 3.018e+11
215 216 1.1770e+13 495.29 415.45 524.975 34.087 57 76.14683 97.50202 62.55297 -325.41 197.97 -66.04 6.476e+13 4.326e+13 -4.067e+13 0.03731 34.08727 1.1770e+13 1.1770e+13 1.1167e+13 9.0542e+12 4.8289e+12 48.20194 0.00 0.03857 0.95877 0.69233 38.00428 62.30426 17.97187 0.94988 0.48657 -19.99246 37.32817 46.82913 0.5727 1.491e+13 4.527e+12
216 196 2.4145e+12 244.10 248.49 309.609 44.748 55 53.24058 91.47078 67.97062 132.68 302.55 77.91 -8.630e+11 -3.728e+12 -1.912e+13 0.03660 44.74821 2.4145e+12 6.0361e+12 2.4145e+12 9.0542e+11 0.0000e+00 35.70972 0.00 0.12001 0.43836 0.24059 -68.04533 73.27480 118.10294 0.66316 0.34636 70.27451 -62.12143 -39.81854 1.0865 9.452e+12 9.054e+11
217 255 1.1167e+13 420.99 434.50 515.844 62.252 54 0.09184 95.72602 15.03542 -323.35 554.71 -196.43 -2.013e+14 4.310e+12 -1.501e+14 0.07494 62.25157 1.2072e+13 1.1469e+13 9.6578e+12 5.1307e+12 3.3199e+12 48.64176 30.43 0.12036 0.34356 0.24027 9.91933 102.09441 -90.07848 0.60414 0.39877 -7.71174 -48.46238 67.85000 0.7786 1.072e+13 5.131e+12
218 217 1.1770e+13 519.16 415.38 524.975 28.631 54 7.41184 88.30924 39.53345 -98.94 363.41 -83.56 -6.287e+13 -5.707e+13 3.773e+13 0.04500 28.63149 1.1770e+13 1.1770e+13 1.1770e+13 9.9596e+12 5.1307e+12 30.81670 0.00 0.04079 0.83195 0.71483 65.85966 -3.71644 -44.53958 0.76689 0.37949 -43.46494 7.80140 56.56379 0.5026 1.598e+13 4.527e+12
219 220 9.3560e+12 429.05 329.26 486.300 41.242 54 67.61711 31.66343 51.10950 -60.48 5.58 39.07 2.184e+13 1.686e+13 -8.119e+12 0.01808 41.24178 9.3560e+12 9.9596e+12 8.4506e+12 5.7343e+12 0.0000e+00 68.39062 0.00 0.01851 0.49550 0.40245 50.94389 49.81557 68.49072 0.20712 0.09129 36.73241 32.70127 73.25172 0.4906 1.068e+13 4.829e+12
220 -1 1.2072e+12 185.79 85.23 245.737 45.820 52 99.77252 99.48637 11.53811 -107.54 70.93 -327.74 4.213e+12 -2.978e+12 4.103e+11 0.05645 45.82022 1.2072e+12 1.2072e+12 0.0000e+00 0.0000e+00 0.0000e+00 91.81149 0.00 0.10112 0.42061 0.00000 116.52277 108.51979 -41.43146 0.00000 0.00000 0.00000 0.00000 0.00000 0.3639 3.573e+12 6.036e+11
221 222 7.5452e+12 428.54 319.74 452.652 29.006 52 74.61930 13.12301 58.15693 -47.21 46.01 103.49 4.274e+12 6.774e+11 -9.206e+12 0.00996 29.00620 7.5452e+12 8.7524e+12 6.0361e+12 6.0361e+12 3.6217e+12 19.41081 0.00 0.00937 0.64603 0.52241 20.69372 71.40771 11.82251 0.45913 0.40517 37.78289 59.27670 16.11802 0.4715 1.006e+13 3.320e+12
222 219 3.6217e+12 251.92 231.79 354.414 120.500 51 22.49090 17.50805 1.02810 -107.35 -386.82 313.78 -1.736e+13 4.575e+12 -1.123e+13 0.01631 120.49966 3.6217e+12 3.9235e+12 1.2072e+12 6.0361e+11 0.0000e+00 85.56069 131.92 0.06629 0.33971 0.09123 -28.62559 -17.65583 96.40355 0.00000 0.00000 0.00000 0.00000 0.00000 1.0632 5.942e+12 5.734e+12
223 221 3.3199e+12 246.43 178.66 344.283 104.954 51 67.16950 9.43538 72.90682 -159.85 11.32 -241.46 5.045e+12 -3.770e+12 -1.723e+13 0.04180 104.95443 3.3199e+12 3.3199e+12 6.0361e+11 0.0000e+00 0.0000e+00 84.04008 29.45 0.06639 0.06606 0.00000 141.41090 135.44887 -7.75820 0.00000 0.00000 0.00000 0.00000 0.00000 0.5707 5.823e+12 3.320e+12
224 223 2.1127e+12 218.99 181.03 296.131 64.965 50 73.71227 91.28839 61.55653 -216.46 347.26 -191.88 1.230e+13 -1.434e+13 -1.749e+13 0.05242 64.96467 2.1127e+12 2.7163e+12 0.0000e+00 0.0000e+00 0.0000e+00 54.93879 0.00 0.19791 0.87968 0.45149 71.56794 25.70658 148.07564 0.00000 0.00000 0.00000 0.00000 0.00000 0.9064 4.738e+12 1.207e+12
225 144 4.8289e+12 276.23 279.27 390.083 143.566 50 16.18399 46.89041 53.94980 -244.57 -361.56 -80.50 -1.143e+13 7.057e+12 -3.540e+13 0.00578 143.56558 4.8289e+12 5.1307e+12 0.0000e+00 0.0000e+00 0.0000e+00 24.14763 46.58 0.07340 0.19221 0.02604 -168.63788 -4.70645 236.33170 0.00000 0.00000 0.00000 0.00000 0.00000 1.0062 6.858e+12 7.847e+12
226 209 9.0542e+11 175.45 46.70 223.267 32.861 49 63.87727 0.72474 68.64000 100.26 101.56 -140.27 -7.644e+11 -5.460e+12 4.002e+12 0.13260 32.86104 1.5090e+12 1.2072e+12 9.0542e+11 3.0181e+11 0.0000e+00 106.61321 165.71 0.21499 0.00000 0.00000 0.00000 0.00000 0.00000 0.00000 0.00000 0.00000 0.00000 0.00000 1.9634 6.336e+12 6.036e+11
227 237 1.2072e+12 184.95 75.11 245.737 47.280 49 71.55987 96.52457 64.60620 -387.78 85.50 -119.12 -2.925e+12 2.811e+12 3.023e+12 0.05762 47.27996 1.2072e+12 1.2072e+12 9.0542e+11 0.0000e+00 0.0000e+00 127.70434 0.00 0.09883 0.43539 0.10401 -105.60379 -30.86230 120.35588 0.00000 0.00000 0.00000 0.00000 0.00000 0.3106 6.177e+12 6.036e+11
228 267 9.0542e+12 371.29 298.15 481.014 78.562 49 35.92077 63.07528 10.33576 165.97 18.56 2.11 2.484e+12 9.619e+12 2.047e+13 0.01513 78.56201 9.0542e+12 9.0542e+12 8.4506e+12 4.5271e+12 1.8108e+12 61.72566 0.00 0.01547 0.57839 0.34746 58.57143 24.38462 106.55524 0.51055 0.17931 88.05993 40.17733 -19.09528 0.4324 9.322e+12 6.036e+12
229 230 2.1127e+12 215.68 107.18 296.131 74.244 49 17.72022 31.73031 64.90800 -14.35 -132.24 -149.99 -1.845e+12 -1.697e+12 3.882e+12 0.02929 74.24358 2.1127e+12 2.1127e+12 1.5090e+12 6.0361e+11 0.0000e+00 58.52720 0.00 0.03552 0.77394 0.19310 -42.18140 80.54313 69.47476 0.00000 0.00000 0.00000 0.00000 0.00000 0.2649 5.011e+12 2.113e+12
230 218 3.0181e+12 255.03 143.40 333.517 57.744 48 58.74239 75.71618 28.39132 392.96 21.96 216.85 5.557e+12 -1.049e+12 -8.241e+12 0.03781 57.74374 3.0181e+12 4.8289e+12 2.1127e+12 1.8108e+12 0.0000e+00 44.22359 15.55 0.04240 0.70291 0.34700 30.52595 101.77109 24.62222 0.30446 0.00722 16.39729 115.15015 33.21292 0.3236 6.534e+12 2.113e+12
231 229 9.6578e+12 363.74 294.96 491.474 107.140 47 15.50212 31.97647 65.34373 -28.41 -173.06 -97.63 7.798e+13 7.322e+12 8.715e+12 0.04170 107.13971 9.6578e+12 1.0261e+13 8.1488e+12 3.0181e+12 0.0000e+00 29.83983 12.16 0.04811 0.59396 0.18064 2.78690 -35.97528 130.84555 0.33972 0.05939 1.90877 63.90277 -59.33856 0.4845 9.048e+12 8.149e+12
232 225 3.9235e+12 269.20 167.12 363.998 79.804 45 30.02904 56.01957 82.43858 194.23 -109.39 -11.65 -8.595e+12 -4.711e+12 4.923e+12 0.02460 79.80415 3.9235e+12 4.2253e+12 3.6217e+12 0.0000e+00 0.0000e+00 61.85312 0.00 0.03005 0.54404 0.46947 -87.06842 140.90552 -56.75538 0.00000 0.00000 0.00000 0.00000 0.00000 0.3751 4.397e+12 3.622e+12
233 226 9.9596e+12 417.01 343.67 496.541 52.269 45 28.57297 58.52216 33.71778 203.92 -52.02 76.02 -1.555e+13 -1.805e+13 -1.082e+13 0.01455 52.26882 9.9596e+12 1.0261e+13 7.2434e+12 5.7343e+12 3.6217e+12 104.91798 16.91 0.01518 0.69214 0.36967 24.97717 72.46017 -50.19270 0.71891 0.29196 -28.37018 -38.73739 56.32132 0.4941 9.716e+12 5.433e+12
234 224 1.8108e+12 205.14 89.51 281.299 69.670 45 45.87047 18.69584 43.02416 -242.05 246.41 -114.14 -2.141e+12 -5.626e+11 1.083e+12 0.02008 69.66998 1.8108e+12 3.9235e+12 1.5090e+12 9.0542e+11 0.0000e+00 154.31467 0.00 0.02450 0.30347 0.03997 -77.29066 -29.67278 83.11562 0.36605 0.03829 -75.74156 -22.17743 87.89149 0.2068 4.636e+12 1.811e+12
235 227 8.7524e+12 359.77 288.25 475.609 88.383 45 3.63609 21.59873 10.64391 -94.89 -487.65 -125.26 -1.383e+13 -2.072e+13 -3.406e+13 0.02559 88.38294 8.7524e+12 9.0542e+12 8.1488e+12 3.0181e+12 0.0000e+00 52.68071 0.00 0.03036 0.67491 0.52218 119.85483 -9.17298 -13.81649 0.42819 0.06937 9.02879 73.36723 44.96131 0.5201 8.418e+12 7.243e+12
236 236 1.5090e+12 187.10 153.69 264.712 102.624 44 75.65688 25.52670 23.55392 -326.84 -214.47 -149.55 1.560e+13 -3.251e+11 6.033e+12 0.06860 102.62426 1.5090e+12 1.8108e+12 3.0181e+11 0.0000e+00 0.0000e+00 128.62146 56.46 0.22538 0.48947 0.00000 -59.47194 80.26575 154.00446 0.00000 0.00000 0.00000 0.00000 0.00000 1.1603 3.251e+12 2.716e+12
237 232 2.1127e+12 236.04 110.55 296.131 40.329 43 89.45588 65.64775 95.76543 -137.75 28.51 239.65 8.153e+11 -5.510e+12 -2.067e+12 0.03729 40.32899 2.1127e+12 3.3199e+12 2.1127e+12 3.0181e+11 0.0000e+00 78.36040 0.00 0.04567 0.81039 0.44407 69.11111 64.35053 -15.02297 0.00000 0.00000 0.00000 0.00000 0.00000 0.2859 4.677e+12 9.054e+11
238 233 7.2434e+12 336.01 286.57 446.534 86.014 43 59.29797 3.64771 77.64281 75.34 197.81 -97.15 7.815e+13 -1.279e+13 4.051e+13 0.06890 86.01450 7.2434e+12 8.1488e+12 6.3380e+12 3.0181e+12 0.0000e+00 58.14884 0.00 0.08772 0.76076 0.34289 59.42041 59.47318 -74.04050 0.63793 0.14510 -58.61990 -35.08116 64.97847 0.5771 7.427e+12 5.433e+12
239 234 1.8108e+12 199.24 103.54 281.299 102.959 43 71.88548 19.41285 69.90172 -33.15 102.88 48.85 6.306e+12 1.319e+12 3.345e+12 0.04753 102.95883 1.8108e+12 1.8108e+12 1.2072e+12 0.0000e+00 0.0000e+00 60.25989 41.86 0.07215 0.32579 0.13741 120.11977 -72.45760 -25.46775 0.00000 0.00000 0.00000 0.00000 0.00000 0.4053 4.060e+12 3.018e+12
240 -1 1.8108e+12 201.00 194.92 281.299 87.862 42 88.12837 27.88501 99.54778 -253.03 -768.48 129.63 -1.683e+12 4.472e+12 1.740e+13 0.10923 87.86194 1.8108e+12 2.7163e+12 0.0000e+00 0.0000e+00 0.0000e+00 76.07874 91.09 0.17935 0.34562 0.08872 80.39334 64.14932 155.08151 0.00000 0.00000 0.00000 0.00000 0.00000 1.5628 5.689e+12 2.716e+12
241 235 4.8289e+12 280.46 212.52 390.083 112.293 42 69.56030 64.35906 46.89750 -164.37 -178.03 479.28 -7.194e+12 -5.531e+12 -4.536e+13 0.06288 112.29267 5.1307e+12 4.8289e+12 3.3199e+12 0.0000e+00 0.0000e+00 44.96776 25.65 0.08967 0.38141 0.17417 6.20631 175.72012 57.61462 0.00000 0.00000 0.00000 0.00000 0.00000 0.5429 6.180e+12 5.131e+12
242 240 5.1307e+12 289.28 211.79 398.046 101.895 42 63.29391 19.89041 8.02934 289.23 64.68 8.27 -4.191e+10 -2.576e+12 -1.404e+13 0.01859 101.89464 5.1307e+12 6.3380e+12 3.6217e+12 3.0181e+11 0.0000e+00 87.27845 0.00 0.02500 0.21214 0.00073 144.14104 -9.95190 -86.18202 0.00000 0.00000 0.00000 0.00000 0.00000 0.5135 6.057e+12 5.131e+12
243 239 9.0542e+11 205.23 133.95 223.267 16.034 41 82.59959 82.43417 1.83136 -109.14 528.73 440.27 4.505e+11 1.123e+12 1.150e+12 0.01182 16.03356 9.0542e+11 9.0542e+11 9.0542e+11 9.0542e+11 0.0000e+00 77.69777 0.00 0.05267 0.00000 0.00000 0.00000 0.00000 0.00000 0.51555 0.25730 71.72833 -59.17014 -20.05573 0.9009 4.318e+12 0.000e+00
244 228 4.5271e+12 271.66 165.58 381.781 127.405 41 85.03503 26.50832 55.36047 -29.96 25.14 164.71 -3.252e+12 -1.859e+13 -2.348e+13 0.05782 127.40475 4.5271e+12 4.5271e+12 3.3199e+12 9.0542e+11 0.0000e+00 51.73908 23.24 0.06502 0.40503 0.05383 101.48432 -16.98198 112.92351 0.64918 0.39624 27.04313 37.79532 89.16525 0.3202 4.525e+12 5.734e+12
245 246 1.8108e+12 216.02 128.98 281.299 47.418 40 79.01913 6.23325 14.97320 -228.60 15.92 35.52 2.276e+12 2.468e+12 -1.044e+12 0.02281 47.41850 1.8108e+12 1.8108e+12 1.8108e+12 0.0000e+00 0.0000e+00 76.81094 0.00 0.03495 0.70928 0.45864 -15.72468 12.33329 142.07315 0.00000 0.00000 0.00000 0.00000 0.00000 0.4548 4.396e+12 9.054e+11
246 244 6.0361e+11 159.54 0.00 195.042 23.274 39 95.04086 84.10977 21.62885 -339.80 415.90 128.07 0.000e+00 0.000e+00 0.000e+00 0.00000 23.27390 6.0361e+11 6.0361e+11 6.0361e+11 0.0000e+00 0.0000e+00 115.45975 0.00 0.00000 0.00000 0.00000 0.00000 0.00000 0.00000 0.00000 0.00000 0.00000 0.00000 0.00000 0.0000 2.491e+12 0.000e+00
247 247 6.6398e+12 430.87 287.33 433.769 23.281 38 46.51711 91.19315 57.74611 246.04 108.27 -115.67 -1.523e+13 1.030e+12 -2.626e+13 0.04134 23.28119 6.6398e+12 6.6398e+12 5.7343e+12 5.4325e+12 3.9235e+12 24.37708 18.21 0.03462 0.60837 0.47849 68.90850 -1.88564 -40.52664 0.62244 0.43303 62.95296 -12.05335 -42.45508 0.3789 1.041e+13 1.811e+12
248 249 6.0361e+11 163.99 0.00 195.042 20.424 38 57.91362 18.99129 8.24102 128.74 129.88 105.56 0.000e+00 0.000e+00 0.000e+00 0.00000 20.42390 6.0361e+11 1.5090e+12 6.0361e+11 0.0000e+00 0.0000e+00 136.89961 0.00 0.00000 0.00000 0.00000 0.00000 0.00000 0.00000 0.00000 0.00000 0.00000 0.00000 0.00000 0.0000 5.359e+12 0.000e+00
249 242 7.2434e+12 348.05 293.69 446.534 68.851 37 41.27261 89.27429 98.37843 219.27 136.01 -25.60 8.545e+13 -3.045e+12 -1.565e+12 0.07302 68.85081 7.2434e+12 7.5452e+12 5.1307e+12 4.2253e+12 1.5090e+12 30.08964 23.29 0.08433 0.49300 0.24286 13.72145 -42.53084 83.51291 0.86565 0.42771 62.78251 -21.28103 11.29266 0.5424 7.463e+12 4.829e+12
250 248 3.0181e+12 252.39 113.13 333.517 61.796 37 64.15941 67.77864 34.50053 -246.87 5.32 270.65 -4.698e+12 8.633e+11 -3.582e+12 0.02306 61.79561 3.0181e+12 3.6217e+12 3.0181e+12 3.0181e+11 0.0000e+00 88.63459 0.00 0.02533 0.00000 0.00000 -22.46857 190.76538 61.40518 0.00000 0.00000 0.00000 0.00000 0.00000 0.2256 3.650e+12 2.113e+12
251 241 1.5090e+12 208.86 88.46 264.712 38.097 36 36.07281 50.56140 83.70037 314.09 -160.92 -142.05 -1.989e+12 -2.262e+12 3.210e+11 0.03368 38.09660 1.5090e+12 2.1127e+12 1.2072e+12 9.0542e+11 0.0000e+00 74.15161 35.52 0.04079 0.46585 0.30673 54.27350 -1.23689 66.05640 0.63681 0.22142 77.11801 11.78034 40.13587 0.2125 3.708e+12 9.054e+11
252 251 4.8289e+12 278.90 190.39 390.083 120.778 36 38.31389 19.56293 10.93704 -51.30 -372.30 282.76 -1.370e+13 1.618e+12 -2.371e+13 0.04351 120.77790 4.8289e+12 6.0361e+12 3.0181e+12 9.0542e+11 0.0000e+00 83.51962 0.00 0.05317 0.42549 0.20602 -1.98887 -71.38565 77.90177 0.66248 0.17952 -7.82087 -25.43151 71.28278 0.4193 5.600e+12 6.640e+12
253 252 7.5452e+12 321.74 238.66 452.652 153.958 35 99.64036 17.80754 86.41295 65.40 -8.89 -37.11 2.143e+13 4.187e+13 -9.536e+13 0.07373 153.95750 7.5452e+12 7.5452e+12 3.9235e+12 9.0542e+11 0.0000e+00 103.87812 0.00 0.09795 0.62995 0.12339 78.12955 124.63688 -49.34029 0.69213 0.04583 48.78590 24.83834 37.24153 0.5077 7.216e+12 9.658e+12
254 253 1.5090e+12 196.37 128.73 264.712 56.655 35 63.48880 87.95177 37.93866 152.40 -9.92 116.77 6.315e+12 -4.107e+11 7.385e+11 0.03809 56.65498 1.5090e+12 3.9235e+12 9.0542e+11 3.0181e+11 0.0000e+00 74.17094 0.00 0.08581 0.46442 0.17181 72.14224 -11.08532 152.06816 0.00000 0.00000 0.00000 0.00000 0.00000 0.6894 4.536e+12 9.054e+11
255 270 3.3199e+12 255.29 164.30 344.283 73.923 35 68.51278 12.55201 69.45549 81.83 -30.02 2.95 5.720e+12 -1.579e+13 -6.066e+12 0.04669 73.92343 3.3199e+12 3.6217e+12 1.5090e+12 9.0542e+11 0.0000e+00 119.23574 0.00 0.06463 0.71999 0.12548 1.36563 -16.95439 97.14796 0.49010 0.00000 63.98751 7.81550 18.98254 0.4809 3.273e+12 1.811e+12
256 -1 9.0542e+11 159.39 207.90 223.267 70.712 35 95.68405 20.21130 1.39337 -587.22 -311.65 -43.69 -3.405e+12 2.818e+12 -1.601e+13 0.66912 70.71204 9.0542e+11 2.4145e+12 0.0000e+00 0.0000e+00 0.0000e+00 108.85563 165.67 0.52411 0.00000 0.00000 0.00000 0.00000 0.00000 0.00000 0.00000 0.00000 0.00000 0.00000 7.7993 4.597e+12 1.509e+12
257 262 6.0361e+12 306.99 282.50 420.205 102.315 34 99.47485 11.67932 8.67505 76.49 -87.51 -164.90 -8.649e+12 1.592e+13 -5.308e+13 0.05616 102.31501 6.0361e+12 6.3380e+12 5.1307e+12 3.3199e+12 0.0000e+00 41.68893 0.00 0.07494 0.19903 0.01023 32.39778 -64.09447 116.71459 0.23838 0.00000 5.68151 -37.68104 88.08360 0.6151 5.714e+12 6.036e+12
258 263 6.0361e+12 300.72 263.11 420.205 128.416 34 84.72372 30.58752 67.08643 -97.23 3.81 17.35 6.236e+13 8.059e+13 -1.795e+13 0.08030 128.41582 6.0361e+12 6.0361e+12 0.0000e+00 0.0000e+00 0.0000e+00 61.73432 0.00 0.13826 0.40301 0.05323 -112.38811 238.08786 12.86236 0.00000 0.00000 0.00000 0.00000 0.00000 0.6837 5.542e+12 6.036e+12
259 256 5.7343e+12 312.61 223.83 413.081 76.532 34 88.39555 21.46293 54.40336 26.14 214.52 8.60 1.567e+13 2.187e+13 9.909e+12 0.03841 76.53181 5.7343e+12 5.7343e+12 5.7343e+12 2.4145e+12 0.0000e+00 72.49853 0.00 0.04174 0.64760 0.15326 11.97788 108.82317 63.55545 0.66443 0.10214 5.89881 -45.02679 78.53526 0.4234 5.888e+12 4.527e+12
260 243 2.4145e+12 238.12 141.76 309.609 51.699 34 40.07676 32.69495 52.97729 336.83 -567.98 -177.97 -1.176e+13 1.187e+12 1.078e+13 0.08008 51.69925 2.4145e+12 2.4145e+12 2.4145e+12 6.0361e+11 0.0000e+00 29.57959 0.00 0.09845 0.04971 0.00000 157.88754 -33.74675 -20.52721 0.00000 0.00000 0.00000 0.00000 0.00000 0.3778 3.695e+12 1.509e+12
261 259 2.4145e+12 278.57 154.27 309.609 24.219 33 91.65521 91.55776 28.45368 -210.33 516.43 -262.11 6.036e+12 -1.207e+13 -3.246e+12 0.07341 24.21935 2.4145e+12 2.4145e+12 2.4145e+12 2.4145e+12 0.0000e+00 59.84128 0.00 0.08544 0.23410 0.04229 -13.25398 119.47737 -67.14642 0.41615 0.03841 -58.44530 84.76280 -55.44437 0.3820 3.504e+12 3.018e+11
262 -1 1.8108e+12 200.85 64.58 281.299 88.865 33 49.25837 29.42211 76.21303 -108.67 44.89 -246.38 -2.332e+12 3.420e+12 -2.620e+12 0.03202 88.86454 1.8108e+12 1.8108e+12 0.0000e+00 0.0000e+00 0.0000e+00 89.76025 21.61 0.04870 0.00000 0.00000 9.26590 -105.30663 187.42371 0.00000 0.00000 0.00000 0.00000 0.00000 0.2568 3.875e+12 1.811e+12
263 275 2.7163e+12 233.54 183.23 322.007 84.158 33 2.97604 19.49782 85.30053 -356.61 -368.48 -108.28 1.329e+13 9.800e+11 7.137e+11 0.03772 84.15842 2.7163e+12 2.7163e+12 1.2072e+12 0.0000e+00 0.0000e+00 68.62392 11.41 0.06748 0.31915 0.16724 20.68187 134.74509 -43.62743 0.00000 0.00000 0.00000 0.00000 0.00000 0.6657 3.973e+12 2.716e+12
264 257 1.5090e+12 194.10 77.27 264.712 62.378 33 96.63307 4.61741 34.46244 -174.93 18.79 -10.85 -2.498e+11 -1.870e+12 -2.409e+12 0.02838 62.37754 1.5090e+12 1.5090e+12 6.0361e+11 0.0000e+00 0.0000e+00 96.05484 0.00 0.04122 0.43005 0.28891 110.85918 -74.67167 2.39289 0.00000 0.00000 0.00000 0.00000 0.00000 0.2575 4.406e+12 1.509e+12
265 260 1.2072e+12 177.65 111.17 245.737 66.441 32 33.46696 58.23790 37.11933 246.84 -97.84 -11.48 2.685e+12 -1.044e+12 -6.808e+12 0.01740 66.44058 1.2072e+12 1.5090e+12 0.0000e+00 0.0000e+00 0.0000e+00 92.74040 50.05 0.14443 0.53387 0.30281 107.64568 125.13583 94.54160 0.00000 0.00000 0.00000 0.00000 0.00000 1.0357 2.488e+12 1.207e+12
266 -1 1.2072e+12 232.34 227.86 245.737 15.827 32 10.57534 49.29316 55.66345 -22.81 -401.05 -182.42 -9.465e+12 -2.552e+12 4.323e+12 0.14306 15.82750 1.2072e+12 1.2072e+12 1.2072e+12 1.2072e+12 0.0000e+00 38.60981 0.00 0.20932 0.42416 0.18818 -21.82949 86.42737 -6.19914 0.44679 0.29355 -23.72483 89.33674 -48.35647 1.5934 3.322e+12 0.000e+00
267 266 3.9235e+12 270.66 146.21 363.998 76.494 31 74.05153 77.11166 13.00632 -184.27 305.78 240.33 1.564e+12 -1.920e+13 5.629e+12 0.04541 76.49407 3.9235e+12 4.2253e+12 1.5090e+12 0.0000e+00 0.0000e+00 36.46314 0.00 0.05499 0.39726 0.12366 117.16197 1.32058 -101.16206 0.00000 0.00000 0.00000 0.00000 0.00000 0.3401 3.889e+12 3.018e+12
268 268 3.6217e+12 271.89 215.08 354.414 60.122 31 97.26199 11.64643 8.73048 9.89 -12.33 -201.73 4.162e+12 3.136e+13 -1.042e+13 0.08352 60.12175 3.6217e+12 3.6217e+12 3.3199e+12 1.2072e+12 0.0000e+00 40.97406 0.00 0.10427 0.74235 0.36072 -28.36188 78.14344 -67.30527 0.69988 0.44227 -15.91754 69.77221 -9.42113 0.5070 4.418e+12 2.414e+12
269 261 1.5090e+12 209.46 83.50 264.712 37.503 31 17.23149 13.28485 13.69447 57.92 0.32 -241.08 -9.186e+11 -2.268e+11 4.963e+12 0.05653 37.50341 1.5090e+12 1.8108e+12 1.5090e+12 9.0542e+11 0.0000e+00 35.69495 0.00 0.06806 0.38448 0.16888 91.28671 -40.31356 23.88662 0.40579 0.17278 89.19486 -39.78018 22.17524 0.1935 3.265e+12 9.054e+11
270 271 4.2253e+12 286.12 182.58 373.101 63.429 30 25.82309 68.50548 37.05421 109.76 -161.80 -8.04 1.504e+12 -8.524e+12 1.160e+13 0.03328 63.42861 4.2253e+12 4.2253e+12 3.0181e+12 2.7163e+12 0.0000e+00 27.28619 0.00 0.03505 0.66726 0.12847 30.28786 6.43996 80.46439 0.31232 0.06610 -37.14634 -0.02604 60.42714 0.3583 3.958e+12 3.018e+12
271 119 5.1307e+12 301.24 211.57 398.046 73.739 30 52.50651 39.67067 50.88095 136.26 -501.95 -219.65 -1.078e+13 -9.975e+12 -4.471e+13 0.07289 73.73881 6.0361e+12 6.0361e+12 4.5271e+12 2.1127e+12 0.0000e+00 40.27305 41.76 0.08244 0.47990 0.03690 96.77795 14.90618 10.09990 0.88815 0.03474 -33.86333 49.03684 19.08185 0.4190 5.182e+12 3.923e+12
272 272 1.5090e+12 204.40 125.35 264.712 43.143 29 48.75640 58.88915 22.26031 407.13 51.15 40.33 1.523e+11 7.298e+12 -1.758e+12 0.06182 43.14257 1.5090e+12 1.5090e+12 1.5090e+12 3.0181e+11 0.0000e+00 26.15887 0.00 0.10113 0.19691 0.11703 103.68980 60.72225 -89.28237 0.00000 0.00000 0.00000 0.00000 0.00000 0.4983 3.441e+12 9.054e+11
273 215 4.2253e+12 272.08 258.39 373.101 92.426 27 99.89470 95.64085 14.95781 -392.19 482.35 -160.70 -1.560e+13 3.667e+13 1.744e+13 0.07536 92.42632 6.6398e+12 4.5271e+12 3.0181e+12 1.2072e+12 0.0000e+00 36.85894 24.40 0.10534 0.87730 0.44298 24.62447 103.55729 -80.29507 0.84967 0.22508 36.26632 78.93127 62.57199 0.6422 4.026e+12 4.225e+12
274 281 3.9235e+12 266.54 154.92 363.998 86.806 27 64.96463 86.49743 43.25232 196.63 17.12 140.57 2.003e+13 -2.371e+12 1.656e+13 0.06877 86.80605 3.9235e+12 3.9235e+12 3.0181e+12 1.8108e+12 0.0000e+00 12.03197 0.00 0.07150 0.12410 0.01764 -32.59464 142.42151 16.11890 0.12142 0.03014 -37.47445 102.34505 17.81900 0.2756 4.029e+12 3.923e+12
275 282 9.0542e+11 184.77 52.48 223.267 25.180 27 95.04448 82.18434 21.67520 -294.29 417.23 3.26 1.334e+12 -8.011e+11 1.030e+12 0.03178 25.18035 9.0542e+11 9.0542e+11 9.0542e+11 0.0000e+00 0.0000e+00 97.12098 0.00 0.05888 0.00000 0.00000 0.00000 0.00000 0.00000 0.00000 0.00000 0.00000 0.00000 0.00000 0.1868 1.953e+12 0.000e+00
276 283 4.2253e+12 269.72 192.51 373.101 100.888 27 31.84408 66.28760 10.62501 285.68 -134.78 81.72 -4.997e+12 -8.196e+12 3.008e+13 0.05884 100.88808 4.2253e+12 4.8289e+12 2.4145e+12 1.2072e+12 0.0000e+00 84.25555 49.20 0.07645 0.78577 0.29290 63.85110 4.73985 120.15009 0.69423 0.00000 22.87055 90.21100 -52.81885 0.4923 4.022e+12 4.527e+12
277 279 9.0542e+11 161.33 80.63 223.267 60.656 27 74.01840 23.66579 85.18797 -150.18 -203.89 47.28 3.852e+11 2.747e+12 -2.016e+12 0.02997 60.65650 9.0542e+11 1.2072e+12 0.0000e+00 0.0000e+00 0.0000e+00 98.05989 60.12 0.10822 0.00000 0.00000 0.00000 0.00000 0.00000 0.00000 0.00000 0.00000 0.00000 0.00000 1.2982 2.873e+12 9.054e+11
278 264 4.8289e+12 343.34 272.93 390.083 33.413 27 89.58376 14.24168 69.85661 -94.33 352.33 34.29 1.063e+13 -1.239e+13 -7.862e+12 0.03312 33.41329 4.8289e+12 6.3380e+12 4.2253e+12 3.9235e+12 0.0000e+00 68.33036 0.00 0.03512 0.48836 0.45210 60.11960 -22.55359 70.78877 0.63086 0.10840 6.22512 -24.83744 73.11571 0.5175 5.698e+12 2.113e+12
279 280 1.2072e+12 190.18 84.77 245.737 39.506 26 7.80351 34.67604 66.43801 -139.94 -366.77 -171.13 -1.610e+12 -6.062e+12 3.294e+12 0.07327 39.50639 1.2072e+12 1.5090e+12 1.2072e+12 0.0000e+00 0.0000e+00 101.24203 0.00 0.13841 0.67763 0.12211 122.60404 9.38963 20.16376 0.00000 0.00000 0.00000 0.00000 0.00000 0.4094 2.410e+12 3.018e+11
280 284 1.5090e+12 187.49 181.49 264.712 96.937 26 24.62365 13.67426 32.68970 150.04 64.22 81.29 -1.249e+12 -1.064e+13 -1.071e+13 0.16734 96.93702 1.5090e+12 2.1127e+12 0.0000e+00 0.0000e+00 0.0000e+00 168.73550 126.93 0.20398 0.61116 0.21776 80.23905 9.47432 190.72682 0.00000 0.00000 0.00000 0.00000 0.00000 2.3197 2.851e+12 2.414e+12
281 277 2.1127e+12 228.59 96.19 296.131 48.362 25 64.02074 99.68711 68.03663 6.46 291.67 -218.28 7.493e+09 -3.468e+12 2.469e+12 0.02964 48.36168 2.1127e+12 2.1127e+12 2.1127e+12 1.2072e+12 0.0000e+00 44.31151 0.00 0.03273 0.20997 0.06160 117.28983 -71.96240 -64.80525 0.56492 0.01119 25.50782 14.21122 109.01094 0.1937 2.257e+12 1.509e+12
282 285 3.6217e+12 279.97 151.89 354.414 50.674 25 5.51879 91.92363 80.42494 -56.13 482.12 130.73 7.649e+12 -7.755e+12 -2.311e+12 0.03529 50.67450 3.6217e+12 4.5271e+12 3.0181e+12 1.8108e+12 0.0000e+00 50.29424 0.00 0.03486 0.76733 0.11238 -11.25060 -54.24475 96.32236 0.01439 0.00000 63.83207 92.34612 34.65177 0.2651 4.183e+12 2.113e+12
283 278 1.8108e+12 203.68 178.56 281.299 74.778 25 85.82022 38.81391 63.87434 209.55 -230.82 -158.72 1.119e+13 -1.506e+13 1.214e+13 0.12709 74.77763 1.8108e+12 2.4145e+12 1.2072e+12 0.0000e+00 0.0000e+00 91.87289 133.21 0.22212 0.64168 0.04603 6.71399 161.15782 -66.89243 0.00000 0.00000 0.00000 0.00000 0.00000 1.4403 2.542e+12 1.811e+12
284 24 1.5090e+12 199.46 85.08 264.712 50.513 25 53.14677 22.65818 33.98384 -113.52 118.15 193.81 -8.035e+12 2.652e+11 6.884e+11 0.08171 50.51332 1.5090e+12 1.8108e+12 9.0542e+11 6.0361e+11 0.0000e+00 32.14531 0.00 0.10868 0.54017 0.17779 6.41855 98.38186 -10.99353 0.00000 0.00000 0.00000 0.00000 0.00000 0.2251 2.408e+12 9.054e+11
285 -1 2.4145e+12 219.96 269.54 309.609 106.268 25 47.19973 31.15253 46.76355 269.36 -713.10 -51.39 8.355e+12 1.770e+13 1.430e+11 0.08585 106.26842 2.7163e+12 3.9235e+12 1.5090e+12 9.0542e+11 0.0000e+00 87.33341 67.27 0.12047 0.17230 0.01701 -8.67747 -55.76710 128.60193 0.00000 0.00000 -15.50674 -13.67569 49.09134 1.5766 3.605e+12 4.225e+12
286 -1 1.5090e+12 194.27 89.87 264.712 61.902 25 25.73276 13.41899 34.32027 184.87 86.85 151.24 2.247e+12 -1.179e+12 1.310e+12 0.02909 61.90245 1.5090e+12 1.5090e+12 1.2072e+12 6.0361e+11 0.0000e+00 64.27193 24.00 0.03846 0.48312 0.06982 61.09968 61.90290 25.72681 0.00000 0.00000 0.00000 0.00000 0.00000 0.2749 2.850e+12 1.207e+12
287 -1 2.4145e+12 219.03 236.92 309.609 116.813 25 31.16746 14.61949 9.64618 148.93 -347.17 11.24 -1.435e+13 1.906e+13 1.151e+13 0.08366 116.81266 2.4145e+12 3.6217e+12 1.8108e+12 0.0000e+00 0.0000e+00 126.48424 36.53 0.16300 0.77377 0.14576 158.92010 14.83859 11.17403 0.00000 0.00000 0.00000 0.00000 0.00000 1.3194 3.302e+12 3.622e+12
