#ID DescID Mvir Vmax Vrms Rvir Rs Np X Y Z VX VY VZ JX JY JZ Spin rs_klypin Mvir_all M200b M200c M500c M2500c Xoff Voff spin_bullock b_to_a c_to_a A[x] A[y] A[z] b_to_a(500c) c_to_a(500c) A[x](500c) A[y](500c) A[z](500c) T/|U| M_pe_Behroozi M_pe_Diemer
#a = 0.453876
#Om = 0.285000; Ol = 0.715000; h = 0.695000
#FOF linking length: 0.280000
#Unbound Threshold: 0.500000; FOF Refinement Threshold: 0.700000
#Particle mass: 3.01807e+11 Msun/h
#Box size: 100.000000 Mpc/h
#Force resolution assumed: 0.0976562 Mpc/h
#Units: Masses in Msun / h
#Units: Positions in Mpc / h (comoving)
#Units: Velocities in km / s (physical, peculiar)
#Units: Halo Distances, Lengths, and Radii in kpc / h (comoving)
#Units: Angular Momenta in (Msun/h) * (Mpc/h) * km/s (physical)
#Units: Spins are dimensionless
#Np is an internal debugging quantity.
#Rockstar Version: 0.99.9-RC3
0 0 2.3541e+13 585.05 607.54 710.210 162.557 153 8.17468 2.80659 90.20460 -327.57 642.50 448.91 -9.066e+13 1.208e+14 -1.228e+14 0.02338 162.55719 2.3541e+13 2.3541e+13 2.2032e+13 1.2072e+13 5.7343e+12 111.88039 0.00 0.03236 0.54799 0.33364 -18.64933 123.78896 28.61971 0.45357 0.35135 18.81177 91.14713 -5.76061 0.6973 2.096e+13 2.203e+13
1 1 1.8108e+12 257.46 193.27 302.046 53.802 44 4.59159 6.07793 92.32082 51.35 -483.93 558.23 3.838e+12 -4.524e+12 -7.962e+12 0.05360 53.80173 1.8108e+12 1.8108e+12 1.8108e+12 3.0181e+11 0.0000e+00 56.70701 0.00 0.11866 0.08478 0.00000 -77.79315 112.44220 -11.30328 0.00000 0.00000 0.00000 0.00000 0.00000 0.7205 4.448e+12 9.054e+11
2 3 6.3380e+13 847.19 921.34 988.011 152.740 332 4.18351 4.63553 95.30187 181.90 264.36 -144.12 -2.782e+14 7.483e+14 -1.841e+14 0.01876 169.43207 6.3380e+13 6.3078e+13 5.4325e+13 3.9235e+13 1.5694e+13 80.17512 36.85 0.02614 0.72865 0.51614 135.06787 17.84125 -78.86153 0.88725 0.65070 117.24895 -11.86821 -9.29474 0.7315 6.529e+13 4.165e+13
3 2 5.4929e+13 758.90 813.59 941.989 465.710 258 5.73194 4.80262 93.41936 -300.62 157.54 475.53 -5.099e+13 -1.358e+14 8.061e+13 0.00496 268.70441 5.4929e+13 5.4627e+13 4.9798e+13 2.5955e+13 1.2374e+13 29.84370 49.92 0.00672 0.55863 0.39201 -91.30576 18.55572 100.05933 0.63956 0.44128 64.51073 -28.65531 -62.88189 0.6910 4.640e+13 7.938e+13
4 36 4.5271e+12 349.78 275.72 409.939 72.542 54 70.29668 1.25066 24.77918 167.84 323.93 164.11 1.106e+13 1.413e+13 -1.153e+13 0.03433 72.54237 4.5271e+12 4.5271e+12 4.5271e+12 0.0000e+00 0.0000e+00 33.70070 0.00 0.05535 0.49476 0.07994 105.50634 167.75342 83.36366 0.00000 0.00000 0.00000 0.00000 0.00000 0.6489 6.379e+12 2.113e+12
5 37 1.3581e+13 531.10 453.03 591.234 77.818 73 70.53688 2.97384 25.54535 127.28 -18.46 110.20 -8.477e+13 1.162e+13 -4.058e+13 0.03635 77.81797 1.3581e+13 1.3581e+13 1.2978e+13 9.6578e+12 0.0000e+00 23.25586 0.00 0.03938 0.93755 0.69898 -35.90406 -31.69896 114.26853 0.89588 0.39556 37.19745 78.24139 62.18865 0.5283 1.451e+13 9.054e+12
6 116 3.3199e+12 312.30 218.66 369.675 69.908 43 72.45417 0.75221 23.62557 -176.84 245.59 207.10 6.625e+12 -1.176e+13 -4.979e+12 0.04553 69.90846 3.3199e+12 3.3199e+12 3.3199e+12 1.2072e+12 0.0000e+00 30.80078 0.00 0.06260 0.26417 0.00419 55.80556 -28.70061 -32.11353 0.74949 0.14395 20.03613 63.56825 69.69054 0.5000 4.007e+12 1.509e+12
7 37 6.6398e+12 422.32 334.23 465.761 58.431 63 71.32423 4.38559 27.46237 -120.21 -187.58 65.61 -4.461e+12 4.014e+13 1.063e+13 0.05083 58.43053 6.6398e+12 6.6398e+12 6.3380e+12 3.9235e+12 0.0000e+00 32.46252 12.38 0.05724 0.61749 0.25531 65.04100 124.50706 62.67850 0.09734 0.00000 66.64211 163.29395 75.40075 0.5052 6.924e+12 3.622e+12
8 27 4.0744e+13 700.28 690.83 852.707 323.355 201 74.47008 4.27697 30.57808 -247.22 -117.42 -108.86 2.964e+13 -9.206e+13 -2.709e+14 0.01608 200.42984 4.0744e+13 4.0744e+13 3.8028e+13 1.8712e+13 8.4506e+12 67.97260 40.44 0.01917 0.87024 0.44964 -11.49272 84.29618 110.09280 0.65089 0.40108 -29.41314 47.54198 80.65794 0.6002 3.499e+13 5.282e+13
9 28 7.2434e+12 379.02 307.07 479.467 193.216 93 77.99554 3.96865 32.70558 -437.87 55.18 -135.27 7.014e+12 1.737e+13 -1.826e+13 0.02213 193.21628 7.2434e+12 7.2434e+12 5.1307e+12 9.0542e+11 0.0000e+00 103.16126 27.54 0.03101 0.18296 0.02482 131.26648 91.12610 203.85622 0.61536 0.15456 25.28386 39.55055 73.09330 0.5651 1.010e+13 1.388e+13
10 4 9.0542e+13 888.95 938.93 1112.745 464.132 462 23.06015 10.54224 2.94019 -71.24 95.74 151.08 1.299e+15 1.381e+15 1.029e+15 0.03071 355.35709 9.0542e+13 9.0542e+13 8.2997e+13 4.7987e+13 2.0221e+13 35.38140 53.50 0.03799 0.59676 0.33011 139.80322 90.11594 52.10010 0.68591 0.40972 109.40839 53.81613 21.32269 0.6390 7.539e+13 1.192e+14
11 5 4.2253e+12 348.27 214.14 400.619 63.194 41 25.67215 11.85267 4.30091 -395.02 -51.96 24.21 -9.266e+11 5.984e+12 3.761e+12 0.02053 63.19409 4.2253e+12 4.2253e+12 4.2253e+12 2.7163e+12 0.0000e+00 51.02323 0.00 0.02075 0.48752 0.09563 67.50814 44.39801 64.48807 0.64516 0.61021 55.59883 8.65304 50.07413 0.3202 3.806e+12 3.018e+12
12 9 4.7987e+13 737.24 714.84 900.508 341.892 225 71.51808 59.69690 49.39654 -46.88 236.03 -1.52 -4.051e+14 1.020e+14 -3.212e+14 0.02297 217.62195 4.7987e+13 4.7987e+13 4.5573e+13 2.4748e+13 9.9596e+12 53.50593 16.76 0.02673 0.85862 0.52771 28.08367 133.59564 -29.92871 0.84273 0.59422 25.35021 102.00596 -9.17331 0.5801 4.115e+13 6.066e+13
13 10 1.6298e+13 500.50 535.24 628.280 210.095 71 71.42967 62.07348 47.95043 -362.70 -296.69 437.37 -9.881e+13 -2.516e+14 2.245e+14 0.05008 210.09480 1.6298e+13 1.6298e+13 1.4185e+13 4.8289e+12 0.0000e+00 138.21504 0.00 0.10783 0.84940 0.39572 47.81308 -78.70081 126.01821 0.67133 0.04393 64.06837 -57.48898 71.62914 0.8437 1.853e+13 2.324e+13
14 10 8.1488e+12 404.68 415.96 498.666 131.206 56 71.91882 61.79090 48.08489 28.49 -98.11 471.12 -2.015e+13 -1.878e+13 5.589e+13 0.03467 131.20602 8.1488e+12 8.1488e+12 6.3380e+12 3.9235e+12 0.0000e+00 26.89613 0.00 0.06071 0.26597 0.08253 42.64002 44.82965 133.65233 0.06325 0.00000 41.52666 39.44995 123.14972 0.7775 8.218e+12 8.451e+12
15 6 2.4446e+13 597.91 565.68 719.201 152.860 110 71.96268 67.96492 54.27866 225.71 -70.21 -730.36 3.362e+13 -1.553e+13 1.662e+13 0.00560 152.86040 2.4446e+13 2.4446e+13 2.3541e+13 1.2978e+13 5.4325e+12 29.96715 0.00 0.00634 0.72785 0.46484 -8.28146 -53.23247 104.07851 0.53119 0.43927 -26.66957 -44.59846 66.28400 0.5612 2.129e+13 2.233e+13
16 8 5.2514e+13 812.21 831.71 927.980 139.825 219 73.03000 69.17319 53.06738 -199.45 -230.13 -122.22 -4.720e+14 1.673e+14 5.625e+14 0.02673 140.72075 5.2514e+13 5.2514e+13 5.0100e+13 3.9537e+13 1.1469e+13 37.24535 56.01 0.03288 0.45607 0.39818 102.40891 112.79675 54.26391 0.37960 0.36374 77.72878 94.38567 61.04162 0.6644 4.929e+13 3.863e+13
17 7 3.9235e+12 320.52 301.53 390.844 93.033 27 75.26041 70.63485 54.16818 -447.21 -379.31 -518.68 2.826e+13 -1.681e+13 -2.803e+13 0.06162 93.03326 4.2253e+12 3.9235e+12 3.9235e+12 1.2072e+12 0.0000e+00 49.79517 57.23 0.14232 0.35886 0.12754 106.26737 34.81998 95.41354 0.40454 0.06196 0.35914 106.35500 -40.75019 0.8318 3.514e+12 3.923e+12
18 11 2.9879e+13 616.24 643.95 768.954 234.603 156 52.16299 13.95823 40.39268 25.04 573.03 29.44 -4.705e+14 4.488e+12 3.041e+14 0.04283 234.60313 2.9879e+13 2.9879e+13 2.5955e+13 1.5090e+13 2.4145e+12 49.28794 0.00 0.06260 0.50846 0.31297 121.21047 -66.86162 -116.33996 0.81306 0.40573 35.48110 90.62626 56.71803 0.7142 2.902e+13 3.803e+13
19 13 2.9577e+13 643.61 623.64 766.356 151.032 129 52.71046 15.89771 41.01928 -286.65 -46.79 -110.21 -2.524e+14 -1.394e+14 -1.303e+13 0.02691 151.03203 2.9577e+13 2.9577e+13 2.8370e+13 1.6298e+13 4.8289e+12 98.87276 0.00 0.03280 0.91584 0.68382 -73.33731 -73.35295 80.22897 0.68712 0.49780 52.03503 81.78227 -0.33793 0.6129 2.874e+13 2.626e+13
20 15 3.9235e+12 317.43 289.46 390.844 102.018 46 51.79771 17.37810 43.02901 -223.20 3.98 -428.41 -5.001e+12 -3.633e+13 1.249e+13 0.05725 102.01844 3.9235e+12 3.9235e+12 2.7163e+12 0.0000e+00 0.0000e+00 83.76601 0.00 0.12762 0.45161 0.01692 -68.68661 -76.98083 98.67987 0.00000 0.00000 0.00000 0.00000 0.00000 0.8000 5.688e+12 3.923e+12
21 19 8.2092e+13 884.75 929.82 1076.990 284.669 304 53.35152 41.54250 58.45974 66.25 -250.66 -379.72 5.870e+14 1.158e+14 -1.942e+13 0.00999 252.43619 8.2092e+13 8.2092e+13 7.5150e+13 5.1005e+13 1.6901e+13 160.95680 118.95 0.01241 0.56876 0.32100 63.31200 -0.64063 153.91910 0.46178 0.26733 44.39361 22.44916 126.58279 0.6489 6.906e+13 8.511e+13
22 19 9.0542e+12 474.86 502.82 516.491 60.483 39 53.14117 42.25021 58.95206 -31.85 99.51 -85.03 -5.464e+12 -4.741e+13 -5.948e+12 0.02436 60.48287 1.1770e+13 9.0542e+12 9.0542e+12 7.8470e+12 1.2072e+12 25.85324 124.61 0.03931 0.92218 0.45991 -39.38451 106.40368 8.44980 0.70112 0.21381 1.93090 101.45074 22.11584 0.7968 9.961e+12 5.433e+12
23 17 4.2253e+12 318.46 387.25 400.619 139.376 54 92.94658 42.79348 60.88015 499.47 -296.23 86.54 -2.711e+13 1.616e+13 3.005e+13 0.07656 139.37619 5.1307e+12 4.2253e+12 2.7163e+12 1.2072e+12 0.0000e+00 59.84940 107.86 0.12686 0.80425 0.47231 181.25818 -83.80674 -36.42239 0.43246 0.00000 98.48896 -25.36732 -23.32472 1.3114 7.412e+12 7.847e+12
24 17 4.0442e+13 685.62 660.02 850.597 455.235 174 93.55673 42.39251 61.28279 -174.94 -288.96 109.91 -3.392e+14 -4.646e+14 -6.209e+14 0.04598 241.17696 4.0442e+13 4.0442e+13 3.7726e+13 1.6298e+13 6.6398e+12 48.47950 27.04 0.05711 0.46029 0.37433 124.43501 -80.42456 91.79845 0.65326 0.49244 62.87231 -6.29720 78.49143 0.6025 3.507e+13 6.972e+13
25 16 1.6298e+13 598.39 639.72 628.280 62.408 105 94.82944 41.28090 61.84828 -437.50 -242.94 -291.18 -2.549e+14 8.732e+13 -3.089e+13 0.05099 62.40846 1.6298e+13 1.6298e+13 1.5996e+13 1.1167e+13 6.0361e+12 68.55873 0.00 0.08322 0.60462 0.60189 -30.12620 82.78888 55.93792 0.82722 0.59752 -52.57178 54.32782 6.16606 0.8123 1.480e+13 7.243e+12
26 20 5.1005e+13 745.63 753.71 919.004 701.825 226 38.42567 16.24771 42.22726 250.96 214.59 88.82 -8.150e+14 1.623e+14 4.655e+14 0.03775 242.36887 5.1005e+13 5.1005e+13 4.8289e+13 2.7766e+13 1.2072e+13 109.82004 17.33 0.04365 0.69009 0.35702 77.07396 112.05116 24.94785 0.77258 0.41874 -32.79436 57.09728 74.37315 0.5886 4.376e+13 8.300e+13
27 21 5.1307e+12 358.51 365.42 427.404 84.977 37 39.41348 17.55648 42.63056 112.76 -321.92 -62.43 1.128e+13 3.997e+12 3.240e+13 0.02654 84.97700 5.4325e+12 5.1307e+12 4.5271e+12 1.2072e+12 0.0000e+00 26.42234 39.91 0.07276 0.68026 0.40743 1.17553 -80.75362 92.11938 0.10320 0.00000 19.01156 23.64961 70.17194 0.8981 5.401e+12 4.225e+12
28 22 2.1127e+12 251.11 230.01 317.971 134.480 69 38.71520 19.77271 42.97239 329.15 -376.93 -34.12 2.117e+12 -6.063e+12 7.804e+12 0.17102 134.47958 2.1127e+12 1.2072e+12 6.0361e+11 0.0000e+00 0.0000e+00 135.84521 86.15 0.09341 0.41392 0.00000 32.78522 162.00288 -2.66102 0.00000 0.00000 0.00000 0.00000 0.00000 5.6256 4.520e+12 4.829e+12
29 24 1.3280e+13 493.04 422.27 586.822 115.307 86 70.93641 60.63408 55.54582 8.49 337.58 -830.68 -1.535e+13 9.039e+13 -8.545e+13 0.05179 115.30719 1.3581e+13 1.3280e+13 1.2676e+13 8.1488e+12 3.6217e+12 21.35801 0.00 0.05410 0.78402 0.34817 -27.15044 -25.05854 105.29755 0.64641 0.25699 -35.79632 -53.97639 59.44773 0.4760 1.288e+13 1.056e+13
30 25 5.7947e+13 773.39 761.25 958.935 500.595 220 71.26874 62.12606 54.52687 48.89 -88.66 -457.20 -2.056e+11 -5.208e+14 -4.484e+14 0.02037 270.04126 5.7947e+13 5.7947e+13 5.4325e+13 2.8068e+13 7.2434e+12 54.82641 20.54 0.02546 0.73290 0.50980 79.63522 118.73717 -79.05260 0.62869 0.48411 -69.63551 -64.99634 66.90463 0.6128 4.976e+13 8.088e+13
31 23 6.3078e+13 790.45 809.73 986.440 304.978 280 58.53283 31.25104 31.76535 -198.96 -171.28 12.34 -7.212e+14 2.850e+14 -4.996e+14 0.02489 301.38217 6.3078e+13 6.3078e+13 5.4929e+13 3.5915e+13 1.5090e+13 38.17472 53.04 0.02967 0.45980 0.27163 121.93771 75.94473 -72.98972 0.48290 0.25200 89.67022 53.59429 -56.35526 0.6097 5.446e+13 7.485e+13
32 23 4.5271e+12 361.63 240.17 409.939 59.472 25 59.21210 31.79465 31.35616 -643.38 -925.04 118.82 -8.116e+12 -9.805e+12 3.906e+12 0.03114 59.47233 4.5271e+12 4.5271e+12 3.9235e+12 3.3199e+12 0.0000e+00 57.77271 0.00 0.03455 0.65000 0.49888 29.28638 154.15965 -4.10490 0.00000 0.00000 -64.33487 125.95367 -73.41194 0.3955 4.231e+12 3.018e+12
33 26 5.9456e+13 794.19 813.39 967.188 249.158 256 54.55528 28.13264 36.01403 -59.76 -90.82 -100.72 1.666e+14 -1.157e+14 1.345e+14 0.00711 227.58633 5.9456e+13 5.9456e+13 5.6740e+13 3.6519e+13 1.1167e+13 80.37591 25.44 0.00864 0.66924 0.41364 -62.87552 -12.09289 146.70238 0.54328 0.39861 -48.66276 -12.88951 115.69244 0.6289 5.160e+13 6.097e+13
34 32 1.2676e+13 489.44 460.19 577.792 107.267 136 67.63429 81.07109 47.91352 -1.08 126.46 -137.98 2.383e+13 -8.013e+13 -1.480e+13 0.03423 107.26721 1.2676e+13 1.2676e+13 1.1469e+13 8.7524e+12 3.0181e+12 52.84818 0.00 0.03961 0.77544 0.62813 55.53238 51.96581 77.56969 0.85979 0.68552 45.16925 56.36852 45.59485 0.5643 1.137e+13 9.658e+12
35 32 2.1127e+12 255.84 245.19 317.971 92.140 133 65.79185 84.94048 46.60142 73.79 -97.45 24.66 2.027e+12 9.112e+12 -3.920e+12 0.02898 92.14009 2.1127e+12 2.1127e+12 1.5090e+12 3.0181e+11 0.0000e+00 111.54539 48.12 0.09357 0.00000 0.00000 15.83862 -14.83917 91.27045 0.00000 0.00000 0.00000 0.00000 0.00000 1.1218 8.807e+12 2.414e+12
36 65 1.4185e+13 607.36 541.48 599.867 45.983 125 81.90975 15.02131 1.99525 -184.49 177.02 -17.07 -4.197e+13 -7.486e+13 4.059e+13 0.03074 45.98310 1.4185e+13 1.4185e+13 1.3581e+13 9.3560e+12 7.2434e+12 68.15341 0.00 0.03672 0.50437 0.23767 72.25256 -33.14195 -61.18659 0.54764 0.16868 -60.07954 28.60622 58.65214 0.6511 1.548e+13 6.640e+12
37 90 1.6901e+13 602.00 641.01 635.943 64.936 83 86.56313 14.16402 0.06759 -39.57 -11.54 86.25 -4.455e+13 -3.268e+13 -9.278e+13 0.01449 64.93597 1.6901e+13 1.6599e+13 1.5392e+13 9.0542e+12 6.9416e+12 102.38165 12.15 0.03119 0.63129 0.35056 76.02763 -27.94899 -39.91196 0.67146 0.19642 72.71375 -12.61560 -36.69540 0.8842 1.475e+13 7.847e+12
38 30 6.9416e+12 406.41 499.59 472.713 79.732 123 30.74200 12.49873 5.12641 -291.23 223.89 236.58 2.775e+13 1.882e+13 3.330e+13 0.02773 79.73167 6.9416e+12 6.9416e+12 5.7343e+12 4.2253e+12 0.0000e+00 23.25345 0.00 0.06014 0.23684 0.08438 168.62436 -52.93178 -51.66093 0.22085 0.10341 145.05238 -33.30909 -45.90993 1.1409 1.623e+13 4.527e+12
39 31 5.4325e+12 350.61 418.25 435.625 125.751 67 32.96951 12.53676 5.53649 -412.13 162.01 200.42 3.500e+13 2.050e+12 2.675e+13 0.04736 125.75053 5.4325e+12 5.4325e+12 3.6217e+12 2.1127e+12 0.0000e+00 77.64182 48.38 0.08444 0.33280 0.04883 -29.19896 171.41876 10.96426 0.76095 0.08591 35.16069 137.37276 16.75144 1.2703 7.448e+12 6.338e+12
40 40 3.0483e+13 758.86 786.67 774.098 67.805 179 73.92492 17.67890 1.14234 16.80 299.74 108.08 1.418e+14 -1.302e+14 2.312e+14 0.02621 67.80521 3.0483e+13 3.0483e+13 2.9577e+13 2.5352e+13 9.9596e+12 102.10526 0.00 0.03251 0.78016 0.56324 14.75250 109.36181 -17.48331 0.79562 0.52798 34.97711 94.51814 -18.84929 0.7194 3.549e+13 1.479e+13
41 38 3.7424e+13 735.06 754.82 828.888 116.233 170 46.39764 28.72091 45.56998 244.00 -176.17 -23.57 -4.264e+13 -2.665e+14 1.500e+13 0.01716 116.83333 3.7424e+13 3.7424e+13 3.5915e+13 2.7766e+13 9.9596e+12 46.45764 51.29 0.02075 0.59053 0.46018 -31.32592 72.41830 119.26840 0.59345 0.34923 -3.83725 79.13126 84.23149 0.6630 3.548e+13 2.505e+13
42 39 4.2253e+12 331.39 234.17 400.619 88.601 31 48.63297 28.71003 46.90833 -214.24 -9.68 -356.27 -4.507e+12 -1.405e+12 9.304e+12 0.02193 88.60117 4.2253e+12 4.2253e+12 4.2253e+12 9.0542e+11 0.0000e+00 69.84925 0.00 0.03037 0.44878 0.04464 127.96542 27.87393 16.30308 0.53228 0.00000 2.45465 32.35522 68.06173 0.5288 4.146e+12 3.622e+12
43 41 3.3199e+12 299.23 265.60 369.675 99.953 109 93.05254 23.92998 1.38240 -298.18 -435.66 -111.86 1.766e+13 1.553e+13 -1.710e+13 0.05731 99.95296 3.3199e+12 3.3199e+12 2.1127e+12 0.0000e+00 0.0000e+00 101.00236 0.00 0.12655 0.00974 0.00000 -30.72084 -95.29282 149.34514 0.00000 0.00000 0.00000 0.00000 0.00000 0.8009 6.977e+12 3.320e+12
44 42 9.9596e+12 552.38 394.51 533.163 37.310 83 96.15112 22.48441 1.51830 -417.44 -285.00 -29.68 -4.969e+11 8.414e+12 4.081e+13 0.03156 37.30992 9.9596e+12 9.9596e+12 9.6578e+12 6.3380e+12 4.8289e+12 35.99612 0.00 0.02906 0.54572 0.34828 84.49569 -37.58656 -2.78035 0.45931 0.28718 77.51545 -29.66006 -3.21169 0.4248 1.119e+13 4.225e+12
45 43 3.9235e+13 755.99 778.91 842.047 94.649 171 71.83366 22.11065 0.28223 191.62 -223.39 84.84 -2.920e+14 8.129e+13 2.343e+14 0.02258 111.14660 3.9235e+13 3.9235e+13 3.7122e+13 3.1388e+13 1.0865e+13 73.23832 21.96 0.02719 0.86031 0.79522 123.88380 27.28988 41.48552 0.69481 0.61712 107.04659 49.44685 41.28747 0.6653 3.852e+13 2.203e+13
46 81 2.2334e+13 643.97 578.99 697.856 80.281 140 66.61853 94.48986 67.15939 -67.02 382.93 -231.15 9.984e+13 1.512e+13 -1.700e+13 0.01626 80.28077 2.2334e+13 2.2334e+13 2.1428e+13 1.2072e+13 8.7524e+12 34.32631 0.00 0.01859 0.75634 0.41613 1.72014 92.95406 76.18960 0.71517 0.27932 35.17391 56.11507 58.39508 0.5917 2.112e+13 9.960e+12
47 93 1.2072e+12 242.02 200.16 263.861 31.257 47 64.25589 98.33913 68.81516 70.55 272.59 -261.78 -2.155e+12 1.563e+12 -4.153e+11 0.01069 31.25731 1.2072e+12 1.2072e+12 1.2072e+12 6.0361e+11 0.0000e+00 88.27723 0.00 0.06328 0.71774 0.55662 10.28568 7.89212 75.63652 0.00000 0.00000 0.00000 0.00000 0.00000 0.9584 4.380e+12 6.036e+11
48 44 2.4145e+13 630.26 606.60 716.229 105.352 183 99.33423 22.20300 75.42965 -0.10 49.02 120.11 2.103e+14 6.561e+13 -6.132e+13 0.03187 105.35184 2.4145e+13 2.4145e+13 2.2032e+13 1.7505e+13 4.8289e+12 93.10767 0.00 0.03645 0.86863 0.43059 38.63601 102.75534 48.86424 0.90904 0.31159 26.39478 97.89575 12.55157 0.6054 2.261e+13 1.720e+13
49 55 1.2072e+12 212.08 178.94 263.861 77.452 33 69.35143 24.15856 94.45653 251.15 -186.53 169.88 -1.151e+13 -2.879e+12 1.460e+12 0.15619 77.45192 1.2072e+12 1.2072e+12 9.0542e+11 3.0181e+11 0.0000e+00 48.91489 119.83 0.28088 0.41714 0.14431 26.42151 -45.93190 108.14650 0.00000 0.00000 0.00000 0.00000 0.00000 1.6039 1.779e+12 1.207e+12
50 56 3.9235e+12 309.12 522.53 390.844 154.503 142 71.73420 22.55027 98.86927 83.92 -346.81 471.36 -3.395e+13 2.926e+13 -1.799e+13 0.23780 154.50256 3.9235e+12 3.9235e+12 0.0000e+00 0.0000e+00 0.0000e+00 58.64224 232.70 0.15908 0.00000 0.00000 -138.54980 145.00618 9.81903 0.00000 0.00000 0.00000 0.00000 0.00000 3.4658 1.374e+13 9.658e+12
51 53 3.2293e+13 658.49 672.60 789.133 208.185 154 42.16039 42.13595 82.34808 128.10 -227.99 -253.30 -1.258e+14 9.990e+13 -1.083e+14 0.01598 163.03935 3.2293e+13 3.2293e+13 3.1086e+13 1.9617e+13 7.5452e+12 49.32336 13.85 0.01902 0.66085 0.56328 -21.07387 50.29590 114.49675 0.87009 0.71407 -40.44443 42.05004 71.29072 0.6249 2.881e+13 3.320e+13
52 46 9.0542e+11 223.07 110.13 239.734 26.503 28 81.02943 83.44016 2.48446 -275.55 264.12 490.76 8.204e+11 8.203e+11 3.205e+12 0.01736 26.50311 9.0542e+11 9.0542e+11 9.0542e+11 6.0361e+11 0.0000e+00 46.53664 110.13 0.12932 0.00000 0.00000 0.00000 0.00000 0.00000 0.00000 0.00000 0.00000 0.00000 0.00000 0.9611 2.113e+12 3.018e+11
53 48 4.5271e+12 328.31 265.71 409.939 126.234 29 80.50761 84.14163 3.35814 -190.90 307.64 421.39 -4.220e+13 3.787e+12 6.951e+12 0.06211 126.23354 4.5271e+12 4.5271e+12 3.0181e+11 3.0181e+11 0.0000e+00 34.48636 0.00 0.11142 0.72325 0.24151 -10.88406 135.99266 -59.33506 0.00000 0.00000 0.00000 0.00000 0.00000 0.6747 5.099e+12 5.131e+12
54 47 1.7203e+13 554.98 504.77 639.706 102.130 109 79.30619 85.25391 4.75277 -10.46 94.72 132.66 4.918e+13 2.856e+13 -5.411e+12 0.01486 102.13003 1.7203e+13 1.7203e+13 1.6901e+13 1.0563e+13 3.9235e+12 45.43175 0.00 0.01602 0.56223 0.23968 -41.84481 72.33565 76.63280 0.48868 0.27643 -54.26051 54.41055 53.54445 0.5381 1.628e+13 1.177e+13
55 45 3.1690e+13 630.91 658.96 784.185 258.838 166 64.86099 4.42507 71.88642 -16.56 84.34 -114.16 1.108e+14 -1.677e+14 -1.831e+14 0.02115 227.40527 3.1690e+13 3.1388e+13 2.8068e+13 1.8712e+13 6.0361e+12 57.34833 7.96 0.02755 0.61234 0.50901 119.64486 75.87105 -15.34655 0.62407 0.43626 96.64592 37.18827 -6.87059 0.6569 2.884e+13 4.044e+13
56 49 6.0361e+11 176.35 0.00 209.427 40.507 96 89.41357 12.90751 99.41508 -237.36 81.73 168.39 -3.565e+12 2.266e+12 1.437e+12 0.56511 40.50749 6.0361e+11 6.0361e+11 6.0361e+11 0.0000e+00 0.0000e+00 145.45679 291.93 0.33273 0.00000 0.00000 0.00000 0.00000 0.00000 0.00000 0.00000 0.00000 0.00000 0.00000 0.0000 4.582e+12 3.018e+11
57 58 8.7524e+12 404.96 312.72 510.687 187.413 76 27.17959 28.94135 63.66367 76.32 28.51 -56.71 2.290e+12 -1.384e+13 1.294e+13 0.01265 187.41298 8.7524e+12 8.7524e+12 6.6398e+12 1.5090e+12 0.0000e+00 33.33264 24.24 0.01650 0.70279 0.29070 -44.52658 -37.34426 105.39855 0.76266 0.16792 26.59104 -2.12844 53.35223 0.5200 1.178e+13 1.388e+13
58 59 4.5271e+12 343.51 295.04 409.939 82.109 44 28.97217 28.25387 64.73715 -25.71 32.63 -227.78 1.001e+13 1.639e+11 1.335e+13 0.02877 82.10851 4.5271e+12 4.5271e+12 3.6217e+12 2.1127e+12 0.0000e+00 16.64798 39.08 0.04331 0.39449 0.14574 40.08250 109.48531 29.04096 0.36348 0.00000 40.62218 108.01635 -19.89793 0.6558 6.041e+12 3.622e+12
59 64 2.9275e+13 622.52 554.75 763.741 192.335 153 65.86149 64.15348 38.79390 -50.52 48.54 155.85 -2.353e+14 -1.345e+14 9.609e+13 0.03038 192.33533 2.9275e+13 2.9275e+13 2.6559e+13 1.5694e+13 2.7163e+12 72.12482 0.00 0.03324 0.74022 0.60744 16.95192 -79.29253 126.30566 0.70374 0.42844 61.67898 77.98267 -41.11639 0.5037 2.493e+13 2.958e+13
60 94 9.9596e+12 422.92 345.68 533.163 194.096 88 39.28213 3.08689 4.76694 102.38 376.01 143.34 4.784e+13 2.010e+13 -5.128e+13 0.03844 194.09578 9.9596e+12 9.9596e+12 6.9416e+12 2.4145e+12 0.0000e+00 138.61163 0.00 0.05087 0.29498 0.11493 -77.36177 214.64572 75.16000 0.32398 0.11155 36.27054 77.82354 102.64741 0.5486 1.195e+13 1.720e+13
61 97 1.6298e+13 553.00 495.26 628.280 92.290 64 39.82280 4.30052 6.21034 -162.83 243.92 -41.77 2.204e+13 9.009e+12 1.064e+14 0.02849 92.28961 1.6298e+13 1.6298e+13 1.6298e+13 1.1167e+13 1.2072e+12 53.39007 0.00 0.03344 0.88030 0.64107 74.88087 81.32936 90.88506 0.21596 0.01520 70.01766 21.18169 75.78278 0.5778 1.659e+13 9.960e+12
62 54 2.6559e+13 664.86 663.90 739.349 96.776 144 38.81861 22.01144 60.84837 126.61 308.52 -195.87 8.584e+13 1.087e+14 3.257e+13 0.01662 96.77612 2.6559e+13 2.6559e+13 2.5352e+13 1.9014e+13 9.6578e+12 57.86395 0.00 0.01934 0.62700 0.48790 -37.61518 34.85746 114.99706 0.67541 0.58539 -51.34153 -1.26496 78.91496 0.6398 2.413e+13 1.600e+13
63 -1 2.1127e+12 274.24 153.06 317.971 52.604 26 42.67161 81.86344 44.90893 79.62 318.49 93.13 -6.940e+12 -3.976e+12 2.513e+12 0.06412 52.60382 2.1127e+12 2.1127e+12 1.8108e+12 9.0542e+11 0.0000e+00 35.17543 23.46 0.07749 0.60689 0.20035 83.07331 -34.22710 -27.52505 0.83550 0.23312 66.87804 -9.46481 14.83956 0.3433 2.265e+12 1.207e+12
64 67 2.0825e+13 601.97 601.20 681.771 98.420 113 42.22320 85.34422 45.68225 199.66 44.92 -20.80 9.905e+13 -6.903e+13 -6.075e+13 0.02289 98.42031 2.0825e+13 2.0825e+13 1.9919e+13 1.5090e+13 5.1307e+12 75.37580 0.00 0.02756 0.85255 0.47239 51.38263 112.54466 42.89480 0.89119 0.59426 78.76640 62.96443 27.26200 0.6438 1.928e+13 1.418e+13
65 52 2.4145e+12 267.71 137.12 332.444 95.349 138 65.30329 25.39117 88.97418 262.55 -17.46 55.88 1.329e+12 -3.853e+11 8.208e+10 0.00803 95.34860 2.4145e+12 2.4145e+12 1.5090e+12 3.0181e+11 0.0000e+00 61.95964 39.98 0.01026 0.42863 0.31415 85.77368 41.41156 -65.12899 0.00000 0.00000 0.00000 0.00000 0.00000 0.3104 1.039e+13 2.716e+12
66 71 2.2937e+13 610.47 559.23 704.087 112.808 137 89.85405 35.31157 66.87913 -35.81 -151.43 -191.76 9.745e+13 -8.338e+13 7.357e+13 0.02353 112.80780 2.2937e+13 2.2937e+13 2.2334e+13 1.6599e+13 4.8289e+12 57.10601 0.00 0.02567 0.80031 0.50815 42.53467 104.31696 -5.90982 0.84535 0.29477 24.47805 78.65055 -14.47574 0.5456 2.180e+13 1.750e+13
67 60 1.6298e+13 561.74 485.10 628.280 84.750 93 4.72258 3.85213 77.12193 -18.12 387.98 230.99 -9.435e+13 -5.013e+13 6.213e+12 0.02860 84.75020 1.6298e+13 1.6298e+13 1.4789e+13 8.1488e+12 4.5271e+12 39.74120 7.64 0.03284 0.86643 0.40652 26.53778 7.06851 100.22361 0.62778 0.37556 24.45734 69.20174 48.26641 0.5678 1.491e+13 8.149e+12
68 61 1.8108e+12 260.88 163.39 302.046 49.532 28 4.71278 5.82130 75.25738 -88.34 177.84 376.88 -1.458e+11 1.647e+12 6.481e+12 0.05463 49.53198 1.8108e+12 1.8108e+12 1.5090e+12 9.0542e+11 0.0000e+00 110.04425 35.82 0.07993 0.77253 0.20054 27.03698 65.94498 -31.54724 0.32290 0.00000 60.96978 -21.90870 31.75174 0.4735 3.524e+12 9.054e+11
69 70 1.5392e+13 585.09 555.07 616.423 62.183 113 32.67474 13.90687 43.43243 434.53 77.82 -106.45 2.395e+13 4.969e+13 7.084e+13 0.02636 62.18301 1.5392e+13 1.5392e+13 1.4789e+13 1.1167e+13 5.1307e+12 38.29228 0.00 0.03031 0.80265 0.35995 85.31526 33.73504 -10.14299 0.84480 0.32057 68.95553 41.71144 -10.33354 0.6320 1.456e+13 8.149e+12
70 -1 3.0181e+12 286.29 183.26 358.115 113.134 39 44.62879 18.11210 43.32595 -8.98 76.05 127.36 -9.899e+12 7.141e+12 1.382e+10 0.04816 113.13373 3.0181e+12 3.0181e+12 1.8108e+12 6.0361e+11 0.0000e+00 77.75496 13.56 0.06226 0.81327 0.38832 52.54499 -64.64697 113.54823 0.00000 0.00000 0.00000 0.00000 0.00000 0.4043 4.382e+12 3.622e+12
71 69 3.0181e+12 285.89 127.49 358.115 115.604 52 43.44502 17.85538 45.80964 -221.34 66.76 -355.77 -2.048e+12 1.141e+13 -6.228e+12 0.06039 115.60394 3.0181e+12 3.0181e+12 2.4145e+12 6.0361e+11 0.0000e+00 36.40371 24.74 0.06710 0.64605 0.17800 -69.42670 45.59805 190.40356 0.00000 0.00000 0.00000 0.00000 0.00000 0.1932 6.401e+12 4.527e+12
72 68 1.2072e+13 657.72 492.74 568.471 26.539 43 42.86828 17.77005 46.29161 160.71 197.59 -588.89 5.896e+12 3.350e+13 -2.085e+13 0.02168 26.53871 1.2072e+13 1.2072e+13 1.0563e+13 8.7524e+12 7.8470e+12 43.84162 0.00 0.02019 0.88294 0.73948 -40.46704 52.39036 48.28204 0.84779 0.80917 21.27671 34.63323 60.02274 0.5123 1.790e+13 3.018e+12
73 83 1.0563e+13 513.65 458.48 543.723 56.039 106 60.33293 28.43775 86.33234 286.95 -225.52 224.51 -8.351e+13 -1.218e+14 -1.585e+13 0.07281 56.03891 1.0563e+13 1.0563e+13 8.1488e+12 5.7343e+12 4.2253e+12 51.55984 28.32 0.09387 0.32913 0.28929 -9.79006 7.32532 90.68890 0.28286 0.18414 -2.25099 10.57775 83.96328 0.6558 1.164e+13 5.131e+12
74 76 2.9577e+13 723.83 750.65 766.356 79.054 123 34.62811 5.59125 41.02937 71.49 420.87 -30.50 5.872e+12 2.616e+13 1.733e+13 0.00296 79.05402 2.9577e+13 2.9577e+13 2.9577e+13 2.2636e+13 1.2072e+13 52.67421 0.00 0.00363 0.71555 0.44637 3.90162 112.10756 38.26352 0.76745 0.53517 -6.43178 78.20035 48.49728 0.7011 2.764e+13 1.539e+13
75 35 6.3380e+12 369.00 304.22 458.594 132.798 121 66.62632 25.98723 16.01377 -32.23 -91.13 -81.05 -1.025e+13 9.854e+12 1.231e+13 0.01733 132.79779 6.3380e+12 6.3380e+12 5.4325e+12 3.0181e+11 0.0000e+00 109.29247 3.84 0.02786 0.27827 0.07677 -10.53342 119.26773 185.47481 0.00000 0.00000 0.00000 0.00000 0.00000 0.6423 5.377e+12 6.640e+12
76 72 1.5996e+13 617.97 594.75 624.378 52.534 86 38.14534 9.37963 9.19896 -35.61 325.04 -40.29 6.726e+13 1.352e+13 -3.486e+13 0.02321 52.53377 1.5996e+13 1.5996e+13 1.4487e+13 1.4487e+13 7.5452e+12 53.12619 0.00 0.02436 0.81562 0.69054 -22.41783 87.68992 -12.84975 0.78379 0.55484 -36.00056 75.72321 -1.86050 0.6163 1.900e+13 7.545e+12
77 73 6.9416e+12 456.40 315.57 472.713 44.211 34 38.38400 10.45030 9.80661 -320.73 -89.76 -157.43 1.557e+13 -3.296e+13 1.501e+13 0.05461 44.21118 6.9416e+12 6.9416e+12 6.9416e+12 5.1307e+12 1.8108e+12 67.77618 0.00 0.05017 0.76915 0.33762 -2.98116 81.50906 36.32213 0.71853 0.34880 12.79896 74.29649 32.10611 0.3684 6.938e+12 3.622e+12
78 62 2.1127e+12 252.30 272.71 317.971 114.944 48 52.67912 44.25629 44.50114 -56.75 -0.91 112.89 -4.478e+12 1.771e+13 -1.374e+13 0.16530 114.94415 2.1127e+12 2.1127e+12 0.0000e+00 0.0000e+00 0.0000e+00 150.01401 95.04 0.21126 0.57855 0.06862 81.75838 153.84937 -93.02010 0.00000 0.00000 0.00000 0.00000 0.00000 1.9108 6.121e+12 4.225e+12
79 63 1.0261e+13 445.66 426.50 538.495 118.625 57 52.87302 45.99584 44.03529 -30.29 -367.24 38.44 3.097e+13 1.506e+13 -8.580e+13 0.04035 118.62536 1.0261e+13 1.0261e+13 9.0542e+12 4.5271e+12 0.0000e+00 115.85445 0.00 0.06134 0.84324 0.48694 151.19318 46.46742 52.30161 0.56186 0.20304 -23.57873 -77.91362 98.91053 0.6996 8.957e+12 9.054e+12
80 74 3.9235e+12 310.58 273.25 390.844 136.917 40 69.60831 38.02566 55.37724 -91.57 37.22 74.17 -3.048e+13 2.288e+11 4.453e+12 0.05389 136.91666 3.9235e+12 3.9235e+12 3.0181e+12 9.0542e+11 0.0000e+00 104.10745 61.17 0.10146 0.28773 0.03884 54.54045 52.58917 64.31821 0.63453 0.00000 34.33506 25.92504 55.44206 0.7449 5.675e+12 6.942e+12
81 75 1.3883e+13 599.31 522.33 595.582 46.808 62 69.93265 39.07094 55.78607 -127.12 -262.83 -140.15 7.087e+13 -1.687e+13 2.177e+13 0.03029 46.80845 1.3883e+13 1.3883e+13 1.3581e+13 1.2072e+13 4.5271e+12 19.37282 0.00 0.03048 0.77530 0.60834 7.47438 99.05409 19.96515 0.59179 0.43692 31.84901 87.35133 4.33686 0.5534 1.552e+13 6.036e+12
82 78 1.5090e+12 233.36 92.34 284.236 66.981 46 51.43678 40.43100 48.98318 142.07 73.36 -47.35 1.525e+12 8.004e+11 1.327e+11 0.01878 66.98133 1.5090e+12 1.5090e+12 1.5090e+12 0.0000e+00 0.0000e+00 141.74438 0.00 0.02797 0.59430 0.25789 50.43827 162.08217 26.01800 0.00000 0.00000 0.00000 0.00000 0.00000 0.2658 7.525e+12 1.509e+12
83 79 5.4325e+12 366.12 328.78 435.625 85.402 56 51.70089 42.01582 48.30605 96.79 -483.60 -138.22 -5.595e+13 3.320e+12 5.825e+12 0.05348 85.40199 5.4325e+12 5.4325e+12 5.4325e+12 1.2072e+12 0.0000e+00 76.86200 142.44 0.10790 0.02665 0.00000 -46.71627 49.10126 -42.71722 0.46222 0.00617 35.23965 -44.67665 56.45324 0.8098 8.029e+12 4.527e+12
84 80 1.5090e+12 244.68 166.71 284.236 47.564 99 79.11562 26.03331 79.21658 -94.95 -65.21 38.76 -3.714e+12 2.932e+11 -7.190e+12 0.07923 47.56413 1.5090e+12 1.5090e+12 1.5090e+12 6.0361e+11 0.0000e+00 49.97800 0.00 0.13113 0.74449 0.23675 -29.59427 -34.50357 117.94504 0.00000 0.00000 0.00000 0.00000 0.00000 0.5446 8.404e+12 9.054e+11
85 82 2.2334e+13 634.63 625.97 697.856 86.258 96 38.34867 83.35741 96.08876 198.46 147.83 63.05 -5.235e+13 -3.681e+13 3.612e+13 0.01180 86.25788 2.2334e+13 2.2334e+13 2.2032e+13 1.5694e+13 7.8470e+12 93.02772 0.00 0.01334 0.81383 0.48740 77.89372 77.49132 24.80241 0.84422 0.49840 67.75578 -64.54604 9.51208 0.6218 2.100e+13 1.298e+13
86 84 1.3280e+13 573.33 525.21 586.822 52.147 89 96.73970 24.32624 49.77363 -40.53 -201.20 271.51 -7.568e+13 -2.423e+13 4.770e+13 0.03325 52.14666 1.3280e+13 1.3280e+13 1.1469e+13 9.0542e+12 5.7343e+12 40.04595 0.00 0.04001 0.66329 0.33755 106.44443 -10.11345 0.25021 0.48230 0.36177 81.06660 36.72409 15.67514 0.6592 1.391e+13 6.942e+12
87 29 7.8470e+12 421.00 384.98 492.432 86.042 88 27.95786 12.21652 4.75611 -218.36 14.36 192.11 -3.369e+13 8.715e+12 -1.097e+13 0.02979 86.04163 8.7524e+12 7.5452e+12 7.2434e+12 4.8289e+12 0.0000e+00 49.02300 46.11 0.03786 0.25400 0.12499 -73.04340 79.76933 -47.05558 0.64545 0.42104 -66.73244 83.12682 -48.41098 0.6068 9.307e+12 6.036e+12
88 86 4.5271e+12 351.04 203.74 409.939 70.899 38 58.84792 0.69586 62.68446 163.82 19.93 133.70 -5.181e+12 3.920e+13 1.409e+13 0.09570 70.89860 4.5271e+12 4.5271e+12 4.5271e+12 3.0181e+11 0.0000e+00 43.27954 0.00 0.10893 0.23167 0.04302 88.16503 -20.22078 68.73862 0.00000 0.00000 0.00000 0.00000 0.00000 0.3354 4.402e+12 2.113e+12
89 87 6.3380e+12 404.12 283.29 458.594 66.924 48 56.89189 0.20672 67.12625 251.24 125.82 -4.36 2.229e+13 -2.162e+13 3.202e+13 0.06030 66.92361 6.3380e+12 6.3380e+12 4.8289e+12 4.2253e+12 0.0000e+00 47.15076 21.89 0.06605 0.87407 0.59321 12.20101 -29.58192 99.88871 0.86045 0.39917 14.17259 -18.26261 104.07205 0.4309 5.785e+12 4.225e+12
90 105 1.5090e+13 508.28 451.72 612.367 131.789 83 51.86461 52.84813 39.74456 158.71 -108.51 -97.26 -1.104e+14 -6.173e+13 -4.263e+13 0.04053 131.78851 1.5090e+13 1.5090e+13 1.3280e+13 8.4506e+12 1.8108e+12 46.95094 0.00 0.04656 0.75125 0.53898 7.43837 116.75674 -66.77374 0.72028 0.59410 -13.90510 95.60859 -44.67783 0.5403 1.305e+13 1.328e+13
91 57 9.0542e+11 189.19 197.43 239.734 108.424 80 17.21648 9.82996 1.15138 190.27 -19.66 127.35 -3.973e+12 5.656e+12 -6.685e+12 0.29426 108.42373 9.0542e+11 6.0361e+11 6.0361e+11 0.0000e+00 0.0000e+00 74.86591 86.83 0.36481 0.00000 0.00000 0.00000 0.00000 0.00000 0.00000 0.00000 0.00000 0.00000 0.00000 3.3579 7.243e+12 2.414e+12
92 85 8.4506e+12 484.04 362.15 504.748 48.630 79 2.05585 18.03069 53.54799 -114.76 249.44 -145.85 7.102e+13 -1.590e+13 2.567e+13 0.07296 48.63023 8.4506e+12 8.4506e+12 7.8470e+12 6.9416e+12 2.7163e+12 49.32687 20.38 0.07076 0.57690 0.33067 65.59306 45.22868 -59.03288 0.57579 0.18932 62.22749 57.33515 -32.79082 0.4345 8.768e+12 4.225e+12
93 96 6.6398e+12 386.70 285.39 465.761 100.012 52 3.46010 99.34033 1.25940 -189.84 535.70 -37.70 -7.564e+12 -1.719e+13 5.460e+12 0.02258 100.01186 6.6398e+12 6.6398e+12 6.3380e+12 1.8108e+12 0.0000e+00 99.74711 21.13 0.02681 0.21589 0.00000 26.92701 165.79131 -85.15559 0.63387 0.00000 46.26684 82.60764 -23.18974 0.4621 6.265e+12 6.036e+12
94 89 2.7163e+12 279.49 216.98 345.756 94.900 75 53.64869 56.04177 36.86932 -118.50 -71.66 79.09 -3.630e+11 -2.271e+12 7.479e+12 0.02694 94.89974 2.7163e+12 2.7163e+12 2.4145e+12 0.0000e+00 0.0000e+00 75.75745 0.00 0.04757 0.69256 0.21498 -12.16540 -119.93419 177.13481 0.00000 0.00000 0.00000 0.00000 0.00000 0.6503 6.976e+12 2.716e+12
95 91 6.6398e+12 370.18 353.43 465.761 162.579 74 76.60084 57.14897 50.56582 -528.74 108.45 9.81 3.785e+12 4.688e+12 2.129e+13 0.01354 162.57877 6.6398e+12 6.6398e+12 4.2253e+12 3.0181e+11 0.0000e+00 57.34939 7.12 0.03032 0.29643 0.07098 4.94150 155.74286 -127.76095 0.00000 0.00000 0.00000 0.00000 0.00000 0.8151 8.511e+12 1.056e+13
96 100 4.5271e+12 327.72 254.08 409.939 129.554 74 70.87621 25.85159 3.69880 104.39 -494.96 157.29 -2.284e+13 1.740e+13 -1.011e+13 0.05104 129.55435 4.5271e+12 4.5271e+12 2.7163e+12 0.0000e+00 0.0000e+00 59.45218 0.00 0.07899 0.13816 0.00000 22.89559 157.72166 16.73277 0.00000 0.00000 0.00000 0.00000 0.00000 0.5920 7.201e+12 7.243e+12
97 101 1.7505e+13 636.85 577.87 643.425 54.127 73 65.53803 91.51282 27.30022 190.03 342.71 22.47 -2.994e+13 -3.868e+13 -7.968e+13 0.02184 54.12712 1.7505e+13 1.7505e+13 1.6901e+13 1.0865e+13 7.5452e+12 119.67152 0.00 0.02547 0.58604 0.42699 30.69227 73.34007 -38.03435 0.49106 0.39522 25.04696 69.63705 -32.65859 0.6380 1.702e+13 7.847e+12
98 99 1.4487e+13 578.57 539.18 604.091 58.534 73 38.00546 52.26284 42.78346 229.10 -96.07 -33.80 -4.595e+13 7.825e+11 3.838e+12 0.01515 58.53435 1.4487e+13 1.4487e+13 1.4185e+13 1.2676e+13 3.9235e+12 52.58700 0.00 0.01722 0.59024 0.53555 -70.56131 66.32007 -60.85142 0.39303 0.12297 -41.72985 75.61229 -56.40752 0.6227 1.682e+13 6.036e+12
99 92 7.2434e+12 432.41 334.40 479.467 61.825 72 87.77551 52.68018 70.90173 -213.13 -379.21 -203.67 2.103e+13 1.833e+13 -5.563e+12 0.03252 61.82484 7.2434e+12 7.2434e+12 7.2434e+12 5.4325e+12 0.0000e+00 25.34163 0.00 0.03373 0.79327 0.26945 27.91284 106.30507 -60.26073 0.69975 0.30308 -0.08814 81.19824 -68.11276 0.4604 7.129e+12 4.225e+12
100 88 3.0181e+12 296.22 188.47 358.115 79.227 72 90.24477 89.86942 23.16436 7.00 377.40 -23.23 -8.548e+12 -1.258e+13 -9.021e+12 0.06273 79.22710 3.0181e+12 3.0181e+12 3.0181e+12 3.0181e+11 0.0000e+00 26.18208 0.00 0.09020 0.59114 0.07943 -105.72903 64.79035 104.79857 0.00000 0.00000 0.00000 0.00000 0.00000 0.4788 5.196e+12 2.414e+12
101 102 1.2374e+13 505.54 419.05 573.170 83.234 71 5.29992 12.90606 11.18488 -87.74 -143.95 -284.64 -1.417e+13 1.372e+13 1.313e+13 0.01058 83.23372 1.2374e+13 1.2374e+13 1.2374e+13 9.0542e+12 0.0000e+00 42.60812 0.00 0.01151 0.49544 0.28064 154.05785 17.62188 99.14017 0.15797 0.01046 169.61908 20.41298 54.28713 0.4965 1.154e+13 8.752e+12
102 103 5.4325e+12 353.51 243.59 435.625 114.647 70 82.07261 30.09754 66.90966 -92.80 -65.80 66.61 1.967e+13 -6.551e+12 1.794e+13 0.04765 114.64660 5.4325e+12 5.4325e+12 4.8289e+12 2.7163e+12 0.0000e+00 38.69556 18.91 0.05250 0.44706 0.26405 88.62945 133.31555 8.74702 0.48124 0.24281 97.61560 99.58276 1.64573 0.3868 7.214e+12 5.433e+12
103 98 1.2072e+12 218.15 82.92 263.861 58.610 68 41.68710 29.69937 75.68881 271.44 21.27 -223.17 -1.433e+12 3.799e+11 6.538e+11 0.02467 58.61039 1.2072e+12 1.2072e+12 1.2072e+12 0.0000e+00 0.0000e+00 39.07926 17.46 0.03807 0.71833 0.00000 -28.30021 99.70184 -19.72902 0.00000 0.00000 0.00000 0.00000 0.00000 0.2538 4.411e+12 9.054e+11
104 108 9.3560e+12 448.59 358.17 522.167 88.486 66 21.78399 13.70788 29.91417 225.93 37.73 -91.93 -1.608e+13 9.129e+13 2.558e+13 0.07208 88.48626 9.3560e+12 9.3560e+12 8.4506e+12 5.7343e+12 2.4145e+12 6.80872 0.00 0.07442 0.31946 0.20662 132.47450 28.52688 -37.80515 0.32469 0.03358 120.60470 33.70667 -19.10943 0.4504 8.692e+12 7.243e+12
105 77 6.0361e+11 242.02 0.00 209.427 9.817 62 60.53757 8.89585 86.42274 152.02 -95.62 168.87 0.000e+00 0.000e+00 0.000e+00 0.00000 9.81705 6.0361e+11 6.0361e+11 6.0361e+11 6.0361e+11 0.0000e+00 19.93232 0.00 0.00000 0.00000 0.00000 0.00000 0.00000 0.00000 0.00000 0.00000 0.00000 0.00000 0.00000 0.0000 3.965e+12 3.018e+11
106 104 3.0181e+12 295.24 224.18 358.115 81.432 61 57.58210 30.31929 27.61543 -11.84 -126.91 320.23 1.649e+13 -1.583e+12 2.542e+13 0.09074 81.43188 3.0181e+12 3.0181e+12 3.0181e+12 3.0181e+11 0.0000e+00 33.34192 0.00 0.15477 0.66396 0.24159 108.73982 113.70390 94.90494 0.00000 0.00000 0.00000 0.00000 0.00000 0.6306 4.475e+12 2.716e+12
107 106 3.3199e+12 305.39 185.48 369.675 82.648 60 2.89095 12.53264 9.49203 -29.10 -118.39 -96.25 2.257e+12 1.649e+13 -4.349e+11 0.05257 82.64808 3.3199e+12 3.3199e+12 3.3199e+12 0.0000e+00 0.0000e+00 75.85142 0.00 0.07247 0.29666 0.09989 -66.40439 92.50888 183.83690 0.00000 0.00000 0.00000 0.00000 0.00000 0.4341 5.631e+12 2.414e+12
108 110 4.5271e+12 387.86 237.93 409.939 41.953 57 97.42469 23.65396 53.11068 -78.37 -29.96 -66.63 6.526e+12 2.537e+12 5.507e+11 0.01988 41.95319 4.5271e+12 4.5271e+12 4.5271e+12 3.6217e+12 0.0000e+00 25.36835 0.00 0.01823 0.79881 0.28445 -29.43959 45.84291 107.30429 0.77096 0.05347 -59.01687 -27.62846 78.81819 0.3076 6.231e+12 2.414e+12
109 115 6.0361e+12 359.88 254.61 451.196 147.717 55 36.26522 27.63939 50.69349 427.37 -166.40 -186.11 2.283e+13 7.981e+12 -3.635e+12 0.03302 147.71715 6.0361e+12 6.0361e+12 4.5271e+12 2.7163e+12 0.0000e+00 62.91233 0.00 0.03929 0.60538 0.05471 -79.01543 46.40139 165.69212 0.22031 0.00000 -39.69202 50.55243 134.66597 0.4319 7.059e+12 9.356e+12
110 111 8.1488e+12 404.81 333.59 498.666 130.778 53 96.13347 28.45650 63.74657 -26.37 60.79 84.51 2.714e+13 -2.973e+13 -1.112e+13 0.02908 130.77762 8.1488e+12 8.1488e+12 6.3380e+12 1.8108e+12 0.0000e+00 183.59639 32.36 0.04069 0.17969 0.00466 198.32965 103.68713 47.21997 0.85686 0.43298 63.31036 -41.29713 22.64105 0.5981 7.404e+12 8.752e+12
111 113 4.8289e+12 337.86 227.24 418.853 117.759 52 1.53455 25.10080 70.92247 -470.18 -69.82 16.49 -3.973e+12 -1.508e+13 -3.591e+11 0.03129 117.75856 4.8289e+12 4.8289e+12 3.6217e+12 2.1127e+12 0.0000e+00 8.26756 0.00 0.03634 0.32017 0.01536 169.85733 87.06937 -88.99216 0.13377 0.02691 50.79750 99.83156 -13.29759 0.3931 4.838e+12 5.131e+12
112 117 6.9416e+12 389.15 334.84 472.713 108.806 52 71.72038 65.16214 54.36950 118.30 -185.78 -680.48 2.250e+13 -5.371e+13 9.063e+12 0.05483 108.80624 6.9416e+12 6.9416e+12 5.7343e+12 2.1127e+12 0.0000e+00 34.01098 62.94 0.07500 0.16347 0.04323 138.11461 -17.76998 -6.80500 0.59991 0.23736 47.11194 -41.24084 49.83315 0.6051 7.199e+12 5.734e+12
113 107 2.7163e+12 273.01 135.30 345.756 147.810 51 61.72828 42.06905 69.39077 -12.91 -172.61 -579.33 1.536e+12 7.407e+12 -5.636e+12 0.04234 147.81030 2.7163e+12 1.8108e+12 1.2072e+12 0.0000e+00 0.0000e+00 48.76080 97.53 0.05735 0.35314 0.01109 -3.93192 64.32615 230.73436 0.00000 0.00000 0.00000 0.00000 0.00000 0.3607 5.964e+12 7.545e+12
114 114 1.8108e+12 249.90 190.58 302.046 66.697 49 41.86681 0.44121 23.27542 182.87 266.66 -83.13 7.442e+12 -2.404e+12 9.844e+12 0.07787 66.69740 1.8108e+12 1.8108e+12 1.2072e+12 3.0181e+11 0.0000e+00 72.32452 27.09 0.15024 0.47214 0.10690 -12.24927 -49.62308 91.64198 0.00000 0.00000 0.00000 0.00000 0.00000 0.6776 4.137e+12 1.509e+12
115 109 5.4325e+12 376.32 281.06 435.625 71.352 49 86.41627 70.57414 9.79661 -329.29 231.69 115.02 -1.022e+13 4.741e+12 2.540e+12 0.01930 71.35234 5.4325e+12 5.4325e+12 5.1307e+12 3.3199e+12 0.0000e+00 24.69263 0.00 0.02212 0.38463 0.09062 -40.84563 120.51448 -0.63509 0.11668 0.05207 56.92557 69.39192 -54.98657 0.4655 5.323e+12 3.320e+12
116 112 2.4145e+12 265.61 179.08 332.444 106.014 49 24.91264 58.47489 24.52751 244.10 -101.35 256.94 -7.026e+12 -4.183e+12 7.573e+12 0.04799 106.01379 2.4145e+12 2.4145e+12 1.2072e+12 9.0542e+11 0.0000e+00 32.49347 77.99 0.08246 0.47631 0.06781 -49.26162 -44.45781 73.56374 0.80072 0.07895 -37.20782 -28.08404 83.75610 0.6165 4.255e+12 3.622e+12
117 -1 2.1127e+12 265.26 174.18 317.971 65.830 48 77.17012 32.38446 9.74006 -336.93 -399.67 -149.93 -1.636e+12 4.843e+12 1.545e+12 0.03229 65.83046 2.1127e+12 2.1127e+12 2.1127e+12 9.0542e+11 0.0000e+00 53.66698 0.00 0.04936 0.59895 0.03112 57.32620 -30.71456 -45.31670 0.04405 0.00000 63.65313 -34.64962 -57.68755 0.5043 4.309e+12 1.509e+12
118 77 8.4506e+12 406.86 284.03 504.748 143.076 46 62.26237 9.16387 89.26547 36.09 141.40 -79.43 1.793e+13 4.103e+12 2.203e+12 0.01485 143.07614 8.4506e+12 8.4506e+12 7.8470e+12 6.0361e+11 0.0000e+00 18.17026 17.69 0.01698 0.19889 0.05684 114.89182 -11.78257 99.84167 0.00000 0.00000 0.00000 0.00000 0.00000 0.4071 7.134e+12 8.451e+12
119 121 2.4145e+12 263.70 139.82 332.444 121.069 46 19.62737 12.54502 44.87982 299.57 95.65 -2.91 1.616e+13 -5.672e+11 -4.971e+12 0.08698 121.06863 2.4145e+12 2.4145e+12 1.2072e+12 0.0000e+00 0.0000e+00 58.21859 89.81 0.12514 0.36113 0.09569 168.25220 -38.64191 59.07537 0.00000 0.00000 0.00000 0.00000 0.00000 0.4153 5.778e+12 2.716e+12
120 6 6.0361e+11 165.84 0.00 209.427 79.612 44 71.13850 70.21668 55.22813 338.87 -293.99 -762.77 9.827e+11 -1.727e+11 2.419e+11 0.01737 79.61172 6.0361e+11 6.0361e+11 0.0000e+00 0.0000e+00 0.0000e+00 179.73837 45.51 0.07656 0.00000 0.00000 0.00000 0.00000 0.00000 0.00000 0.00000 0.00000 0.00000 0.00000 0.0000 3.819e+12 1.207e+12
121 123 6.0361e+11 173.46 0.00 209.427 45.840 43 75.64305 32.28002 61.95901 66.46 -133.16 -60.54 -6.759e+11 8.551e+10 -2.639e+11 0.02151 45.84020 6.0361e+11 6.0361e+11 6.0361e+11 3.0181e+11 0.0000e+00 82.37905 97.56 0.05448 0.00000 0.00000 0.00000 0.00000 0.00000 0.00000 0.00000 0.00000 0.00000 0.00000 0.0000 3.439e+12 3.018e+11
122 128 6.0361e+11 214.35 0.00 209.427 15.373 42 70.74716 84.92648 41.18545 -291.09 68.12 87.75 0.000e+00 0.000e+00 0.000e+00 0.00000 15.37344 6.0361e+11 6.0361e+11 6.0361e+11 6.0361e+11 0.0000e+00 74.04230 0.00 0.00000 0.00000 0.00000 0.00000 0.00000 0.00000 0.00000 0.00000 0.00000 0.00000 0.00000 0.0000 2.260e+12 0.000e+00
123 127 7.2434e+12 590.76 504.17 479.467 18.092 42 79.11777 9.70802 62.26408 -91.74 151.98 3.53 -4.254e+12 5.362e+12 -4.752e+12 0.01033 18.09158 7.2434e+12 7.2434e+12 6.9416e+12 6.6398e+12 5.4325e+12 9.46722 0.00 0.00988 0.63831 0.54974 48.06651 -39.15195 21.50630 0.62972 0.42208 44.12495 -33.63925 26.57101 0.6111 1.305e+13 3.018e+12
124 119 5.7343e+12 381.56 216.00 443.547 74.548 41 54.80062 38.26507 53.07108 -214.76 7.54 -80.64 2.337e+12 -9.230e+12 3.724e+12 0.01821 74.54811 5.7343e+12 5.7343e+12 5.7343e+12 3.6217e+12 0.0000e+00 67.49261 0.00 0.01789 0.89660 0.28191 91.43031 -5.87998 110.35809 0.34970 0.01690 86.32527 83.46825 -16.96605 0.2705 5.534e+12 3.622e+12
125 134 9.0542e+11 190.16 153.24 239.734 87.367 41 44.49863 21.35006 40.94826 103.97 -8.07 416.07 1.424e+11 -4.636e+12 2.508e+12 0.15364 87.36703 9.0542e+11 9.0542e+11 6.0361e+11 0.0000e+00 0.0000e+00 78.23547 153.24 0.20003 0.00000 0.00000 0.00000 0.00000 0.00000 0.00000 0.00000 0.00000 0.00000 0.00000 2.7518 2.171e+12 9.054e+11
126 124 1.2072e+12 235.82 102.00 263.861 35.674 40 28.93461 25.95734 15.71525 258.61 -307.01 -136.40 1.385e+12 2.650e+12 -5.757e+11 0.04397 35.67367 1.2072e+12 1.2072e+12 1.2072e+12 6.0361e+11 0.0000e+00 59.52911 0.00 0.07152 0.34854 0.13854 118.83503 25.53685 101.76403 0.00000 0.00000 0.00000 0.00000 0.00000 0.3575 3.296e+12 6.036e+11
127 133 1.2072e+12 235.33 102.92 263.861 36.069 39 53.58258 26.79899 33.39656 134.05 286.24 291.15 -1.739e+11 5.648e+11 8.825e+11 0.01328 36.06939 1.2072e+12 1.2072e+12 1.2072e+12 0.0000e+00 0.0000e+00 74.47856 0.00 0.02495 0.73305 0.43321 48.76925 107.48852 38.54243 0.00000 0.00000 0.00000 0.00000 0.00000 0.4427 3.283e+12 3.018e+11
128 125 6.0361e+11 182.00 0.00 209.427 33.097 39 41.79189 22.84341 13.58341 0.17 -227.49 113.11 -1.045e+12 1.673e+12 -6.482e+10 0.07241 33.09742 6.0361e+11 6.0361e+11 6.0361e+11 0.0000e+00 0.0000e+00 133.18130 111.57 0.14717 0.00000 0.00000 0.00000 0.00000 0.00000 0.00000 0.00000 0.00000 0.00000 0.00000 0.0000 3.838e+12 0.000e+00
129 34 6.0361e+11 174.81 0.00 209.427 43.161 38 70.05735 24.88313 8.69104 -59.92 -116.90 -181.89 2.781e+11 -9.442e+10 3.003e+11 0.01518 43.16087 6.0361e+11 6.0361e+11 6.0361e+11 3.0181e+11 0.0000e+00 79.99581 119.93 0.03133 0.00000 0.00000 0.00000 0.00000 0.00000 0.00000 0.00000 0.00000 0.00000 0.00000 0.0000 3.497e+12 3.018e+11
130 122 1.2072e+12 219.47 139.46 263.861 55.873 36 45.66431 93.54913 76.00419 293.83 11.01 -5.07 -3.758e+12 1.821e+12 -4.496e+12 0.02855 55.87329 1.2072e+12 1.2072e+12 1.2072e+12 3.0181e+11 0.0000e+00 55.62728 0.00 0.14412 0.22329 0.00000 140.68095 31.20251 -92.85154 0.00000 0.00000 0.00000 0.00000 0.00000 0.9067 4.253e+12 3.018e+11
131 140 9.0542e+11 192.13 14.50 239.734 73.098 35 99.18217 16.79226 78.48693 -16.08 281.79 106.19 7.061e+11 -4.408e+11 -7.863e+11 0.02244 73.09834 9.0542e+11 9.0542e+11 6.0361e+11 0.0000e+00 0.0000e+00 92.89375 35.47 0.04344 0.00000 0.00000 0.00000 0.00000 0.00000 0.00000 0.00000 0.00000 0.00000 0.00000 0.0936 4.046e+12 9.054e+11
132 33 1.8108e+12 238.80 185.66 302.046 121.055 35 70.69693 23.52782 5.05374 257.86 -138.62 -144.30 1.185e+13 3.485e+12 -3.493e+12 0.01267 121.05460 1.8108e+12 1.8108e+12 9.0542e+11 0.0000e+00 0.0000e+00 89.72471 107.31 0.15339 0.00000 0.00000 -59.14307 66.22314 169.36206 0.00000 0.00000 0.00000 0.00000 0.00000 1.0099 2.981e+12 3.018e+12
133 131 6.0361e+11 202.48 0.00 209.427 19.470 34 71.61523 32.74684 5.11454 -56.71 -608.77 248.93 0.000e+00 0.000e+00 0.000e+00 0.00000 19.46982 6.0361e+11 6.0361e+11 6.0361e+11 6.0361e+11 0.0000e+00 80.26889 0.00 0.00000 0.00000 0.00000 0.00000 0.00000 0.00000 0.00000 0.00000 0.00000 0.00000 0.00000 0.0000 3.633e+12 0.000e+00
134 136 4.2253e+12 319.30 208.14 400.619 132.806 33 73.00380 78.38046 17.12272 -193.33 183.07 79.83 8.106e+12 -6.754e+12 1.329e+13 0.04091 132.80553 4.2253e+12 4.2253e+12 2.4145e+12 1.2072e+12 0.0000e+00 19.47469 26.40 0.04941 0.07060 0.00000 38.35044 72.04115 35.59460 0.32351 0.05367 31.04232 67.61066 31.49072 0.4054 3.552e+12 4.829e+12
135 129 1.8108e+12 241.84 146.48 302.046 93.319 32 86.92647 49.28170 71.55026 -36.12 -256.44 -181.05 -9.651e+09 2.143e+12 1.151e+12 0.01767 93.31905 1.8108e+12 1.8108e+12 1.2072e+12 0.0000e+00 0.0000e+00 49.64901 43.52 0.02907 0.47440 0.06513 -25.72632 150.37434 45.76056 0.00000 0.00000 0.00000 0.00000 0.00000 0.5167 3.482e+12 1.811e+12
136 120 4.2253e+12 323.70 228.46 400.619 110.467 32 70.84309 26.02451 19.31478 -138.74 -40.05 -135.42 -5.085e+12 -8.053e+12 1.054e+12 0.02309 110.46673 4.2253e+12 4.2253e+12 3.9235e+12 1.2072e+12 0.0000e+00 110.11797 0.00 0.02790 0.39941 0.01205 -95.88304 69.16826 195.11592 0.88732 0.60407 -11.05787 82.15999 -4.28146 0.4338 4.174e+12 4.225e+12
137 137 6.0361e+11 175.00 0.00 209.427 42.809 30 87.31934 49.83070 53.69363 -133.81 -254.89 210.47 5.294e+11 -1.986e+12 2.615e+11 0.08080 42.80948 6.0361e+11 6.0361e+11 6.0361e+11 0.0000e+00 0.0000e+00 126.33662 120.49 0.15448 0.00000 0.00000 0.00000 0.00000 0.00000 0.00000 0.00000 0.00000 0.00000 0.00000 0.0000 2.233e+12 3.018e+11
138 143 2.4145e+12 265.82 208.11 332.444 104.750 30 73.58446 31.91600 6.79241 -212.00 -459.90 -46.56 -4.294e+11 -5.416e+12 4.515e+11 0.01765 104.74957 2.4145e+12 2.4145e+12 9.0542e+11 3.0181e+11 0.0000e+00 106.13834 33.58 0.04033 0.39107 0.14345 48.00154 25.38043 104.81446 0.00000 0.00000 0.00000 0.00000 0.00000 0.7676 3.952e+12 3.320e+12
139 57 3.6217e+12 328.45 228.34 380.554 62.679 30 19.47898 9.97708 1.93148 267.60 -176.56 75.86 6.495e+12 3.144e+13 -2.500e+13 0.12388 62.67906 3.6217e+12 3.6217e+12 3.6217e+12 2.1127e+12 0.0000e+00 104.93793 35.32 0.15316 0.31193 0.00134 135.96071 -75.52500 3.10177 0.50453 0.00000 -17.17608 4.39380 82.26888 0.4634 3.593e+12 2.414e+12
140 155 2.1127e+12 266.98 171.85 317.971 62.766 29 1.99553 99.83404 4.75426 34.61 381.43 -98.80 -4.379e+11 -4.616e+12 -6.422e+12 0.04870 62.76590 2.1127e+12 2.1127e+12 1.5090e+12 3.0181e+11 0.0000e+00 24.87652 54.96 0.07321 0.91332 0.33131 78.55529 -36.88716 56.39069 0.00000 0.00000 0.00000 0.00000 0.00000 0.5142 3.730e+12 1.509e+12
141 145 3.0181e+12 309.94 169.23 358.115 57.999 29 23.07438 32.01305 54.35818 186.72 -14.08 61.41 1.062e+13 -1.637e+13 2.772e+12 0.09570 57.99889 3.0181e+12 3.0181e+12 3.0181e+12 1.5090e+12 0.0000e+00 68.83803 0.00 0.10052 0.40630 0.03285 29.40802 -44.71371 119.48243 0.66338 0.00000 20.10823 -30.81537 86.09695 0.2752 3.211e+12 1.811e+12
142 147 9.0542e+11 204.83 50.21 239.734 42.063 27 1.58087 92.82558 15.81505 -325.74 547.14 -106.80 7.255e+11 9.813e+10 -4.895e+10 0.01293 42.06322 9.0542e+11 9.0542e+11 9.0542e+11 3.0181e+11 0.0000e+00 148.18890 0.00 0.02784 0.00000 0.00000 0.00000 0.00000 0.00000 0.00000 0.00000 0.00000 0.00000 0.00000 0.1787 3.005e+12 3.018e+11
143 -1 1.8108e+12 242.92 151.42 302.046 87.982 27 68.13136 31.58345 51.09879 -67.83 8.91 10.39 2.253e+12 5.256e+12 9.436e+12 0.07701 87.98178 1.8108e+12 1.8108e+12 1.5090e+12 0.0000e+00 0.0000e+00 52.60830 15.93 0.13185 0.67282 0.13774 74.48340 68.25242 163.35909 0.00000 0.00000 0.00000 0.00000 0.00000 0.5132 2.692e+12 2.113e+12
144 142 2.4145e+12 277.92 146.88 332.444 67.746 27 47.40478 45.69336 77.84944 -29.45 -269.42 -83.66 2.158e+12 2.818e+12 -1.304e+12 0.02523 67.74577 2.4145e+12 2.4145e+12 2.4145e+12 1.2072e+12 0.0000e+00 40.82467 0.00 0.02798 0.68014 0.20071 41.98193 47.05355 -28.81151 0.15233 0.00000 56.57206 28.95177 -28.26268 0.2663 2.667e+12 2.113e+12
145 158 1.5090e+12 238.94 114.10 284.236 55.639 25 70.19588 82.51958 11.88755 -65.19 178.18 230.77 1.082e+12 -1.598e+11 -1.650e+12 0.01984 55.63899 1.5090e+12 1.5090e+12 1.5090e+12 0.0000e+00 0.0000e+00 110.19869 0.00 0.03206 0.43581 0.00000 -8.15965 121.54936 -83.70890 0.00000 0.00000 0.00000 0.00000 0.00000 0.3774 3.384e+12 6.036e+11
146 74 9.0542e+11 191.77 63.58 239.734 75.058 25 70.01957 36.12234 55.67950 -22.55 79.99 -46.50 1.547e+11 7.088e+11 1.884e+12 0.02455 75.05779 9.0542e+11 9.0542e+11 6.0361e+11 0.0000e+00 0.0000e+00 107.51073 74.27 0.07659 0.00000 0.00000 0.00000 0.00000 0.00000 0.00000 0.00000 0.00000 0.00000 0.00000 0.6620 2.881e+12 1.207e+12
147 -1 1.2072e+12 209.13 212.53 263.861 97.996 25 24.40697 12.99755 33.13734 89.54 88.09 100.29 5.513e+12 -5.096e+12 6.020e+12 0.15587 97.99628 1.2072e+12 1.2072e+12 0.0000e+00 0.0000e+00 0.0000e+00 88.00275 46.43 0.22603 0.51303 0.27383 172.09811 65.31110 44.84937 0.00000 0.00000 0.00000 0.00000 0.00000 2.1434 2.231e+12 1.509e+12
