#ID DescID Mvir Vmax Vrms Rvir Rs Np X Y Z VX VY VZ JX JY JZ Spin rs_klypin Mvir_all M200b M200c M500c M2500c Xoff Voff spin_bullock b_to_a c_to_a A[x] A[y] A[z] b_to_a(500c) c_to_a(500c) A[x](500c) A[y](500c) A[z](500c) T/|U| M_pe_Behroozi M_pe_Diemer
#a = 0.399188
#Om = 0.285000; Ol = 0.715000; h = 0.695000
#FOF linking length: 0.280000
#Unbound Threshold: 0.500000; FOF Refinement Threshold: 0.700000
#Particle mass: 3.01807e+11 Msun/h
#Box size: 100.000000 Mpc/h
#Force resolution assumed: 0.0976562 Mpc/h
#Units: Masses in Msun / h
#Units: Positions in Mpc / h (comoving)
#Units: Velocities in km / s (physical, peculiar)
#Units: Halo Distances, Lengths, and Radii in kpc / h (comoving)
#Units: Angular Momenta in (Msun/h) * (Mpc/h) * km/s (physical)
#Units: Spins are dimensionless
#Np is an internal debugging quantity.
#Rockstar Version: 0.99.9-RC3
0 46 7.2434e+12 434.37 339.92 484.646 85.160 107 8.49045 1.97235 89.76616 -238.10 593.54 309.97 -5.332e+12 1.973e+13 -4.476e+12 0.02166 85.16003 7.2434e+12 7.2434e+12 6.6398e+12 3.0181e+11 0.0000e+00 29.44029 5.48 0.02630 0.68350 0.46733 -54.81318 93.21692 125.80595 0.00000 0.00000 0.00000 0.00000 0.00000 0.5013 1.066e+13 5.131e+12
1 1 5.7645e+13 821.99 883.73 967.607 269.967 257 4.22528 4.24550 95.37723 -32.91 254.51 -158.91 -3.391e+14 3.129e+14 -4.958e+14 0.02025 260.98212 5.7645e+13 5.7042e+13 5.3722e+13 3.3501e+13 1.3581e+13 45.65159 64.11 0.02685 0.86209 0.41287 -59.74369 -10.89030 148.69305 0.60480 0.43351 71.19478 20.37206 92.09731 0.6826 4.827e+13 6.247e+13
2 0 3.7726e+13 697.96 749.84 840.087 343.118 216 6.24706 4.54892 92.84162 -270.56 106.89 313.92 1.490e+14 6.149e+13 2.904e+14 0.01932 320.27820 3.7726e+13 3.4708e+13 3.0181e+13 2.0221e+13 8.7524e+12 56.85777 40.93 0.02668 0.51897 0.35192 112.55206 -32.39611 -101.73675 0.68230 0.34353 86.50318 -42.50804 -48.47000 0.6916 3.527e+13 5.765e+13
3 5 2.8974e+13 703.97 669.93 769.328 119.124 138 71.53475 59.29995 49.31377 -52.37 209.63 -14.63 -1.090e+14 2.858e+13 -1.872e+13 0.01230 119.12364 2.8974e+13 2.8974e+13 2.7766e+13 2.2032e+13 3.6217e+12 49.21588 0.00 0.01425 0.70854 0.56898 -2.25977 143.23831 -47.17729 0.59790 0.50370 -24.87643 113.59062 -53.81513 0.5985 2.663e+13 2.173e+13
4 6 3.6217e+12 321.32 352.08 384.664 130.075 58 71.73544 61.77850 47.66857 126.08 -99.43 308.66 -1.902e+13 8.721e+12 4.087e+13 0.09475 130.07520 3.6217e+12 3.6217e+12 1.8108e+12 0.0000e+00 0.0000e+00 79.74638 129.19 0.18329 0.63049 0.00532 139.67337 98.68468 37.01680 0.00000 0.00000 0.00000 0.00000 0.00000 1.2625 1.214e+13 6.036e+12
5 85 9.0542e+11 204.55 142.68 242.323 70.321 74 70.95726 64.83175 45.09052 -110.29 -14.20 355.81 3.059e+12 1.255e+12 -2.994e+12 0.10876 70.32134 9.0542e+11 6.0361e+11 6.0361e+11 0.0000e+00 0.0000e+00 110.35409 142.68 0.17948 0.00000 0.00000 0.00000 0.00000 0.00000 0.00000 0.00000 0.00000 0.00000 0.00000 2.0601 3.497e+12 9.054e+11
6 7 1.8108e+12 252.82 137.02 305.308 136.877 88 72.56794 62.09002 47.57840 -710.36 -84.54 397.40 -4.078e+12 -4.921e+12 -3.484e+12 0.06081 136.87723 1.8108e+12 1.5090e+12 9.0542e+11 0.0000e+00 0.0000e+00 52.88413 29.79 0.09226 0.00000 0.00000 194.59534 -49.12186 197.57462 0.00000 0.00000 0.00000 0.00000 0.00000 0.3684 6.032e+12 4.829e+12
7 3 1.2072e+12 226.81 215.27 266.711 71.124 38 21.82585 9.79157 2.14109 696.00 -168.51 212.78 6.098e+11 -7.861e+12 1.215e+13 0.32288 71.12368 1.2072e+12 1.2072e+12 9.0542e+11 6.0361e+11 0.0000e+00 129.12907 207.78 0.36079 0.89951 0.00000 79.62178 -5.31215 -19.19249 0.00000 0.00000 0.00000 0.00000 0.00000 2.4596 2.621e+12 1.207e+12
8 3 6.9114e+13 855.88 865.36 1027.936 584.058 275 23.31429 10.51060 2.76705 -95.02 105.21 95.99 1.013e+15 1.435e+15 -3.198e+14 0.04141 370.96701 6.9114e+13 6.7605e+13 6.3078e+13 3.2595e+13 1.0563e+13 117.68586 85.04 0.05230 0.42055 0.33036 178.32292 60.48687 63.99542 0.46249 0.35266 117.83403 43.69553 59.48938 0.6235 5.917e+13 9.386e+13
9 16 4.8893e+13 853.07 871.80 915.924 110.435 217 58.81518 31.61784 31.68865 -166.63 -262.89 52.88 -5.940e+14 1.798e+14 -2.258e+14 0.02919 128.42375 4.8893e+13 4.8893e+13 4.7686e+13 3.9537e+13 1.2072e+13 19.05984 45.23 0.03444 0.67372 0.54358 113.51284 75.98684 -41.24083 0.56707 0.33421 91.78667 67.66164 -43.22081 0.6486 4.727e+13 2.716e+13
10 17 2.7163e+12 302.22 164.81 349.490 79.691 39 59.84340 32.87722 31.27765 -288.82 -769.61 -41.57 1.262e+12 -5.759e+12 -4.679e+11 0.03300 79.69084 2.7163e+12 2.7163e+12 2.7163e+12 1.5090e+12 0.0000e+00 45.47256 0.00 0.03813 0.48682 0.01963 64.48758 -18.50409 -65.15676 0.34545 0.14656 79.01259 -39.29464 -78.25191 0.3032 5.409e+12 2.414e+12
11 8 8.7524e+12 486.76 393.24 516.203 67.785 41 53.49862 41.52389 58.88702 -402.31 494.12 -41.69 -1.245e+13 -5.441e+13 1.227e+13 0.05197 67.78455 8.7524e+12 8.7524e+12 7.8470e+12 6.9416e+12 2.7163e+12 74.35556 0.00 0.05242 0.79413 0.53463 -22.00069 84.24245 58.03493 0.76617 0.50607 18.36948 41.86797 82.99499 0.4608 8.498e+12 5.433e+12
12 9 6.1871e+13 857.83 935.21 990.693 272.359 223 53.36649 42.13637 59.36853 145.59 -369.73 -291.70 6.548e+14 3.505e+14 -1.422e+14 0.01849 223.40726 6.1871e+13 6.1267e+13 5.8249e+13 4.0442e+13 9.0542e+12 232.90126 124.47 0.02664 0.47726 0.24213 86.05706 11.34824 142.23376 0.46905 0.24988 58.62212 12.58961 115.06916 0.7334 5.193e+13 6.549e+13
13 10 1.1770e+13 502.02 456.93 569.783 112.406 89 52.03776 13.08576 40.41591 146.04 499.44 5.55 2.746e+12 7.305e+12 7.190e+13 0.02985 112.40588 1.1770e+13 1.1469e+13 1.0865e+13 5.1307e+12 0.0000e+00 62.32802 18.45 0.04049 0.47706 0.10624 58.37610 165.19281 7.71337 0.42458 0.09048 69.32974 99.43591 -27.05813 0.6404 1.050e+13 9.960e+12
14 11 8.1488e+12 424.20 358.20 504.052 152.064 42 52.54720 14.41257 40.73805 -110.70 253.88 -201.39 2.209e+13 -1.176e+13 2.468e+13 0.02669 152.06390 8.7524e+12 8.1488e+12 6.0361e+12 2.4145e+12 0.0000e+00 61.95661 11.30 0.03632 0.83294 0.20831 -94.57316 -15.69084 136.11148 0.00000 0.00000 14.23645 46.09871 77.77405 0.5784 7.107e+12 9.356e+12
15 12 1.9014e+13 636.67 585.50 668.551 83.462 93 53.28885 15.93850 40.98563 -276.71 -24.31 -16.49 6.068e+13 -1.168e+14 3.971e+12 0.02894 83.46211 1.9014e+13 1.8712e+13 1.7807e+13 1.5392e+13 4.5271e+12 80.99439 0.00 0.03315 0.74675 0.68498 13.77343 57.70402 99.47106 0.64436 0.40573 3.36311 49.54076 89.41909 0.5970 1.872e+13 9.960e+12
16 13 9.0542e+11 217.81 114.20 242.323 41.809 60 51.44439 17.60468 44.30526 -155.34 69.47 -435.74 -6.638e+11 6.109e+11 5.841e+11 0.01173 41.80945 9.0542e+11 9.0542e+11 9.0542e+11 3.0181e+11 0.0000e+00 71.65519 0.00 0.04324 0.00000 0.00000 0.00000 0.00000 0.00000 0.00000 0.00000 0.00000 0.00000 0.00000 0.7711 4.065e+12 3.018e+11
17 14 1.2374e+13 507.43 477.23 579.361 119.398 57 70.88222 60.18554 56.73026 -6.68 242.93 -734.81 -1.428e+13 1.139e+13 2.587e+13 0.01287 119.39802 1.2676e+13 1.2374e+13 1.2072e+13 7.2434e+12 1.8108e+12 57.31918 0.00 0.01631 0.41823 0.12039 -20.74587 135.97337 41.17839 0.47973 0.16188 -20.08879 103.37611 43.43385 0.6116 1.083e+13 1.087e+13
18 15 4.1046e+13 766.73 778.85 864.040 447.463 186 71.19076 62.16445 55.26353 39.84 -38.66 -377.64 -2.470e+14 -1.309e+14 -4.968e+14 0.03053 162.18163 4.1046e+13 4.0744e+13 3.8933e+13 2.2937e+13 1.2676e+13 103.68790 42.87 0.03980 0.45257 0.39034 40.58419 130.04984 -75.65028 0.59233 0.47461 26.04169 85.55888 -67.47604 0.6713 3.438e+13 5.674e+13
19 25 3.3199e+12 316.32 305.65 373.667 104.801 45 92.82120 43.02343 60.93658 254.11 -148.59 145.29 2.464e+13 -2.012e+13 -8.822e+12 0.01599 104.80136 3.3199e+12 3.3199e+12 2.1127e+12 0.0000e+00 0.0000e+00 33.77010 0.00 0.15234 0.65824 0.00109 157.82812 -40.86177 -49.24805 0.00000 0.00000 0.00000 0.00000 0.00000 1.0120 5.870e+12 4.225e+12
20 24 2.3239e+13 729.44 721.56 714.800 64.769 126 93.89764 42.73706 61.10597 -224.93 -212.23 124.06 -2.959e+13 -1.318e+13 -2.344e+14 0.03436 64.76933 2.3239e+13 2.3239e+13 2.3239e+13 1.8108e+13 9.6578e+12 49.59728 0.00 0.04264 0.49907 0.39566 109.76840 -72.86409 53.04505 0.46674 0.43753 78.17074 -63.03378 57.00086 0.6988 2.366e+13 1.268e+13
21 27 8.4506e+12 457.45 401.49 510.200 89.430 49 95.44342 41.93967 62.42539 -348.48 -446.88 -417.99 -8.535e+12 3.188e+13 2.927e+12 0.02507 89.43005 8.4506e+12 8.1488e+12 6.9416e+12 4.2253e+12 2.4145e+12 55.18818 28.74 0.03222 0.25201 0.19435 98.27651 -44.53395 137.44620 0.53122 0.30704 68.34398 -23.16376 75.51929 0.6075 7.062e+12 5.433e+12
22 21 3.8933e+13 763.40 767.35 848.954 265.997 178 38.08536 16.14571 42.18636 202.95 159.96 97.50 -1.892e+14 2.418e+14 1.177e+14 0.02114 146.07832 3.8933e+13 3.8933e+13 3.8028e+13 2.3239e+13 1.0865e+13 83.04588 21.65 0.02507 0.76068 0.47168 59.56437 104.53868 38.80114 0.91008 0.47950 -8.59672 59.68333 63.61861 0.6287 3.657e+13 4.346e+13
23 35 3.8028e+13 763.96 790.16 842.322 154.258 183 54.52726 28.23881 36.23090 -79.66 -89.40 -104.23 -8.636e+13 -3.583e+13 -8.088e+13 0.00838 137.45885 3.8028e+13 3.8028e+13 3.6217e+13 2.6257e+13 1.1469e+13 44.11195 22.12 0.00980 0.76025 0.45953 81.71476 39.83567 -88.46963 0.94623 0.54141 82.91353 39.03918 38.93180 0.6394 3.348e+13 3.139e+13
24 30 7.2434e+12 463.15 510.14 484.646 59.450 91 28.32465 12.09941 4.59820 -219.04 -11.94 165.44 3.762e+13 4.987e+13 1.078e+13 0.04039 59.45015 7.2434e+12 7.2434e+12 6.9416e+12 4.8289e+12 2.4145e+12 18.39261 9.10 0.07970 0.30557 0.07587 63.46803 84.97791 -35.16187 0.20249 0.08206 62.39914 83.71486 -31.34991 0.8566 1.278e+13 4.225e+12
25 30 5.1307e+12 375.06 270.25 432.020 95.345 32 29.93060 12.14117 4.71057 -31.86 233.04 116.91 -1.240e+13 3.635e+13 -2.868e+13 0.09130 95.34481 6.0361e+12 5.1307e+12 3.3199e+12 2.7163e+12 0.0000e+00 51.13610 148.75 0.10709 0.57520 0.27199 85.61102 10.16408 -55.08475 0.51668 0.03798 20.42111 -45.11655 71.46519 0.4827 4.845e+12 3.923e+12
26 31 6.3380e+12 397.08 426.98 463.547 114.962 43 31.03890 12.14488 4.84869 -273.48 265.01 266.62 -2.265e+13 -9.383e+13 -1.103e+13 0.07972 114.96245 6.3380e+12 6.3380e+12 6.0361e+12 3.0181e+12 9.0542e+11 74.47353 31.14 0.15261 0.87396 0.12618 -20.28379 32.82241 93.28246 0.08350 0.00000 84.50832 -49.82918 -10.87034 0.8099 1.095e+13 6.338e+12
27 32 6.0361e+11 177.33 0.00 211.689 68.283 39 32.82155 12.33805 5.10925 -320.93 86.47 216.85 -3.393e+11 -1.646e+11 -3.429e+12 0.45137 68.28275 6.0361e+11 6.0361e+11 0.0000e+00 0.0000e+00 0.0000e+00 199.98851 192.85 0.27282 0.00000 0.00000 0.00000 0.00000 0.00000 0.00000 0.00000 0.00000 0.00000 0.00000 0.0000 4.102e+12 6.036e+11
28 33 2.6559e+13 707.77 707.48 747.335 95.957 160 73.32134 69.42281 53.22726 -161.80 -141.64 -174.70 -1.206e+14 1.922e+13 4.397e+13 0.01333 95.95729 2.6559e+13 2.5654e+13 2.2636e+13 1.8108e+13 4.5271e+12 124.44619 7.59 0.01871 0.48439 0.41678 -45.46718 -65.46406 112.60614 0.18443 0.07466 -63.53784 -79.07631 90.85957 0.7277 2.339e+13 1.630e+13
29 34 3.9235e+12 328.92 396.70 395.065 142.813 27 74.99512 70.21346 54.09670 -642.01 -220.85 -370.63 -9.263e+12 2.145e+13 -2.069e+13 0.07126 142.81314 4.5271e+12 3.3199e+12 3.3199e+12 3.0181e+11 0.0000e+00 93.37344 47.30 0.10905 0.66301 0.29232 111.65626 -38.04643 -86.66087 0.00000 0.00000 0.00000 0.00000 0.00000 1.4139 3.420e+12 4.527e+12
30 37 9.6578e+12 451.80 405.67 533.422 148.687 83 82.11263 14.99730 2.07951 -120.95 103.28 -54.33 -2.600e+13 -2.695e+13 3.869e+13 0.03345 148.68727 9.6578e+12 9.3560e+12 7.8470e+12 5.4325e+12 0.0000e+00 91.97177 17.56 0.04192 0.63054 0.58973 138.87766 -24.11344 -47.75494 0.71442 0.53216 -47.45874 93.78143 37.82385 0.5677 8.333e+12 1.056e+13
31 38 2.7163e+12 306.94 405.36 349.490 70.568 47 86.20663 14.27796 0.16833 234.46 145.50 152.52 7.733e+12 -1.219e+13 -2.551e+13 0.14609 70.56800 2.7163e+12 2.7163e+12 2.7163e+12 1.5090e+12 0.0000e+00 20.42546 0.00 0.18899 0.63061 0.02704 9.35764 110.37076 66.34601 0.60081 0.02913 107.75731 -61.15066 -22.35033 1.5280 4.201e+12 2.414e+12
32 40 2.9879e+13 667.76 648.50 777.260 187.640 134 74.85895 4.53776 30.72769 -212.56 -123.82 -120.44 -5.934e+13 1.194e+13 3.938e+12 0.00593 187.63982 2.9879e+13 2.9577e+13 2.8370e+13 1.5694e+13 5.4325e+12 81.67379 0.00 0.00719 0.52377 0.35425 117.59851 18.35807 82.19028 0.53050 0.41837 83.30695 -29.51605 26.06848 0.6003 2.542e+13 2.928e+13
33 45 2.6257e+13 689.08 686.20 744.493 108.034 141 65.82194 64.25939 38.42958 -48.28 -5.69 186.89 -5.316e+13 -4.176e+13 3.580e+13 0.01002 108.03387 2.6257e+13 2.6257e+13 2.5955e+13 2.0825e+13 6.3380e+12 82.80013 0.00 0.01124 0.79852 0.54894 102.24919 22.01571 45.06411 0.77543 0.50842 85.65843 20.25803 40.25665 0.6091 2.574e+13 1.841e+13
34 19 2.4145e+12 282.40 311.64 336.035 103.334 26 72.39344 20.56624 0.76082 52.43 97.60 -91.21 1.410e+13 -1.945e+13 -1.520e+13 0.11078 103.33402 2.7163e+12 2.4145e+12 9.0542e+11 9.0542e+11 0.0000e+00 81.40341 91.90 0.22303 0.67643 0.22568 36.78386 189.38400 -61.52213 0.63231 0.01064 93.39640 -1.10948 -43.11150 1.2642 2.811e+12 2.716e+12
35 20 1.8108e+13 676.16 786.49 657.766 57.770 113 71.67860 22.30883 0.04512 189.31 -112.32 121.43 -7.912e+13 -9.065e+13 6.672e+12 0.01111 57.76955 1.8108e+13 1.7807e+13 1.7807e+13 1.7203e+13 5.4325e+12 121.69720 11.85 0.03290 0.97590 0.77001 96.96688 18.34452 -24.37762 0.91014 0.71291 93.79914 31.30898 -25.20602 0.9477 2.211e+13 7.545e+12
36 53 2.1127e+12 282.73 217.69 321.406 64.144 40 24.10836 29.94768 63.61861 355.41 107.34 -28.78 -1.252e+12 -5.052e+12 -2.164e+12 0.02878 64.14423 2.1127e+12 2.1127e+12 2.1127e+12 6.0361e+11 0.0000e+00 82.20250 0.00 0.05526 0.44778 0.11291 69.90840 50.38605 -26.95638 0.00000 0.00000 0.00000 0.00000 0.00000 0.6970 3.288e+12 1.207e+12
37 54 4.5271e+12 347.88 316.97 414.367 129.279 56 26.80448 28.97229 63.62556 161.62 -19.81 -40.40 1.597e+13 3.710e+12 -2.401e+13 0.03902 129.27853 4.5271e+12 4.5271e+12 3.6217e+12 0.0000e+00 0.0000e+00 61.99058 0.00 0.08001 0.79692 0.34287 179.75656 27.20585 28.07917 0.00000 0.00000 0.00000 0.00000 0.00000 0.7702 7.586e+12 6.036e+12
38 -1 1.2072e+12 279.26 107.03 266.711 21.689 40 29.32828 28.14267 65.05396 -60.72 -19.50 -250.49 -2.195e+12 4.765e+10 -1.030e+12 0.04673 21.68938 1.2072e+12 1.2072e+12 1.2072e+12 1.2072e+12 0.0000e+00 87.26352 0.00 0.06041 0.71439 0.20235 -43.83112 89.09370 10.43082 0.44184 0.12987 -49.82995 115.55808 -11.21895 0.2198 3.363e+12 0.000e+00
39 49 4.5271e+12 357.28 414.97 414.367 96.859 131 71.49299 22.89368 98.68214 115.42 -395.34 545.51 -4.179e+13 -6.332e+12 -1.208e+13 0.06440 96.85887 4.5271e+12 4.5271e+12 4.5271e+12 3.0181e+11 0.0000e+00 65.63235 51.19 0.12098 0.04060 0.00000 -12.05175 230.92444 -201.27167 0.00000 0.00000 0.00000 0.00000 0.00000 1.2577 1.118e+13 4.527e+12
40 42 1.2374e+13 501.75 428.63 579.361 130.445 89 99.35809 22.18904 75.28217 4.02 18.90 120.81 -5.780e+13 -8.275e+12 1.346e+12 0.02511 130.44514 1.2374e+13 1.2374e+13 1.1770e+13 7.2434e+12 0.0000e+00 33.65480 16.39 0.03008 0.61182 0.46000 33.05835 -56.40551 150.71452 0.47228 0.17222 -13.74966 -75.93275 94.03348 0.5411 1.216e+13 1.147e+13
41 43 6.3380e+12 405.57 317.56 463.547 96.282 37 99.63210 21.99566 76.52679 6.08 -0.61 -255.79 3.170e+12 1.680e+13 1.544e+13 0.02762 96.28187 6.6398e+12 6.3380e+12 6.0361e+12 0.0000e+00 0.0000e+00 25.94612 0.00 0.03619 0.07697 0.00000 88.05516 -83.52097 109.26781 0.00000 0.00000 0.00000 0.00000 0.00000 0.5270 5.928e+12 5.433e+12
42 44 2.1127e+13 659.91 622.35 692.448 86.126 122 42.01272 42.43660 82.71204 102.04 -231.96 -255.29 -1.586e+14 4.184e+13 -2.321e+13 0.03078 86.12643 2.1127e+13 2.1127e+13 1.9919e+13 1.5694e+13 5.7343e+12 7.07275 0.00 0.03499 0.70442 0.58610 -12.87151 12.08681 116.45923 0.85710 0.60410 -26.63524 18.30582 90.56087 0.6071 1.989e+13 1.268e+13
43 39 2.2032e+13 655.92 622.12 702.202 96.923 121 46.11583 28.85005 45.53547 183.54 -159.34 -12.55 2.722e+13 4.633e+13 8.038e+11 0.00892 96.92272 2.2032e+13 2.2032e+13 2.0523e+13 1.2072e+13 6.6398e+12 18.42747 0.00 0.01058 0.82539 0.67402 -58.03971 -8.42467 92.42303 0.57690 0.30843 62.94052 70.55919 -39.06463 0.6261 1.886e+13 1.207e+13
44 41 1.3883e+13 677.78 628.17 602.015 36.854 118 66.69285 93.96967 67.42470 -79.66 355.73 -211.49 5.104e+12 -1.377e+13 -2.093e+12 0.00608 36.85379 1.3883e+13 1.3883e+13 1.3280e+13 1.1770e+13 7.8470e+12 22.65858 0.00 0.00631 0.87417 0.50937 2.11363 81.85760 39.01152 0.76701 0.49635 45.86478 68.16310 27.40735 0.6303 1.747e+13 6.036e+12
45 29 2.1127e+12 277.37 267.04 321.406 74.573 26 64.45356 86.28486 44.36212 150.80 131.53 174.30 6.766e+12 -4.325e+12 8.986e+12 0.03322 74.57320 2.1127e+12 2.1127e+12 2.1127e+12 0.0000e+00 0.0000e+00 152.50500 0.00 0.11813 0.78376 0.00000 116.76125 -62.64701 41.08681 0.00000 0.00000 0.00000 0.00000 0.00000 1.0984 3.302e+12 2.113e+12
46 29 1.5090e+12 239.71 60.30 287.306 99.314 90 65.57449 85.10120 46.68249 99.98 -80.26 -85.40 -5.212e+11 -4.306e+11 2.085e+12 0.02367 99.31443 1.5090e+12 1.5090e+12 3.0181e+11 0.0000e+00 0.0000e+00 91.37746 36.12 0.03765 0.79497 0.45574 81.97495 6.91503 119.40410 0.00000 0.00000 0.00000 0.00000 0.00000 0.2348 7.184e+12 1.509e+12
47 47 4.8289e+12 356.58 256.04 423.377 126.420 61 39.07709 2.48428 4.46105 135.72 295.43 146.46 -9.681e+12 -1.745e+13 1.716e+12 0.03972 126.41953 4.8289e+12 4.8289e+12 4.2253e+12 1.5090e+12 0.0000e+00 63.94213 29.78 0.04950 0.40886 0.16400 -1.09403 134.58237 67.99146 0.77349 0.44128 60.92431 35.88881 42.21854 0.4600 6.924e+12 5.131e+12
48 48 9.9596e+12 507.02 416.88 538.922 71.614 55 40.11210 4.00789 6.34508 -172.89 185.10 -62.55 -1.804e+12 -2.227e+13 7.618e+13 0.05501 71.61353 9.9596e+12 9.9596e+12 9.0542e+12 6.6398e+12 3.6217e+12 18.80226 35.86 0.05871 0.75502 0.50558 20.45271 -52.13855 93.36782 0.60546 0.39696 10.19546 -2.59965 89.63199 0.5034 9.096e+12 6.338e+12
49 78 9.9596e+12 446.81 339.29 538.922 221.252 110 59.93592 28.82773 86.19640 251.98 -248.71 115.76 5.020e+13 -4.868e+12 -3.157e+13 0.03340 221.25151 9.9596e+12 8.7524e+12 7.2434e+12 6.0361e+11 0.0000e+00 49.22005 22.06 0.04401 0.83376 0.60159 -67.47811 95.94231 -100.84367 0.00000 0.00000 0.00000 0.00000 0.00000 0.5033 8.325e+12 1.237e+13
50 28 1.4185e+13 540.31 468.67 606.346 110.648 90 67.62178 81.04818 48.11201 -25.42 77.61 -116.57 -5.878e+13 -3.799e+13 1.547e+13 0.02712 110.64753 1.4185e+13 1.3883e+13 1.3280e+13 9.3560e+12 0.0000e+00 40.06817 10.51 0.02940 0.48722 0.29640 -93.83831 112.29488 -32.49707 0.26018 0.14317 74.41702 -74.75124 25.10789 0.5009 1.264e+13 1.177e+13
51 50 2.7766e+13 685.22 698.75 758.491 126.791 106 65.17316 4.58623 72.00340 -56.73 37.44 -47.04 1.139e+14 -8.083e+13 -2.090e+14 0.02783 126.79058 2.7766e+13 2.7464e+13 2.7163e+13 1.8712e+13 6.0361e+12 109.40082 0.00 0.03366 0.61785 0.36992 101.24876 86.72469 -10.80543 0.59439 0.41849 81.80048 53.23931 -35.94333 0.6441 2.488e+13 2.143e+13
52 52 9.0542e+12 455.70 363.64 522.069 110.400 104 79.23650 85.17558 4.66440 11.48 67.72 116.85 1.017e+13 -4.156e+13 -1.176e+13 0.03317 110.39991 9.0542e+12 9.0542e+12 9.0542e+12 3.6217e+12 0.0000e+00 46.71043 0.00 0.03847 0.85038 0.35308 106.50880 -97.13328 -51.26046 0.81189 0.61975 81.08578 -23.27203 53.23843 0.4926 8.461e+12 8.149e+12
53 18 1.3883e+13 511.26 445.56 602.015 162.919 103 73.85244 17.15770 1.06201 7.61 304.63 63.30 -2.956e+13 2.006e+13 1.120e+14 0.03835 162.91890 1.3883e+13 1.3883e+13 1.2676e+13 5.1307e+12 0.0000e+00 89.05087 0.00 0.05000 0.44476 0.21610 64.66370 189.83031 -37.13427 0.74027 0.11496 -11.91541 93.57626 -6.56995 0.5912 1.382e+13 1.479e+13
54 4 9.0542e+11 227.56 695.19 242.323 32.517 103 25.74644 11.55754 4.00796 -14.14 -391.17 164.55 1.705e+12 -9.000e+12 -1.213e+12 1.01824 32.51698 9.0542e+11 9.0542e+11 9.0542e+11 0.0000e+00 0.0000e+00 117.01826 0.00 0.37179 0.00000 0.00000 0.00000 0.00000 0.00000 0.00000 0.00000 0.00000 0.00000 0.00000 25.5998 1.018e+13 0.000e+00
55 62 1.6599e+13 684.87 571.59 638.962 47.267 95 71.63985 67.88518 55.29060 138.67 -55.56 -593.20 9.710e+13 -2.046e+13 4.444e+13 0.03378 47.26748 1.6599e+13 1.5694e+13 1.5090e+13 1.2374e+13 7.8470e+12 45.63539 17.25 0.03432 0.85495 0.48688 -6.53249 15.42100 99.85327 0.75068 0.50469 -7.81850 85.23823 0.86342 0.5473 1.743e+13 7.847e+12
56 61 1.0563e+13 460.12 382.53 549.596 178.929 89 65.31641 91.18078 27.18951 159.86 273.28 55.15 -3.666e+13 3.590e+13 3.833e+13 0.03429 178.92891 1.0563e+13 1.0563e+13 9.6578e+12 4.5271e+12 0.0000e+00 58.81431 0.00 0.04294 0.57900 0.25700 14.91015 131.21640 -94.34615 0.89452 0.71091 -3.32634 -11.35885 142.03355 0.5330 9.474e+12 1.268e+13
57 55 1.1469e+13 557.43 484.55 564.871 59.414 89 38.74885 21.38311 60.95018 105.23 355.10 -207.36 1.316e+13 4.306e+12 1.355e+13 0.00993 59.41420 1.1469e+13 1.1469e+13 1.1167e+13 7.8470e+12 3.3199e+12 92.05637 0.00 0.01132 0.83498 0.24416 -53.76559 15.25440 87.80122 0.85726 0.18745 51.21490 -22.91265 77.88757 0.5935 1.079e+13 6.036e+12
58 57 1.6298e+13 552.10 480.79 635.066 138.607 88 89.90347 35.59439 67.11268 -49.66 -153.35 -159.06 -2.630e+13 -3.736e+12 4.081e+13 0.01361 138.60724 1.6298e+13 1.6298e+13 1.5090e+13 1.0261e+13 9.0542e+11 19.58227 0.00 0.01585 0.60958 0.15061 67.94476 128.30698 -73.16464 0.87910 0.18256 -1.34833 47.87444 98.85953 0.5443 1.430e+13 1.509e+13
59 60 2.7163e+12 294.99 324.13 349.490 101.501 87 96.46330 94.78466 91.54031 50.02 444.71 149.30 -1.014e+12 1.215e+12 1.637e+13 0.03256 101.50051 2.7163e+12 2.7163e+12 2.4145e+12 1.2072e+12 0.0000e+00 51.97162 29.35 0.10602 0.15929 0.04177 108.94511 101.04047 30.07737 0.40752 0.21485 100.69482 79.90527 -2.82160 1.0921 5.881e+12 3.018e+12
60 58 6.3380e+12 414.66 317.55 463.547 82.470 54 38.07902 9.06326 9.14161 6.95 251.43 -10.67 1.318e+13 -1.689e+13 -7.390e+12 0.02933 82.47047 6.3380e+12 6.3380e+12 5.4325e+12 3.0181e+12 0.0000e+00 53.03411 48.66 0.03560 0.76385 0.14500 -89.05811 86.79796 17.35019 0.78722 0.42586 -32.84318 67.55701 -36.48012 0.5183 7.746e+12 5.131e+12
61 59 5.4325e+12 427.12 278.89 440.330 50.214 29 38.65986 10.50394 10.00011 -198.25 -0.54 -146.84 1.047e+12 -1.317e+12 -1.211e+12 0.00425 50.21358 5.4325e+12 5.1307e+12 5.1307e+12 4.5271e+12 0.0000e+00 50.50569 25.14 0.00421 0.77376 0.18522 62.04995 80.33756 45.44371 0.62080 0.10484 0.06282 14.67375 98.40800 0.3662 5.677e+12 2.414e+12
62 66 1.3280e+13 656.29 593.93 593.160 38.776 81 34.54772 4.94937 41.00095 43.96 372.82 30.53 -3.847e+13 3.156e+13 -3.095e+12 0.02259 38.77627 1.3280e+13 1.2676e+13 1.1770e+13 1.1167e+13 7.2434e+12 29.24308 0.00 0.02283 0.75827 0.37340 -22.35348 99.23306 12.36504 0.85464 0.42882 -37.33604 84.80739 -5.41997 0.5985 1.803e+13 5.734e+12
63 68 7.2434e+12 412.40 307.75 484.646 128.404 80 4.79681 3.24958 76.93729 -42.45 335.17 179.88 4.483e+12 -1.756e+13 2.453e+13 0.02953 128.40437 7.2434e+12 7.2434e+12 6.9416e+12 1.8108e+12 0.0000e+00 75.27279 0.00 0.03835 0.47640 0.00320 -58.80222 108.31156 -63.09117 0.54566 0.00000 56.02764 77.13602 20.49024 0.5083 7.744e+12 7.545e+12
64 67 1.3280e+13 608.31 537.17 593.160 52.620 75 38.08271 83.07052 96.07828 177.11 133.34 56.00 3.031e+13 -6.444e+13 3.052e+12 0.03087 52.61953 1.3280e+13 1.2978e+13 1.2978e+13 1.1770e+13 3.3199e+12 56.18559 0.00 0.03263 0.87869 0.59807 70.60367 32.95555 66.77850 0.88120 0.66054 27.13709 89.09637 21.07324 0.5731 1.580e+13 5.131e+12
65 64 1.1770e+13 653.28 612.99 569.783 32.609 73 41.96362 85.40435 45.81211 126.53 18.79 -49.14 1.672e+13 9.358e+12 1.511e+13 0.01226 32.60855 1.1770e+13 1.1770e+13 1.1469e+13 9.9596e+12 6.6398e+12 53.39011 0.00 0.01366 0.67389 0.61799 80.16240 -11.48903 1.28701 0.85320 0.73677 68.72396 -3.78659 -12.76764 0.6747 1.478e+13 4.527e+12
66 69 9.9596e+12 449.20 452.26 538.922 190.073 71 86.80297 14.16850 99.83526 -178.75 11.99 127.40 -4.466e+13 -6.324e+13 8.222e+12 0.03143 190.07312 9.9596e+12 9.6578e+12 9.0542e+12 4.2253e+12 0.0000e+00 48.99520 0.00 0.05758 0.16911 0.04977 195.36227 -18.34433 -76.10175 0.40066 0.16326 97.06260 -3.98069 -22.05615 0.7773 8.420e+12 1.207e+13
67 72 8.7524e+12 441.21 359.03 516.203 130.761 53 70.08566 39.44437 55.96759 -101.95 -215.65 -103.13 4.729e+13 -4.850e+11 -1.464e+13 0.03808 130.76099 8.7524e+12 8.7524e+12 7.2434e+12 4.8289e+12 0.0000e+00 23.00015 0.00 0.04541 0.29076 0.11051 29.41241 173.88943 -6.44804 0.06073 0.01577 31.62166 214.50371 15.00389 0.5137 7.359e+12 8.752e+12
68 70 2.4145e+12 286.81 255.89 336.035 86.317 70 43.10915 17.62338 46.64957 -9.99 93.00 -406.79 -1.241e+13 8.321e+12 -3.770e+10 0.04823 86.31707 2.4145e+12 2.4145e+12 2.1127e+12 6.0361e+11 0.0000e+00 113.36125 26.02 0.11726 0.45109 0.27956 -3.59240 -86.34938 89.47512 0.00000 0.00000 0.00000 0.00000 0.00000 0.8182 8.274e+12 2.414e+12
69 65 7.8470e+12 432.17 381.07 497.751 109.765 67 32.06163 13.78351 43.58178 445.46 37.19 -77.77 -1.531e+13 2.662e+13 7.374e+13 0.06439 109.76483 7.8470e+12 7.8470e+12 7.2434e+12 5.1307e+12 0.0000e+00 88.65578 0.00 0.08789 0.08753 0.01909 246.65002 40.46642 13.17317 0.32117 0.12876 144.17886 59.48978 4.80371 0.6169 7.625e+12 7.243e+12
70 73 6.9416e+12 419.08 326.43 477.819 97.452 60 96.65831 22.88542 1.56853 -360.19 -296.17 -69.26 1.824e+13 -2.587e+13 -1.152e+13 0.03893 97.45213 6.9416e+12 6.9416e+12 6.9416e+12 3.9235e+12 0.0000e+00 48.15744 43.57 0.04547 0.61832 0.11872 143.98375 -66.77433 -23.40928 0.75894 0.17504 124.14503 -75.35226 -34.45067 0.4948 6.390e+12 5.433e+12
71 84 2.7163e+12 295.18 253.84 349.490 100.728 58 77.60372 56.77673 50.74347 -445.41 107.02 -115.75 -3.085e+12 -2.312e+12 -1.778e+13 0.04794 100.72787 2.7163e+12 2.7163e+12 2.1127e+12 0.0000e+00 0.0000e+00 75.60759 0.00 0.11730 0.29784 0.11701 150.24712 91.25535 92.19120 0.00000 0.00000 0.00000 0.00000 0.00000 0.8101 4.962e+12 3.018e+12
72 79 6.9416e+12 396.03 283.02 477.819 199.100 56 21.51619 13.66762 29.97099 187.11 -7.72 4.96 -1.587e+13 2.028e+13 1.517e+13 0.03105 199.10001 6.9416e+12 5.4325e+12 4.8289e+12 6.0361e+11 0.0000e+00 23.48837 54.33 0.04034 0.68138 0.11248 162.34015 -33.29124 65.78484 0.00000 0.00000 0.00000 0.00000 0.00000 0.4876 5.707e+12 9.356e+12
73 63 3.0181e+12 306.67 250.58 361.983 100.626 55 78.66426 3.87692 32.92832 -418.43 68.82 -97.26 2.099e+13 -1.441e+13 9.515e+12 0.07763 100.62637 3.0181e+12 3.0181e+12 2.7163e+12 0.0000e+00 0.0000e+00 53.39452 0.00 0.14702 0.55113 0.08957 121.60136 85.12424 -8.90445 0.00000 0.00000 0.00000 0.00000 0.00000 0.7014 5.804e+12 3.018e+12
74 77 1.5090e+12 273.37 168.16 287.306 36.021 54 64.96095 25.42070 89.00319 230.50 1.28 8.26 1.268e+12 -1.442e+12 -7.434e+11 0.02296 36.02056 1.5090e+12 1.5090e+12 1.5090e+12 1.2072e+12 0.0000e+00 47.85645 0.00 0.03536 0.70860 0.44619 35.47327 52.71918 65.89157 0.68195 0.00000 42.37296 61.07510 -21.89230 0.5071 5.802e+12 6.036e+11
75 71 2.7163e+12 304.26 209.84 349.490 75.436 54 51.43435 41.07740 48.86782 105.78 -106.76 30.24 7.764e+12 2.271e+11 -3.769e+12 0.04321 75.43573 2.7163e+12 2.7163e+12 2.7163e+12 1.2072e+12 0.0000e+00 44.81082 0.00 0.05567 0.53100 0.09154 116.50210 -51.26296 17.95167 0.91309 0.09616 53.92573 52.34446 64.02394 0.4318 4.845e+12 2.414e+12
76 81 1.8108e+12 256.36 189.28 305.308 95.014 52 52.79523 46.15639 44.26579 7.30 -281.76 -31.50 1.910e+12 -2.039e+12 1.317e+12 0.01265 95.01434 1.8108e+12 1.8108e+12 0.0000e+00 0.0000e+00 0.0000e+00 163.61667 45.09 0.03914 0.57836 0.01055 169.38063 87.80805 7.57709 0.00000 0.00000 0.00000 0.00000 0.00000 0.8410 5.903e+12 2.414e+12
77 80 5.4325e+12 367.24 286.37 440.330 153.442 51 2.20216 17.70643 53.72852 -99.37 212.28 -131.86 -1.640e+13 -8.728e+12 -1.117e+13 0.03542 153.44173 5.4325e+12 5.4325e+12 4.8289e+12 1.8108e+12 9.0542e+11 33.30831 10.37 0.04403 0.20303 0.06458 -7.99569 137.25926 115.01590 0.26719 0.25779 -0.50075 80.64983 85.49751 0.4930 5.011e+12 7.243e+12
78 89 6.0361e+11 195.76 0.00 211.689 30.871 50 2.68286 12.71524 9.56498 -31.77 -125.34 -86.79 6.356e+11 5.989e+11 1.056e+12 0.06174 30.87094 6.0361e+11 6.0361e+11 6.0361e+11 3.0181e+11 0.0000e+00 80.81293 141.98 0.10838 0.00000 0.00000 0.00000 0.00000 0.00000 0.00000 0.00000 0.00000 0.00000 0.00000 0.0000 4.097e+12 3.018e+11
79 86 9.6578e+12 461.02 368.76 533.422 122.185 48 51.59530 53.04818 39.92232 173.05 -157.57 -113.26 -4.801e+13 -1.332e+13 -1.567e+13 0.03592 122.18502 9.6578e+12 9.6578e+12 9.3560e+12 4.2253e+12 1.2072e+12 43.48272 0.00 0.04066 0.63826 0.34010 -20.39858 -68.53294 94.46506 0.74953 0.34049 -19.61507 65.27016 -28.56191 0.4688 8.501e+12 9.356e+12
80 82 7.2434e+12 443.16 345.37 484.646 75.353 48 37.62597 52.49107 42.86072 214.94 -131.35 -63.63 1.603e+13 2.798e+12 -1.445e+13 0.02473 75.35346 7.2434e+12 6.6398e+12 6.0361e+12 4.8289e+12 9.0542e+11 45.71558 34.59 0.02736 0.70799 0.30647 67.29698 -8.56724 65.47135 0.41108 0.02578 59.10936 21.49864 82.71627 0.4905 6.396e+12 4.829e+12
81 83 9.6578e+12 457.49 385.20 533.422 130.799 47 5.59202 13.15209 11.62600 -122.50 -146.50 -285.01 9.484e+12 9.061e+13 -1.209e+12 0.05451 130.79883 9.6578e+12 9.6578e+12 9.3560e+12 3.3199e+12 0.0000e+00 102.77604 0.00 0.07093 0.30241 0.07951 124.46761 35.12007 48.37628 0.11182 0.10781 96.29201 39.95596 46.31292 0.5658 8.357e+12 9.658e+12
82 -1 1.2072e+12 229.88 150.45 266.711 62.542 46 79.45435 25.83334 79.60370 -146.32 -68.00 -15.10 -3.251e+12 1.067e+12 2.273e+12 0.03616 62.54231 1.2072e+12 1.2072e+12 1.2072e+12 0.0000e+00 0.0000e+00 80.68212 43.47 0.10233 0.68027 0.02667 98.08515 34.20300 141.21039 0.00000 0.00000 0.00000 0.00000 0.00000 0.7242 3.735e+12 1.207e+12
83 88 1.5090e+12 244.46 158.43 287.306 76.182 44 96.98291 24.51562 49.27766 -150.88 -170.72 322.04 -3.189e+12 2.646e+12 3.296e+12 0.02704 76.18209 1.5090e+12 1.5090e+12 9.0542e+11 3.0181e+11 0.0000e+00 89.49906 93.10 0.09094 0.84360 0.11779 -51.10385 54.59153 32.22164 0.00000 0.00000 0.00000 0.00000 0.00000 0.8585 4.797e+12 1.509e+12
84 90 3.0181e+12 327.10 225.36 361.983 60.417 44 70.76228 26.30569 3.49194 90.44 -386.50 103.01 1.246e+13 -2.863e+11 6.504e+12 0.06142 60.41665 3.0181e+12 3.0181e+12 2.1127e+12 1.8108e+12 0.0000e+00 48.24963 0.00 0.07605 0.70804 0.19278 75.18447 -38.16375 100.58582 0.86604 0.24169 98.94374 36.52042 -0.58381 0.4445 5.404e+12 1.811e+12
85 91 1.8108e+12 271.28 165.67 305.308 56.803 43 35.70551 27.82559 50.72012 410.48 -157.97 -137.18 4.770e+12 4.118e+12 -1.103e+12 0.04938 56.80261 1.8108e+12 1.8108e+12 1.8108e+12 3.0181e+11 0.0000e+00 55.09259 0.00 0.08108 0.39987 0.04669 122.65423 -25.85554 82.74767 0.00000 0.00000 0.00000 0.00000 0.00000 0.4996 4.054e+12 9.054e+11
86 74 2.1127e+12 268.84 206.90 321.406 106.164 40 60.66789 8.91538 86.98392 171.68 89.87 64.89 5.680e+12 -6.934e+12 -3.067e+12 0.04498 106.16410 2.1127e+12 2.1127e+12 1.8108e+12 0.0000e+00 0.0000e+00 53.29364 55.07 0.09286 0.22845 0.11487 117.53246 40.66566 91.50976 0.00000 0.00000 0.00000 0.00000 0.00000 0.7174 2.918e+12 2.113e+12
87 23 1.5090e+12 244.73 103.90 287.306 75.307 39 38.54100 19.84858 42.95208 290.83 -347.36 -68.19 -1.396e+12 -4.133e+12 -7.865e+12 0.07429 75.30733 1.5090e+12 1.5090e+12 6.0361e+11 3.0181e+11 0.0000e+00 126.42568 112.70 0.15447 0.41062 0.19976 167.00673 -123.41802 17.98267 0.00000 0.00000 0.00000 0.00000 0.00000 0.6099 3.576e+12 1.509e+12
88 93 5.7343e+12 374.10 356.31 448.338 154.763 38 71.66447 65.22340 55.16230 97.44 -133.87 -673.68 1.724e+13 1.232e+13 7.926e+12 0.02016 154.76324 5.7343e+12 5.7343e+12 4.5271e+12 0.0000e+00 0.0000e+00 187.17067 14.00 0.04199 0.43019 0.09810 -107.55518 194.50206 43.85149 0.00000 0.00000 0.00000 0.00000 0.00000 0.7938 5.340e+12 7.243e+12
89 87 1.2072e+12 222.26 96.35 266.711 94.513 37 82.50715 30.18252 66.84824 -87.43 -29.64 15.88 1.434e+12 6.531e+12 1.683e+12 0.05456 94.51318 1.2072e+12 9.0542e+11 6.0361e+11 0.0000e+00 0.0000e+00 144.39818 122.29 0.17176 0.97840 0.00000 22.71845 97.80990 73.76219 0.00000 0.00000 0.00000 0.00000 0.00000 0.7822 3.313e+12 2.113e+12
90 97 1.8108e+12 270.59 143.98 305.308 57.788 34 96.30437 28.34779 63.63988 -33.55 92.85 101.87 -4.057e+12 -1.293e+12 1.596e+12 0.04791 57.78846 1.8108e+12 1.8108e+12 1.8108e+12 1.2072e+12 0.0000e+00 63.45883 0.00 0.05764 0.10420 0.00000 -29.41658 68.54382 80.17602 0.62118 0.27560 -31.27043 83.77619 49.97883 0.2858 3.731e+12 1.509e+12
91 94 1.2072e+12 236.10 151.58 266.711 50.907 33 58.39203 0.53438 63.52355 120.77 8.98 32.78 9.820e+11 2.058e+12 4.176e+12 0.05494 50.90680 1.2072e+12 1.2072e+12 1.2072e+12 6.0361e+11 0.0000e+00 103.57998 0.00 0.11852 0.92984 0.40002 40.78368 64.67019 57.93875 0.00000 0.00000 0.00000 0.00000 0.00000 0.6239 2.552e+12 6.036e+11
92 -1 9.0542e+11 230.41 189.15 242.323 30.492 33 53.31497 55.82856 37.28038 77.68 -83.95 79.52 3.499e+12 -5.246e+12 -3.856e+12 0.16023 30.49186 9.0542e+11 9.0542e+11 9.0542e+11 0.0000e+00 0.0000e+00 71.89988 0.00 0.29743 0.00000 0.00000 0.00000 0.00000 0.00000 0.00000 0.00000 0.00000 0.00000 0.00000 1.9881 3.482e+12 0.000e+00
93 99 3.0181e+12 300.53 187.96 361.983 140.971 33 61.75641 42.47763 69.42748 -51.27 -184.72 -284.11 9.745e+12 -4.390e+12 -5.365e+12 0.04915 140.97072 3.0181e+12 2.1127e+12 2.1127e+12 6.0361e+11 0.0000e+00 63.19863 69.31 0.06469 0.85132 0.10728 -0.84189 -24.96400 102.43622 0.00000 0.00000 0.00000 0.00000 0.00000 0.4313 4.291e+12 4.829e+12
94 98 6.0361e+11 182.48 0.00 211.689 49.586 32 87.83447 52.70045 71.34054 -117.59 -293.59 -206.78 -8.269e+11 2.323e+09 -1.404e+11 0.02726 49.58571 6.0361e+11 6.0361e+11 3.0181e+11 3.0181e+11 0.0000e+00 90.68283 96.63 0.06633 0.00000 0.00000 0.00000 0.00000 0.00000 0.00000 0.00000 0.00000 0.00000 0.00000 0.0000 3.472e+12 3.018e+11
95 96 2.1127e+12 279.11 202.92 321.406 70.779 30 86.71288 70.51865 9.50552 -241.34 127.81 83.63 -2.071e+12 -2.924e+12 2.214e+12 0.02148 70.77934 2.1127e+12 2.1127e+12 2.1127e+12 0.0000e+00 0.0000e+00 75.70747 0.00 0.04129 0.54466 0.01643 132.73204 131.86351 -20.27601 0.00000 0.00000 0.00000 0.00000 0.00000 0.6740 3.116e+12 1.811e+12
96 74 3.9235e+12 336.63 240.41 395.065 103.222 30 62.18716 8.98535 89.33684 0.47 74.12 -32.05 1.228e+12 -2.112e+13 1.155e+13 0.06604 103.22220 3.9235e+12 2.4145e+12 2.4145e+12 1.8108e+12 0.0000e+00 95.11798 47.56 0.08423 0.24441 0.02454 92.17840 -12.10486 87.62469 0.00000 0.00000 86.94458 -4.07314 77.47650 0.4756 4.491e+12 3.923e+12
97 104 9.0542e+11 206.24 80.04 242.323 64.089 29 2.01509 99.44531 4.97291 -22.32 306.07 -99.90 -1.388e+12 -5.071e+11 -2.174e+12 0.05347 64.08932 9.0542e+11 9.0542e+11 6.0361e+11 0.0000e+00 0.0000e+00 42.11688 151.17 0.10578 0.00000 0.00000 0.00000 0.00000 0.00000 0.00000 0.00000 0.00000 0.00000 0.00000 1.9402 2.511e+12 9.054e+11
98 103 6.0361e+11 180.83 0.00 211.689 53.927 28 41.32684 29.65155 76.06860 216.66 39.39 -208.92 1.216e+12 7.676e+11 2.585e+11 0.05818 53.92711 6.0361e+11 6.0361e+11 3.0181e+11 0.0000e+00 0.0000e+00 126.62653 117.74 0.11556 0.00000 0.00000 0.00000 0.00000 0.00000 0.00000 0.00000 0.00000 0.00000 0.00000 0.0000 2.754e+12 6.036e+11
