#ID DescID Mvir Vmax Vrms Rvir Rs Np X Y Z VX VY VZ JX JY JZ Spin rs_klypin Mvir_all M200b M200c M500c M2500c Xoff Voff spin_bullock b_to_a c_to_a A[x] A[y] A[z] b_to_a(500c) c_to_a(500c) A[x](500c) A[y](500c) A[z](500c) T/|U| M_pe_Behroozi M_pe_Diemer
#a = 0.717782
#Om = 0.285000; Ol = 0.715000; h = 0.695000
#FOF linking length: 0.280000
#Unbound Threshold: 0.500000; FOF Refinement Threshold: 0.700000
#Particle mass: 3.01807e+11 Msun/h
#Box size: 100.000000 Mpc/h
#Force resolution assumed: 0.0976562 Mpc/h
#Units: Masses in Msun / h
#Units: Positions in Mpc / h (comoving)
#Units: Velocities in km / s (physical, peculiar)
#Units: Halo Distances, Lengths, and Radii in kpc / h (comoving)
#Units: Angular Momenta in (Msun/h) * (Mpc/h) * km/s (physical)
#Units: Spins are dimensionless
#Np is an internal debugging quantity.
#Rockstar Version: 0.99.9-RC3
0 2 2.8008e+14 1096.75 1189.89 1503.005 367.376 1200 4.56543 5.78643 94.98738 87.68 187.80 2.75 -6.464e+15 6.286e+15 -6.210e+15 0.01876 361.79544 2.8008e+14 3.1961e+14 2.4175e+14 1.4577e+14 5.7645e+13 12.75089 136.73 0.02425 0.37026 0.25772 -135.41730 14.10914 186.30089 0.37871 0.25931 -93.58912 15.49701 141.69788 0.6834 2.786e+14 2.768e+14
1 0 4.3158e+13 605.30 607.06 805.792 151.769 256 5.58570 5.84176 93.44682 -788.56 527.47 1104.20 -1.397e+14 1.878e+12 2.389e+14 0.01175 154.43929 4.3158e+13 4.7987e+13 3.7122e+13 2.3541e+13 6.9416e+12 50.91455 10.60 0.01384 0.87861 0.44398 -22.99262 -72.95920 94.69717 0.72482 0.38387 -2.40126 -62.85053 70.58151 0.6153 4.641e+13 3.501e+13
2 7 6.3380e+12 322.86 325.43 425.126 75.704 88 75.55635 17.98651 2.07387 -444.89 40.11 -411.79 1.238e+13 -1.125e+13 4.236e+13 0.02898 75.70383 6.3380e+12 7.5452e+12 6.0361e+12 3.9235e+12 0.0000e+00 112.72462 22.95 0.05571 0.02144 0.00976 -76.17527 -113.80314 129.74709 0.10634 0.04782 49.13877 94.30517 -88.08194 0.8127 1.071e+13 4.225e+12
3 3 5.4325e+12 315.44 235.84 403.833 60.647 53 72.44657 18.14463 2.16689 874.98 522.44 -186.11 -3.935e+11 -1.121e+13 -4.063e+12 0.01502 60.64723 5.7343e+12 6.3380e+12 5.1307e+12 1.2072e+12 0.0000e+00 20.81048 0.00 0.01886 0.17536 0.08718 146.75758 -60.05229 4.06185 0.40634 0.09044 102.41210 -11.46408 4.74238 0.5284 6.908e+12 2.716e+12
4 4 9.0542e+12 402.16 315.85 478.797 49.808 71 73.41506 18.70745 2.07763 525.46 1157.31 -160.05 -1.901e+13 -6.252e+13 4.173e+12 0.04176 49.80801 9.0542e+12 9.3560e+12 8.7524e+12 7.5452e+12 0.0000e+00 15.37836 21.60 0.04420 0.69475 0.52763 6.87427 110.74592 -69.46429 0.84818 0.24360 9.33187 92.60385 -50.86601 0.4949 1.105e+13 3.320e+12
5 5 2.5774e+14 1048.13 1152.86 1461.942 448.523 637 72.99670 20.44406 1.41993 439.88 -557.82 406.82 -5.541e+15 7.135e+15 1.078e+16 0.02456 422.77356 2.5774e+14 2.7434e+14 2.1911e+14 1.2434e+14 3.6217e+13 233.41016 496.91 0.03577 0.34931 0.27548 -162.67583 190.55896 -53.60898 0.63029 0.47732 -100.52347 112.55128 -19.46743 0.7356 2.328e+14 2.894e+14
6 6 8.3902e+13 707.16 773.71 1005.679 906.957 386 73.58253 19.72819 1.62178 -395.30 753.38 27.55 1.938e+15 1.473e+15 2.631e+15 0.04164 446.60803 8.3902e+13 9.2957e+13 6.3078e+13 3.4104e+13 1.3883e+13 74.70979 68.80 0.05919 0.45412 0.36989 -99.89001 135.41057 -30.84515 0.60232 0.46826 75.33327 -73.89328 29.78710 0.7086 8.319e+13 1.624e+14
7 8 6.6398e+12 311.78 361.30 431.769 115.120 130 78.35659 16.51473 2.20889 -271.83 143.52 -23.41 -5.347e+13 -3.449e+13 -1.163e+13 0.01256 115.11977 7.8470e+12 6.9416e+12 5.7343e+12 2.7163e+12 0.0000e+00 17.21051 45.75 0.07322 0.53283 0.35662 62.31620 -58.50112 24.40209 0.14543 0.02502 47.62849 -41.90865 -10.11769 0.9794 1.128e+13 6.942e+12
8 10 9.4466e+13 778.76 793.46 1046.227 282.958 456 71.22266 61.68348 50.78894 -192.73 -333.71 -1285.79 1.891e+15 -1.990e+15 -7.116e+13 0.03084 214.15604 9.4466e+13 1.0352e+14 8.1488e+13 5.0100e+13 1.8410e+13 54.42321 171.24 0.03721 0.49661 0.32477 85.74607 119.59171 -26.35412 0.40317 0.23878 64.29930 95.04617 -28.06364 0.6405 8.702e+13 1.011e+14
9 9 8.1488e+12 364.89 265.53 462.273 65.482 41 71.82221 63.98372 50.72453 -151.69 -423.18 -538.79 5.424e+13 -3.117e+13 -1.825e+13 0.05293 65.48194 8.1488e+12 8.1488e+12 6.9416e+12 4.5271e+12 1.5090e+12 28.07322 29.86 0.05243 0.25454 0.20957 -5.43414 83.01226 77.72459 0.45161 0.30764 -16.22656 51.18291 52.26586 0.3955 7.822e+12 4.527e+12
10 11 3.2505e+14 1156.29 1274.83 1579.487 450.474 796 70.77929 61.17111 50.43837 -27.47 487.61 437.15 -3.830e+16 4.840e+16 -6.630e+15 0.07059 369.46146 3.2656e+14 3.4134e+14 2.8611e+14 1.5935e+14 3.3199e+13 160.82954 615.62 0.10727 0.52621 0.40424 134.41748 197.43326 101.59958 0.72986 0.54356 44.88771 146.14377 67.80178 0.7587 2.988e+14 3.501e+14
11 18 1.8923e+14 964.08 1021.56 1318.864 433.516 636 40.36629 17.89648 42.81128 463.68 201.23 138.28 5.099e+15 3.468e+15 -9.931e+15 0.03701 312.50757 1.8923e+14 1.9678e+14 1.6780e+14 9.3560e+13 2.3843e+13 151.02670 195.11 0.04976 0.71495 0.39995 149.58516 129.14542 21.90593 0.59880 0.47514 120.73043 44.98037 -5.38285 0.6888 1.751e+14 2.119e+14
12 17 1.0865e+13 402.06 423.42 508.798 71.644 52 39.91277 17.20878 42.45956 -289.34 68.75 -81.42 -1.653e+13 -1.986e+13 4.673e+13 0.01635 71.64361 1.3883e+13 1.1770e+13 9.6578e+12 6.6398e+12 2.4145e+12 81.41337 76.95 0.02660 0.60473 0.57207 -71.62154 71.50950 -9.56340 0.49770 0.33746 -49.37581 77.04689 -10.62535 0.7876 1.061e+13 6.640e+12
13 19 1.9014e+13 458.10 515.33 613.137 122.102 70 42.97859 18.93486 43.17169 -564.51 293.47 -544.61 -1.104e+14 -2.825e+14 5.390e+13 0.03943 122.10240 1.9014e+13 1.9919e+13 1.7807e+13 1.0865e+13 3.9235e+12 34.34386 0.00 0.06039 0.56508 0.36566 105.86369 -52.65641 -6.01281 0.50842 0.35972 87.38187 -43.33673 -6.19642 0.7678 1.869e+13 1.690e+13
14 20 7.8772e+13 700.44 787.87 984.747 500.583 255 43.66740 18.97949 42.90452 -19.31 144.84 -318.69 2.461e+15 -4.275e+15 -1.828e+15 0.05463 317.55072 7.8772e+13 8.5411e+13 6.3380e+13 2.7766e+13 9.0542e+12 182.55470 106.93 0.09649 0.56742 0.30079 148.30885 5.67078 -93.65303 0.47041 0.31831 -29.71270 28.17916 91.95277 0.8039 7.235e+13 1.099e+14
15 23 9.0542e+12 414.82 352.88 478.797 43.408 44 71.14899 2.54301 25.44146 -440.82 591.01 890.77 8.717e+13 -2.913e+13 -7.815e+12 0.05977 43.40761 9.0542e+12 9.3560e+12 8.1488e+12 7.5452e+12 0.0000e+00 17.92405 23.26 0.06227 0.61412 0.17566 -20.95052 73.47620 95.85609 0.60273 0.09646 -41.36917 85.77456 62.10608 0.5341 1.085e+13 4.527e+12
16 24 1.1982e+14 802.83 833.26 1132.508 802.364 413 71.22903 2.75368 26.33573 28.77 135.34 250.68 6.910e+15 1.318e+15 -4.306e+14 0.04739 386.77148 1.1982e+14 1.2676e+14 9.6578e+13 4.6177e+13 2.0221e+13 76.68390 36.50 0.06426 0.30345 0.25125 5.62299 50.28573 187.75369 0.50024 0.40905 10.62957 33.82761 110.53079 0.6780 1.077e+14 2.191e+14
17 22 1.5694e+13 452.97 393.65 575.147 82.487 75 71.01115 2.98525 27.07939 43.43 -399.80 -519.59 1.060e+14 8.630e+13 -7.468e+13 0.03710 82.48724 1.5694e+13 1.6298e+13 1.4487e+13 1.1167e+13 0.0000e+00 10.74690 11.46 0.04204 0.14896 0.11850 -75.98168 169.04576 56.98215 0.21185 0.14489 -58.94490 146.42792 52.64914 0.5489 1.626e+13 1.117e+13
18 24 1.5090e+12 190.64 367.85 263.492 68.842 94 70.16481 4.22095 28.19473 334.50 -362.10 -355.23 -2.397e+13 -1.740e+11 8.312e+12 0.55299 68.84160 1.8108e+12 1.5090e+12 1.2072e+12 6.0361e+11 0.0000e+00 60.21422 100.89 0.33933 0.49539 0.02624 70.21025 -63.08102 -62.10290 0.00000 0.00000 0.00000 0.00000 0.00000 4.6706 1.335e+13 1.509e+12
19 27 7.6961e+13 713.23 723.80 977.142 281.576 315 73.05930 3.98697 29.74514 -341.14 -91.67 -223.26 3.255e+14 -7.030e+14 -2.812e+14 0.01352 234.59586 7.6961e+13 8.0884e+13 6.5492e+13 3.9235e+13 1.6599e+13 124.28080 39.85 0.01571 0.85684 0.41497 108.48471 -12.00052 99.08767 0.82391 0.43920 -55.57601 92.63766 15.74482 0.6029 7.037e+13 8.270e+13
20 15 4.8289e+12 273.12 183.17 388.285 167.071 55 19.35732 10.56933 3.41945 469.59 -349.29 -310.88 3.416e+13 3.524e+13 -8.825e+11 0.07305 167.07079 4.8289e+12 5.7343e+12 1.5090e+12 0.0000e+00 0.0000e+00 15.59180 6.96 0.09448 0.27409 0.00000 -52.12222 78.04252 145.82748 0.00000 0.00000 0.00000 0.00000 0.00000 0.4225 7.199e+12 1.056e+13
21 16 1.8139e+14 938.36 968.86 1300.376 358.427 874 23.07819 11.29208 3.94723 -153.82 142.39 64.98 3.245e+15 5.504e+15 -1.014e+15 0.02565 349.18243 1.8139e+14 1.9919e+14 1.5483e+14 9.5069e+13 3.6217e+13 75.16287 90.00 0.02955 0.82645 0.40477 162.36610 23.82528 54.52863 0.64338 0.41530 79.77406 53.47997 79.17499 0.6020 1.681e+14 1.986e+14
22 32 9.9596e+12 393.73 313.52 494.253 66.649 87 53.17598 25.54869 34.85098 509.10 186.36 512.30 1.868e+13 -3.120e+12 3.917e+13 0.02385 66.64897 9.9596e+12 1.1167e+13 7.5452e+12 6.0361e+12 1.8108e+12 53.71250 0.00 0.02505 0.54271 0.45108 -11.11966 7.60363 111.30592 0.52488 0.28674 -6.07705 4.29892 87.62025 0.4754 1.037e+13 6.036e+12
23 33 9.0542e+11 168.77 66.06 222.238 39.584 31 53.52820 26.94214 35.16875 471.80 558.36 736.81 2.199e+11 -1.614e+12 -9.619e+11 0.02158 39.58429 9.0542e+11 9.0542e+11 9.0542e+11 0.0000e+00 0.0000e+00 107.95958 0.00 0.05928 0.00000 0.00000 0.00000 0.00000 0.00000 0.00000 0.00000 0.00000 0.00000 0.00000 0.5345 3.619e+12 3.018e+11
24 33 1.6207e+14 897.61 928.88 1252.475 381.572 625 54.04526 27.36146 35.53027 -87.53 -177.98 -22.92 3.314e+15 2.972e+15 2.093e+15 0.02171 363.90387 1.6207e+14 1.7173e+14 1.2827e+14 8.4506e+13 2.2937e+13 53.12043 87.86 0.02711 0.75737 0.49730 -100.36014 -38.11772 149.01129 0.65618 0.35684 -90.58149 -31.97232 85.24136 0.6367 1.460e+14 1.820e+14
25 31 7.5452e+12 493.65 290.19 450.565 17.109 26 72.04636 67.71332 51.47670 -250.54 -104.83 -388.70 -3.032e+13 -2.639e+13 7.849e+12 0.05426 17.10879 7.5452e+12 7.5452e+12 7.2434e+12 7.2434e+12 6.3380e+12 25.36119 26.87 0.03747 0.60237 0.45782 29.23581 43.53045 52.16411 0.61260 0.42398 28.13305 41.52941 53.30080 0.2813 1.523e+13 3.018e+12
26 31 1.4577e+14 884.54 941.18 1209.001 260.891 735 71.97108 68.06936 51.68801 -213.83 -287.13 -400.50 3.134e+15 -2.265e+15 2.546e+15 0.02374 284.26703 1.4577e+14 1.6962e+14 1.1710e+14 8.0281e+13 2.3541e+13 50.99230 59.13 0.03045 0.63456 0.52506 15.94336 188.77417 -10.35316 0.65441 0.54832 1.81918 139.81006 -17.46153 0.6703 1.471e+14 1.274e+14
27 34 7.2434e+12 323.40 511.42 444.476 109.889 50 51.82445 15.60496 40.12173 30.38 292.87 -5.49 9.013e+13 2.903e+13 -1.107e+14 0.14848 109.88881 1.1469e+13 7.5452e+12 5.7343e+12 1.8108e+12 0.0000e+00 25.65404 19.20 0.14266 0.42008 0.10087 69.47637 107.83856 150.15547 0.48281 0.22798 -15.39396 15.58185 120.78065 1.7380 6.820e+12 7.243e+12
28 37 1.5030e+14 889.06 966.78 1221.389 285.615 514 51.47275 16.59382 40.42313 -169.96 331.03 -51.81 -5.576e+15 -7.471e+15 7.262e+15 0.05600 300.73703 1.5030e+14 1.6479e+14 1.2646e+14 8.1790e+13 2.6861e+13 75.72645 67.53 0.07385 0.30157 0.26945 -98.90073 191.42352 88.75092 0.34836 0.27189 -69.83983 133.40387 64.61951 0.6907 1.377e+14 1.415e+14
29 36 2.4446e+13 500.81 505.34 666.714 127.821 85 51.31874 16.90357 40.54489 -169.56 129.33 -241.01 2.952e+14 -3.844e+12 2.761e+14 0.04401 127.82072 2.4446e+13 2.5050e+13 2.0523e+13 1.2676e+13 5.7343e+12 69.90217 0.00 0.05212 0.43684 0.30861 -39.84887 75.10529 66.47744 0.29160 0.26305 -11.98888 54.04213 59.58786 0.6158 2.278e+13 1.932e+13
30 39 1.2646e+14 816.71 842.17 1153.052 606.722 597 92.50234 40.85405 61.24402 -112.73 -322.10 -16.58 1.512e+15 1.481e+15 -4.471e+15 0.03300 400.17004 1.2646e+14 1.3521e+14 1.0080e+14 5.3118e+13 1.9617e+13 150.87875 68.53 0.04122 0.68040 0.53859 -79.34164 145.92456 18.80992 0.54707 0.45216 -49.41408 94.23710 42.31324 0.6292 1.150e+14 1.793e+14
31 29 1.4457e+14 862.52 882.16 1205.654 455.263 589 57.44086 29.79341 31.82136 -252.51 -353.66 22.74 -6.398e+14 2.015e+14 -2.872e+13 0.00384 358.25122 1.4457e+14 1.5211e+14 1.1952e+14 6.8510e+13 2.9577e+13 60.33263 64.34 0.00448 0.76637 0.48433 -76.72778 -12.63141 141.86520 0.68599 0.48346 -40.53679 -9.34305 109.57818 0.5983 1.308e+14 1.790e+14
32 38 1.2012e+14 862.49 901.62 1133.458 181.694 574 53.79794 40.34864 56.99794 93.41 -360.89 -353.59 -8.739e+11 -8.780e+14 1.053e+15 0.01045 199.30370 1.2012e+14 1.2887e+14 1.0473e+14 7.5754e+13 2.5352e+13 92.82160 70.56 0.01245 0.67828 0.37206 36.95290 49.30298 154.89360 0.72392 0.41041 15.22265 59.15845 112.05470 0.6486 1.153e+14 8.602e+13
33 42 1.0261e+13 366.70 337.53 499.195 113.388 115 27.17028 12.04149 5.44464 -136.01 10.68 129.31 4.474e+13 -1.229e+13 1.998e+13 0.01948 113.38844 1.1770e+13 1.1469e+13 8.1488e+12 3.6217e+12 0.0000e+00 9.45686 16.56 0.02768 0.49608 0.12256 157.35042 -43.40814 -80.76385 0.40095 0.14275 145.39781 -7.36496 -71.19397 0.6542 1.129e+13 9.054e+12
34 41 2.5352e+13 503.49 518.02 674.845 135.776 192 28.85788 12.68841 6.24723 -245.73 -38.10 152.29 9.435e+13 -4.725e+14 3.496e+14 0.05632 135.77560 2.5352e+13 2.6257e+13 2.2636e+13 1.4789e+13 2.1127e+12 47.78047 25.95 0.07225 0.39164 0.30817 111.09516 -82.29118 -54.51952 0.26846 0.16285 -59.37276 65.13426 60.25975 0.6647 3.259e+13 2.173e+13
35 44 3.0181e+12 251.63 150.62 331.979 59.875 38 30.77204 13.15029 6.45894 -336.19 119.48 208.54 1.453e+13 5.604e+12 -3.099e+12 0.06276 59.87451 3.0181e+12 3.9235e+12 2.7163e+12 1.8108e+12 0.0000e+00 83.51249 13.59 0.06689 0.76550 0.70562 53.70708 34.50914 58.90303 0.54125 0.15269 67.71600 9.84997 22.50258 0.3053 4.543e+12 2.414e+12
36 43 1.6298e+13 409.69 492.63 582.428 249.896 175 32.68739 12.78605 7.03073 -284.79 -7.47 300.06 3.485e+13 3.236e+14 1.832e+14 0.02685 249.89555 1.6298e+13 1.8108e+13 9.3560e+12 3.6217e+12 0.0000e+00 62.15089 29.35 0.09467 0.35579 0.22535 101.39304 -61.63993 85.78757 0.13417 0.05817 36.56085 -51.14217 58.75641 1.0591 2.572e+13 3.260e+13
37 40 1.1408e+14 797.16 845.85 1114.145 319.034 487 47.54551 27.83857 45.21551 171.84 -135.22 -62.24 -3.241e+15 -6.372e+14 1.715e+15 0.03025 330.52374 1.1408e+14 1.2404e+14 9.2655e+13 5.3722e+13 2.4748e+13 51.48862 102.88 0.03683 0.72127 0.55730 -43.68555 130.89522 70.45933 0.79552 0.54893 -37.44566 101.04175 11.75782 0.6356 1.045e+14 1.262e+14
38 45 5.8551e+13 636.38 688.02 892.027 353.983 250 91.27986 22.07542 0.80202 -250.46 -452.96 -141.24 5.778e+14 4.297e+14 1.481e+14 0.01491 275.21320 5.8551e+13 6.6398e+13 4.5875e+13 2.6861e+13 8.1488e+12 144.49457 98.28 0.02211 0.54111 0.23855 -116.74330 142.92343 30.81315 0.54398 0.36665 -79.54929 88.96384 16.22651 0.7300 5.608e+13 7.817e+13
39 46 1.8712e+13 504.79 442.10 609.876 67.933 107 93.56499 20.98930 1.16617 -577.06 -294.37 -67.92 -4.619e+13 1.192e+13 -8.639e+12 0.00917 67.93273 1.8712e+13 2.1127e+13 1.5694e+13 9.6578e+12 6.0361e+12 70.05598 0.00 0.00976 0.48239 0.34072 -2.79216 -61.68346 79.40396 0.49544 0.43856 -2.59621 -45.18471 63.97499 0.5435 1.839e+13 9.054e+12
40 50 1.5090e+13 460.23 465.60 567.677 69.941 97 71.34782 26.30457 5.72264 170.95 -473.79 66.99 -8.969e+13 -1.390e+13 -5.340e+13 0.02027 69.94073 1.5090e+13 1.7505e+13 1.0865e+13 8.1488e+12 3.3199e+12 113.81960 17.77 0.03034 0.50984 0.39875 93.96454 14.61470 -87.59038 0.55687 0.35745 -4.55191 58.15281 65.86071 0.7486 1.683e+13 8.149e+12
41 51 6.5794e+13 731.05 743.95 927.392 119.336 270 71.94901 28.90617 6.45628 -47.05 -748.82 210.82 -9.665e+14 9.908e+14 -2.843e+14 0.02807 132.33473 6.5794e+13 6.8812e+13 6.2172e+13 4.7082e+13 9.3560e+12 50.31179 60.35 0.03499 0.87188 0.44730 116.94034 -95.72246 26.32607 0.48793 0.26489 -27.70391 103.55982 39.22692 0.6683 6.903e+13 3.954e+13
42 49 2.3541e+13 471.19 467.92 658.379 194.621 166 66.77872 84.19884 46.39979 90.08 -36.70 -111.04 9.433e+12 3.299e+14 -2.146e+14 0.04245 194.62129 2.3541e+13 2.4748e+13 1.9014e+13 9.3560e+12 4.8289e+12 96.43143 0.00 0.05406 0.78250 0.45600 34.63221 78.85421 88.98824 0.76917 0.47753 -40.41183 45.54907 52.99582 0.6253 2.520e+13 2.535e+13
43 48 1.0865e+13 385.09 286.75 508.798 92.652 99 66.03976 85.93092 45.36015 242.06 -125.21 111.32 1.295e+14 -2.923e+13 4.577e+13 0.06976 92.65154 1.0865e+13 1.2072e+13 9.3560e+12 6.0361e+12 0.0000e+00 23.66655 12.80 0.06993 0.39763 0.34184 68.87744 4.87445 134.69051 0.17181 0.00000 28.30901 -56.68087 99.86005 0.3897 1.373e+13 8.451e+12
44 152 9.0542e+11 157.58 72.92 222.238 75.585 61 66.27219 86.15273 50.14871 15.64 -91.91 -332.15 -2.590e+12 1.872e+12 1.885e+12 0.21191 75.58456 9.0542e+11 1.5090e+12 6.0361e+11 3.0181e+11 0.0000e+00 72.64786 98.36 0.11624 0.00000 0.00000 0.00000 0.00000 0.00000 0.00000 0.00000 0.00000 0.00000 0.00000 11.7330 5.565e+12 1.509e+12
45 153 9.0542e+11 157.73 56.81 222.238 74.339 50 65.56151 86.76083 53.26898 208.54 48.71 -306.44 7.038e+12 4.895e+12 -8.638e+11 0.63049 74.33880 9.0542e+11 1.2072e+12 0.0000e+00 0.0000e+00 0.0000e+00 113.89810 175.61 0.26997 0.00000 0.00000 0.00000 0.00000 0.00000 0.00000 0.00000 0.00000 0.00000 0.00000 23.5498 5.919e+12 1.207e+12
46 54 7.7565e+13 688.79 694.06 979.690 842.400 243 96.67925 23.24806 51.71944 -62.85 -132.91 405.62 -2.728e+15 1.690e+15 1.205e+15 0.04671 448.06058 7.7565e+13 8.5411e+13 5.3722e+13 2.9577e+13 8.4506e+12 83.83990 109.58 0.06452 0.64159 0.58401 77.14946 53.76130 144.57797 0.95035 0.90244 26.77763 94.71999 -21.50472 0.6709 7.223e+13 1.026e+14
47 55 2.1127e+13 477.25 466.45 635.053 121.346 110 97.00677 23.31536 52.53990 -191.58 -24.52 -333.68 1.447e+13 -1.369e+14 4.990e+14 0.07224 121.34622 2.1127e+13 2.3541e+13 1.9919e+13 9.6578e+12 5.1307e+12 79.25567 0.00 0.08513 0.54721 0.24933 -33.81702 28.27112 87.10850 0.20891 0.12323 -27.40844 22.11985 79.19464 0.6049 2.163e+13 1.720e+13
48 53 6.4889e+13 670.00 640.46 923.118 273.302 309 99.23186 22.48857 75.89397 -36.59 77.50 6.50 7.495e+14 7.834e+14 -7.241e+14 0.02929 233.65840 6.4889e+13 6.9416e+13 5.5231e+13 3.1690e+13 1.0563e+13 25.77736 36.55 0.03304 0.61255 0.42286 -27.75858 121.65314 -75.07397 0.45998 0.34216 -25.26900 83.93909 -41.37707 0.5559 5.968e+13 7.274e+13
49 52 3.0181e+12 237.23 239.87 331.979 100.113 33 99.61784 21.68023 77.46482 -216.13 -90.91 -315.08 -1.062e+13 -2.783e+13 -1.338e+13 0.01635 100.11329 3.0181e+12 3.3199e+12 1.5090e+12 0.0000e+00 0.0000e+00 58.48938 17.01 0.13757 0.30381 0.00000 52.91473 106.46255 -0.44743 0.00000 0.00000 0.00000 0.00000 0.00000 1.0141 4.439e+12 3.622e+12
50 56 7.0623e+13 700.04 723.10 949.547 252.002 312 35.03055 7.98589 40.93271 155.07 474.54 34.50 2.569e+14 3.607e+14 -2.231e+14 0.00899 209.37433 7.0623e+13 7.5754e+13 5.6136e+13 3.6217e+13 1.4487e+13 77.67290 49.42 0.01091 0.58859 0.45500 -44.83834 113.88227 -58.15517 0.69295 0.50244 -22.19653 91.04787 -20.91964 0.6333 6.383e+13 7.394e+13
51 57 4.0140e+13 561.01 581.57 786.553 320.518 166 4.32313 6.59439 77.19678 -65.92 64.24 474.71 -5.603e+14 8.115e+14 7.439e+14 0.05224 243.43814 4.0140e+13 4.5573e+13 3.3199e+13 1.8108e+13 6.6398e+12 98.66001 87.30 0.06970 0.46808 0.31663 54.33506 -56.19871 134.71877 0.48690 0.28992 21.20615 -13.89539 102.09389 0.6701 4.646e+13 6.821e+13
52 58 3.0181e+13 525.18 518.51 715.228 163.031 163 4.46788 6.07614 78.04298 -49.60 532.08 36.58 -3.660e+14 -5.566e+14 4.998e+14 0.06132 163.03130 3.0181e+13 3.2293e+13 2.1127e+13 1.4185e+13 6.3380e+12 65.62710 0.00 0.07558 0.72642 0.47714 31.19410 25.58644 109.83415 0.79704 0.48097 9.47355 39.90185 72.52087 0.6180 2.876e+13 2.535e+13
53 101 4.8591e+13 608.82 641.52 838.274 219.402 226 67.14049 24.18740 89.77253 218.61 -201.73 96.88 -1.463e+15 2.418e+14 -6.961e+14 0.05131 210.84486 4.8591e+13 5.3420e+13 4.1951e+13 2.4748e+13 6.3380e+12 161.42177 51.45 0.06723 0.76929 0.64136 -31.02006 117.26695 -54.67341 0.83702 0.54667 30.09554 -67.81749 60.47736 0.6724 4.497e+13 5.101e+13
54 168 9.3560e+12 355.21 342.33 484.059 110.912 99 68.79309 23.06541 87.92309 18.67 335.76 321.16 5.065e+13 -3.299e+13 1.408e+14 0.04722 110.91236 9.3560e+12 1.2072e+13 7.5452e+12 2.1127e+12 0.0000e+00 48.73324 148.48 0.09793 0.90173 0.27477 -43.61821 89.17357 -67.87660 0.44013 0.08185 75.61216 30.90798 0.86431 0.8340 1.149e+13 7.847e+12
55 60 4.5271e+12 291.53 278.69 380.021 63.492 37 43.48534 83.33591 45.30574 203.35 644.91 158.92 -2.356e+12 -7.600e+12 -6.403e+13 0.08073 63.49239 4.5271e+12 4.5271e+12 3.6217e+12 2.1127e+12 0.0000e+00 46.20002 67.64 0.13829 0.32522 0.22711 88.18931 -5.14153 17.20505 0.39033 0.12418 42.27521 35.83524 18.73018 0.7634 5.386e+12 3.018e+12
56 61 1.0261e+13 378.70 451.38 499.195 89.537 70 43.29090 84.44836 45.66675 223.73 503.78 -9.36 5.243e+13 2.406e+13 1.439e+13 0.01076 89.53749 1.0261e+13 1.1167e+13 9.6578e+12 4.8289e+12 2.4145e+12 108.06842 0.00 0.03258 0.57953 0.20133 -63.49273 84.14574 -10.96325 0.61197 0.15199 63.63278 -58.82784 10.91040 0.9373 1.396e+13 8.149e+12
57 62 5.3420e+13 615.08 639.95 865.171 345.595 214 43.25066 85.56297 45.53924 228.76 -57.64 -4.85 4.156e+14 -8.895e+14 -6.547e+13 0.02695 281.20963 5.3420e+13 5.7947e+13 4.2253e+13 2.3541e+13 7.8470e+12 92.70732 46.03 0.03448 0.61111 0.32990 140.86732 -25.36140 24.34607 0.81824 0.39826 90.61816 -13.17638 7.57334 0.6454 4.870e+13 7.243e+13
58 59 7.6961e+13 690.84 704.60 977.142 377.476 317 43.03290 40.72260 80.88476 143.13 -227.11 -272.56 -7.451e+14 -8.356e+13 -2.859e+14 0.01259 352.39938 7.6961e+13 8.3902e+13 6.0965e+13 3.6519e+13 1.0865e+13 25.52412 46.67 0.01530 0.44180 0.40726 -39.05112 85.94366 124.25259 0.49627 0.36012 -53.80251 55.71556 76.06795 0.6103 7.016e+13 9.356e+13
59 66 1.5392e+13 487.43 472.22 571.436 55.452 82 53.46364 55.73377 37.11285 -248.92 -5.81 446.69 -1.408e+14 5.235e+13 2.968e+14 0.06758 55.45175 1.9617e+13 1.7203e+13 1.1469e+13 9.3560e+12 6.0361e+12 103.64051 61.83 0.09273 0.73839 0.51289 -7.58416 85.52493 -44.27588 0.71009 0.55604 50.54811 20.36006 -43.79608 0.7250 1.489e+13 7.243e+12
60 67 7.3339e+13 737.29 867.17 961.567 185.485 230 53.84599 55.29529 37.09370 206.37 -464.15 49.93 8.845e+14 7.503e+14 -1.506e+15 0.01765 161.15227 7.3339e+13 7.5150e+13 6.8208e+13 4.0442e+13 9.9596e+12 296.17508 241.38 0.03927 0.30789 0.25701 197.81226 -162.37862 -12.63551 0.53720 0.40860 116.27354 -58.57125 -1.04354 0.8907 7.314e+13 6.428e+13
61 70 4.7384e+13 588.19 569.09 831.274 792.120 228 1.18325 19.71746 52.81033 -209.04 295.18 -144.59 1.465e+13 -6.944e+14 9.403e+14 0.04034 294.49841 4.7384e+13 4.9798e+13 3.1992e+13 1.5090e+13 6.0361e+12 92.69035 43.20 0.05003 0.48393 0.35293 -48.32906 127.14355 39.98401 0.42210 0.27316 -12.48953 101.27714 -5.94335 0.5956 4.320e+13 8.088e+13
62 72 2.7163e+12 263.79 216.72 320.522 36.685 27 2.87897 19.61967 52.19177 -548.71 -110.95 -5.84 1.033e+13 -5.357e+12 6.414e+12 0.04231 36.68511 2.7163e+12 2.7163e+12 1.8108e+12 1.8108e+12 0.0000e+00 82.37124 0.00 0.06671 0.86636 0.12768 92.17892 11.93978 -15.57392 0.38816 0.20806 90.23669 40.98444 16.61164 0.6720 3.594e+12 1.509e+12
63 74 6.1569e+13 709.55 712.74 907.098 162.058 308 64.78558 5.13645 71.28843 -98.47 60.78 -155.08 -5.319e+14 -4.186e+14 3.555e+14 0.01801 135.13463 6.1569e+13 6.9114e+13 5.2213e+13 3.5010e+13 1.6298e+13 41.63554 65.90 0.02115 0.51433 0.44425 63.49852 131.63278 19.37591 0.52525 0.39263 61.43393 98.44226 1.84717 0.6351 5.790e+13 4.557e+13
64 63 7.7866e+13 726.55 737.11 980.959 230.291 305 39.58134 23.45545 59.65898 133.45 266.84 -201.98 3.018e+14 -6.937e+14 -1.714e+14 0.01189 208.53519 7.7866e+13 7.9979e+13 6.7001e+13 3.6821e+13 1.2978e+13 58.66538 79.70 0.01450 0.46243 0.42952 -12.77446 -44.07515 164.66205 0.62798 0.41583 36.04020 -31.03164 99.58897 0.6311 7.131e+13 7.455e+13
65 77 3.3802e+13 587.65 590.52 742.763 118.810 149 43.57638 30.23560 74.51928 286.44 24.79 -313.77 -2.118e+14 3.959e+14 -3.216e+14 0.03559 103.90672 3.3802e+13 3.5010e+13 3.1086e+13 2.2032e+13 9.3560e+12 24.90305 5.27 0.04149 0.77083 0.42041 55.49946 39.62706 83.93125 0.53256 0.36925 78.04203 44.44398 25.75730 0.6404 3.250e+13 2.414e+13
66 78 2.0523e+13 524.18 470.17 628.947 67.823 98 45.93886 30.31140 73.16937 -203.56 -51.22 -79.95 1.071e+14 -1.753e+14 4.940e+12 0.03115 67.82347 2.0523e+13 2.2636e+13 1.9014e+13 9.3560e+12 6.3380e+12 21.02498 0.00 0.03546 0.76614 0.66965 72.35609 -3.27778 68.62949 0.71073 0.53286 43.80419 23.68258 45.86250 0.5926 1.997e+13 8.451e+12
67 79 1.0865e+13 374.75 324.59 508.798 113.056 41 44.92915 30.34236 73.81405 103.73 -81.21 -12.52 -1.569e+14 1.598e+14 -4.255e+13 0.10016 113.05577 1.0865e+13 1.1167e+13 9.3560e+12 4.5271e+12 2.4145e+12 84.35253 0.00 0.11355 0.73696 0.43366 -77.14825 93.76155 25.66079 0.86783 0.36078 -56.12937 64.53387 3.07471 0.5099 1.067e+13 9.658e+12
68 64 5.7042e+13 643.50 642.74 884.297 252.558 170 27.78665 28.90832 63.38862 150.94 -82.38 -104.74 1.606e+15 1.532e+15 9.033e+14 0.05702 218.33139 5.7042e+13 6.3380e+13 4.7384e+13 2.7163e+13 6.3380e+12 43.15417 33.75 0.07528 0.66838 0.30992 171.45041 -41.52074 -41.74424 0.76519 0.29929 -10.90518 13.25173 109.77134 0.6626 5.328e+13 6.368e+13
69 65 1.2676e+13 388.03 342.12 535.625 138.099 63 28.27352 28.78497 63.33416 -422.98 140.40 -269.39 -2.360e+13 1.041e+14 3.301e+13 0.03750 138.09888 1.2978e+13 1.3280e+13 9.9596e+12 6.3380e+12 0.0000e+00 6.07158 11.85 0.04305 0.39740 0.32890 95.09686 -52.33506 35.49159 0.14114 0.01633 129.25970 -60.10885 45.38899 0.5236 1.195e+13 1.298e+13
70 64 4.8289e+12 276.31 179.57 388.285 124.345 53 27.07772 29.07013 63.23474 733.14 -284.56 45.64 8.417e+12 -2.124e+13 1.996e+12 0.04032 124.34479 4.8289e+12 5.1307e+12 3.6217e+12 2.1127e+12 0.0000e+00 47.83937 13.98 0.04414 0.42943 0.15126 165.69789 -25.84809 41.15162 0.45251 0.22083 108.35022 16.92453 86.72274 0.3275 6.555e+12 5.734e+12
71 76 5.4325e+12 285.84 230.83 403.833 142.066 210 69.89571 71.39831 48.76817 -33.31 -43.89 221.72 -1.783e+13 -4.041e+13 1.140e+13 0.04603 142.06555 5.7343e+12 8.4506e+12 1.5090e+12 6.0361e+11 0.0000e+00 60.27477 50.28 0.07214 0.34267 0.03597 92.59063 40.54300 108.63198 0.00000 0.00000 0.00000 0.00000 0.00000 0.6374 1.069e+13 9.960e+12
72 81 6.1871e+13 698.42 666.64 908.578 148.050 275 65.36671 64.33945 39.88125 -56.30 20.81 277.31 -4.101e+14 -8.060e+14 5.979e+14 0.02791 149.92416 6.1871e+13 6.7001e+13 5.2816e+13 3.6519e+13 1.5996e+13 47.22790 21.60 0.02974 0.90174 0.67914 35.64439 26.54714 122.28890 0.81107 0.69348 70.55176 2.21534 72.34678 0.5533 5.697e+13 4.255e+13
73 82 3.5915e+13 589.84 566.75 757.926 168.239 224 34.92027 14.59790 42.66178 598.66 239.66 -187.68 1.599e+14 3.315e+14 3.674e+14 0.03067 116.25198 3.5915e+13 3.7122e+13 2.9577e+13 2.1127e+13 3.6217e+12 69.63201 23.82 0.03532 0.86113 0.43249 128.89140 61.16027 -22.41408 0.92100 0.52192 91.83646 -21.61058 -60.16422 0.6028 3.427e+13 3.350e+13
74 83 3.6217e+12 279.82 181.19 352.781 48.678 51 36.54435 15.72125 42.25377 414.46 -48.38 -478.32 9.437e+12 -1.939e+13 -1.946e+12 0.06581 48.67820 3.6217e+12 9.3560e+12 3.3199e+12 2.4145e+12 0.0000e+00 34.14107 0.00 0.06732 0.88816 0.19663 54.16936 -53.68975 61.50116 0.56931 0.00573 63.30576 -54.21765 30.43694 0.3407 9.840e+12 2.414e+12
75 84 5.8249e+13 636.90 648.34 890.492 311.381 274 66.44422 96.40425 65.98386 -74.34 330.41 -220.37 2.577e+14 3.561e+14 -6.761e+14 0.02018 265.45337 5.8249e+13 6.2172e+13 4.6780e+13 2.9275e+13 9.0542e+12 51.86932 66.77 0.02446 0.68833 0.37648 -82.87534 109.67727 61.80265 0.55773 0.28737 -62.29295 84.87060 41.08466 0.6115 5.307e+13 7.062e+13
76 80 5.4929e+13 676.23 671.54 873.242 217.856 272 86.17332 14.47724 0.52532 -83.53 59.71 127.33 -5.540e+14 -1.838e+14 -8.238e+14 0.02914 137.85884 5.5231e+13 5.8551e+13 4.6177e+13 3.0483e+13 1.4789e+13 71.19892 20.47 0.03377 0.70215 0.41193 116.74210 -19.19556 -57.39549 0.69131 0.46461 84.16054 -2.47851 -44.42987 0.6171 5.012e+13 5.463e+13
77 85 6.0361e+13 642.85 683.38 901.130 375.419 254 39.23092 5.46684 5.78527 -80.67 327.48 85.58 7.393e+14 -1.837e+15 1.561e+15 0.05362 278.19113 6.0361e+13 6.5190e+13 4.6478e+13 2.8672e+13 8.7524e+12 211.39629 51.58 0.07208 0.53195 0.22090 -102.88937 37.78341 104.06460 0.66332 0.25476 81.43258 -29.95470 -59.67090 0.6789 5.507e+13 7.364e+13
78 92 4.2253e+13 599.85 581.30 800.117 166.491 245 37.47953 11.14537 9.09455 -202.97 300.16 -62.61 9.584e+14 -4.257e+14 4.610e+14 0.05367 155.49461 4.2253e+13 4.4366e+13 3.7424e+13 2.5654e+13 9.6578e+12 23.53903 39.37 0.05934 0.92326 0.54807 109.53204 -1.54182 -59.83940 0.74274 0.26984 90.53790 18.61797 -17.54275 0.5695 4.007e+13 3.742e+13
79 73 4.7082e+13 617.46 597.58 829.505 205.902 239 89.72133 34.41926 65.67921 -18.86 -222.42 -245.44 -6.029e+14 5.158e+13 -1.646e+14 0.02479 169.74809 4.7082e+13 4.9496e+13 4.0442e+13 2.6861e+13 9.3560e+12 55.26891 28.05 0.02712 0.80343 0.53930 -16.04337 -37.97301 124.42967 0.56434 0.42636 -33.74364 -12.29384 91.78168 0.5560 4.461e+13 4.708e+13
80 93 5.8852e+13 670.21 676.27 893.557 146.834 239 79.20876 86.00157 5.46748 -104.06 206.98 217.13 -1.209e+14 -3.201e+14 -8.646e+13 0.00921 173.08942 5.8852e+13 6.4587e+13 5.3420e+13 3.2293e+13 1.4487e+13 63.55440 23.16 0.01052 0.55993 0.35601 126.14908 1.85186 -69.47089 0.43530 0.31403 100.69740 8.26967 -44.99028 0.6011 5.649e+13 3.984e+13
81 96 1.6901e+13 457.84 431.59 589.531 91.522 145 66.82394 25.59955 15.43876 126.23 -98.61 -158.81 -1.515e+13 -1.108e+14 3.656e+13 0.02316 91.52226 1.6901e+13 1.9919e+13 1.3581e+13 8.4506e+12 3.9235e+12 98.47563 11.42 0.02805 0.68267 0.41814 -15.10551 34.54569 102.52196 0.41410 0.10007 -2.26558 20.50513 91.75301 0.6132 1.817e+13 1.087e+13
82 86 3.3501e+13 551.47 563.49 740.546 324.350 143 77.80568 74.01881 55.47933 -456.66 -195.27 -327.08 -2.725e+14 -7.669e+13 -2.324e+14 0.02237 151.07428 3.3501e+13 3.5010e+13 2.6861e+13 1.6599e+13 6.9416e+12 65.56631 13.43 0.02793 0.50777 0.43169 86.97295 3.57561 -72.28410 0.50955 0.32670 -53.01239 12.10254 65.58243 0.6462 3.087e+13 4.255e+13
83 86 5.1307e+12 294.69 232.07 396.212 81.580 54 79.94930 73.50223 55.04695 -652.49 -112.45 54.51 1.671e+13 1.783e+13 2.930e+13 0.05295 81.58035 5.1307e+12 5.4325e+12 4.5271e+12 1.8108e+12 0.0000e+00 34.43081 26.90 0.06637 0.07599 0.03222 172.76247 -118.55281 -134.36484 0.86198 0.62366 -15.80202 47.85335 81.55597 0.5098 5.029e+12 4.527e+12
84 95 4.8893e+13 608.76 607.90 840.006 233.258 227 52.80226 43.77406 44.56583 8.47 -262.38 83.16 -1.556e+14 2.137e+14 -3.064e+14 0.01313 215.81290 4.8893e+13 5.4024e+13 4.2555e+13 2.1428e+13 4.8289e+12 90.48129 27.44 0.01644 0.59548 0.34240 -50.95756 -17.73391 160.69110 0.90659 0.58993 -25.60041 -24.29555 97.06464 0.6260 4.526e+13 5.402e+13
85 12 3.0181e+12 244.40 411.00 331.979 74.057 45 16.51390 9.72843 1.79949 288.43 116.45 250.88 3.200e+13 4.164e+13 -2.004e+13 0.32300 74.05654 3.0181e+12 3.0181e+12 9.0542e+11 0.0000e+00 0.0000e+00 41.85992 0.00 0.23678 0.44487 0.03915 70.08974 88.39619 -84.37088 0.00000 0.00000 0.00000 0.00000 0.00000 3.0135 7.272e+12 2.716e+12
86 13 8.7524e+12 411.04 344.88 473.417 42.524 137 18.78708 9.64639 2.00113 229.26 94.73 223.92 -2.483e+12 -2.030e+13 -5.114e+13 0.03745 42.52440 9.0542e+12 9.9596e+12 7.5452e+12 6.3380e+12 2.7163e+12 40.34675 0.00 0.03934 0.82786 0.43131 20.73678 37.95000 56.94688 0.73942 0.28725 42.64606 26.67735 52.02981 0.5346 1.270e+13 3.923e+12
87 105 3.4406e+13 559.29 536.31 747.158 168.670 204 78.37297 24.78923 79.24409 -205.64 -220.65 -28.32 -1.791e+14 -2.125e+14 1.448e+14 0.01991 146.77948 3.4406e+13 3.9537e+13 2.8672e+13 1.7505e+13 6.6398e+12 92.07639 14.67 0.02286 0.55063 0.39127 115.25868 -76.49540 -64.14176 0.77540 0.52665 77.05323 -53.75801 -42.80078 0.5772 3.510e+13 3.109e+13
88 91 4.5573e+13 638.64 628.43 820.547 172.076 188 69.38651 37.52811 55.44913 -27.27 -303.80 -16.63 -1.427e+14 7.897e+14 -4.199e+13 0.03097 125.78449 4.5573e+13 5.4627e+13 3.8933e+13 2.3239e+13 1.2072e+13 60.36436 58.90 0.03670 0.75911 0.48308 -8.34112 -62.80714 89.72005 0.44190 0.40842 -16.89465 -48.94014 68.13989 0.6274 4.590e+13 3.893e+13
89 100 3.3199e+13 531.69 543.72 738.315 265.254 208 86.87260 50.47669 69.63937 -170.20 -447.09 -265.24 4.952e+14 1.234e+14 -3.060e+14 0.03759 202.69263 3.3199e+13 3.5915e+13 2.4446e+13 1.5694e+13 6.9416e+12 49.12212 11.29 0.04607 0.85823 0.47296 -34.99746 -64.21143 93.85993 0.60878 0.33781 -25.09792 45.41064 70.25248 0.6219 3.123e+13 4.316e+13
90 102 4.0744e+13 595.36 588.82 790.476 178.614 181 90.13540 92.08374 23.08855 -87.37 389.60 -7.72 2.156e+14 -2.034e+14 3.253e+14 0.02132 148.77502 4.0744e+13 4.2253e+13 3.5311e+13 2.2334e+13 1.0261e+13 120.50689 12.11 0.02422 0.80097 0.57628 -51.81303 56.82405 110.01860 0.76127 0.67907 -56.45143 29.90814 73.88295 0.5920 3.785e+13 3.863e+13
91 103 3.9235e+12 260.77 289.63 362.320 100.120 25 90.27276 92.73350 24.37000 -154.75 186.43 -285.72 -1.786e+13 -3.510e+13 -2.441e+13 0.02995 100.12019 4.2253e+12 4.2253e+12 2.7163e+12 1.8108e+12 0.0000e+00 32.07526 20.10 0.12604 0.67516 0.30146 -63.39717 35.54987 101.41059 0.45261 0.20608 107.06503 71.75742 24.45486 1.0468 3.679e+12 4.225e+12
92 104 3.5915e+13 625.82 626.38 757.926 109.942 192 66.57883 93.44215 27.47627 199.93 337.65 45.43 -1.739e+14 -3.148e+14 -5.183e+14 0.03621 85.39304 3.5915e+13 3.7122e+13 3.1992e+13 2.2937e+13 1.2072e+13 24.51159 26.16 0.04284 0.65211 0.39042 -67.53603 -22.51991 87.51172 0.54435 0.39517 -44.97237 -17.07058 79.71526 0.6658 3.531e+13 2.414e+13
93 88 1.0261e+13 352.28 343.07 499.195 188.419 80 27.05928 11.51482 42.39115 415.38 -34.21 -34.43 2.294e+14 2.039e+13 6.795e+13 0.05798 188.41866 1.0563e+13 1.4185e+13 3.6217e+12 0.0000e+00 0.0000e+00 19.25554 71.24 0.13159 0.27787 0.06025 -106.76496 147.04092 75.37520 0.00000 0.00000 0.00000 0.00000 0.00000 0.8353 1.628e+13 1.841e+13
94 90 3.9235e+12 255.12 203.96 362.320 147.394 61 27.77978 11.56654 41.90287 275.23 412.36 -123.26 4.648e+12 -6.797e+12 2.590e+13 0.03828 147.39441 3.9235e+12 4.5271e+12 3.0181e+11 3.0181e+11 0.0000e+00 41.94061 42.04 0.07394 0.11479 0.00000 125.16635 20.33844 -2.99764 0.00000 0.00000 0.00000 0.00000 0.00000 0.7168 9.013e+12 7.243e+12
95 89 2.7163e+12 255.56 147.38 320.522 43.020 49 29.25651 11.51167 41.80222 329.13 328.10 -189.10 1.145e+13 4.529e+09 2.567e+12 0.05409 43.01974 2.7163e+12 2.7163e+12 2.1127e+12 1.8108e+12 0.0000e+00 93.21909 30.79 0.05893 0.28140 0.13537 -34.10470 70.72896 -24.63659 0.25236 0.00000 -10.83703 37.57868 -3.10613 0.3290 6.250e+12 1.811e+12
96 97 1.2072e+12 181.20 134.20 244.604 51.931 43 47.05826 91.85294 77.42583 278.77 341.53 -151.96 -6.507e+12 -4.586e+12 3.778e+12 0.04854 51.93076 1.2072e+12 2.4145e+12 0.0000e+00 0.0000e+00 0.0000e+00 135.86131 0.00 0.17095 0.74863 0.17030 -66.58479 138.61406 -42.70196 0.00000 0.00000 0.00000 0.00000 0.00000 1.1846 4.219e+12 6.036e+11
97 98 3.3199e+13 622.60 627.32 738.315 96.731 157 47.15477 93.74380 76.38560 261.56 50.23 22.63 2.281e+14 -6.942e+13 -8.157e+13 0.01573 75.42712 3.3199e+13 3.5311e+13 2.8068e+13 2.1730e+13 1.1167e+13 55.21947 22.46 0.01951 0.86949 0.44476 -58.49174 -3.87476 102.03841 0.69214 0.40869 -64.23465 73.44825 -6.15697 0.6940 3.232e+13 2.173e+13
98 106 4.1348e+13 600.45 611.30 794.361 183.473 197 39.34958 83.97589 96.29581 256.28 224.20 97.68 -3.163e+14 1.825e+14 3.165e+13 0.01634 145.91075 4.1348e+13 4.5271e+13 3.3802e+13 2.4446e+13 9.9596e+12 85.58782 37.70 0.01968 0.91865 0.57958 65.06656 102.35876 19.31889 0.81649 0.38156 -19.93401 79.56624 -51.14814 0.6386 3.863e+13 3.803e+13
99 109 2.4145e+13 478.58 549.27 663.958 180.468 190 71.61864 22.95231 4.23733 169.62 -424.63 -88.68 -2.488e+14 -1.337e+14 -2.067e+14 0.02467 180.46756 2.5352e+13 2.4748e+13 1.5392e+13 1.2374e+13 4.2253e+12 89.05301 20.64 0.04607 0.61984 0.28673 -65.97865 27.18251 92.23220 0.52675 0.15188 -43.63496 39.26833 69.54897 0.8264 2.723e+13 2.475e+13
100 87 1.1770e+13 367.90 344.24 522.556 213.715 189 90.98728 45.74893 58.07840 -359.08 -561.24 258.94 8.463e+13 1.187e+14 -6.780e+13 0.04152 213.71529 1.1770e+13 1.2676e+13 8.4506e+12 3.0181e+11 0.0000e+00 130.41774 34.19 0.07009 0.50456 0.09066 -20.99457 167.16377 -85.36857 0.00000 0.00000 0.00000 0.00000 0.00000 0.7172 1.602e+13 1.630e+13
101 69 3.8028e+13 601.95 605.30 772.505 114.324 188 52.66868 52.41845 38.77306 283.67 -58.74 -164.95 -3.628e+14 -7.511e+14 -7.078e+14 0.05518 117.62590 3.8330e+13 3.9235e+13 3.3501e+13 2.4446e+13 7.5452e+12 57.92590 5.43 0.06755 0.71021 0.31303 104.71236 -60.80615 69.06420 0.77863 0.25726 94.89162 -37.14481 45.91242 0.6530 3.528e+13 2.475e+13
102 107 1.1167e+13 395.00 314.89 513.466 84.342 51 2.78256 0.43566 2.11850 -64.44 898.52 -8.80 -1.713e+13 -3.673e+13 1.960e+13 0.02102 84.34175 1.1770e+13 1.1167e+13 8.7524e+12 5.7343e+12 1.8108e+12 38.46273 18.41 0.02143 0.34690 0.31489 88.49846 -43.14380 30.26145 0.04417 0.04228 74.44347 -29.72200 46.58514 0.4350 1.030e+13 7.847e+12
103 108 1.8108e+13 490.66 490.59 603.246 73.126 135 2.59509 2.39007 0.88670 -103.74 480.69 -11.69 2.513e+14 -1.723e+14 5.397e+13 0.05397 73.12641 1.8108e+13 2.3843e+13 1.6901e+13 1.2072e+13 5.7343e+12 22.24134 0.00 0.06580 0.73991 0.54917 -20.45242 -10.26263 97.23675 0.62005 0.47648 -15.68486 13.90804 77.44830 0.6658 2.439e+13 1.056e+13
104 110 1.9014e+13 484.54 451.49 613.137 86.302 97 50.96239 63.55659 15.60103 168.35 -34.89 311.30 -4.293e+13 1.373e+14 6.420e+12 0.02671 86.30153 1.9014e+13 1.9014e+13 1.8410e+13 1.2072e+13 4.2253e+12 39.28061 0.00 0.02823 0.64595 0.44065 4.74439 -6.67746 111.07214 0.43838 0.35485 -41.28891 -20.41499 72.71656 0.5459 2.007e+13 1.237e+13
105 111 1.5090e+13 471.70 424.61 567.677 62.078 85 53.48385 65.91727 18.69860 140.17 -126.91 113.21 -7.132e+13 -6.016e+13 -5.906e+13 0.02825 62.07832 1.5090e+13 1.5090e+13 1.3581e+13 8.7524e+12 2.7163e+12 27.93988 0.00 0.03182 0.36347 0.23384 121.95539 -35.84484 -24.13934 0.62184 0.31726 77.64494 -7.10121 -31.44012 0.5917 1.466e+13 8.149e+12
106 28 2.8672e+13 533.19 525.71 703.103 126.408 182 57.56697 29.43106 29.59266 61.87 -104.07 665.12 1.823e+14 -1.204e+13 3.488e+14 0.03186 126.40802 2.9275e+13 3.1388e+13 2.4748e+13 1.7203e+13 2.1127e+12 100.21221 5.00 0.03893 0.72847 0.38535 -66.92656 -99.03515 82.20167 0.60333 0.15522 11.44976 98.68475 -45.97543 0.6261 2.760e+13 2.173e+13
107 157 9.0542e+11 167.78 61.48 222.238 41.164 131 32.75969 16.30156 11.49192 11.44 -197.90 -251.43 1.311e+12 9.930e+11 -3.280e+12 0.04605 41.16382 9.0542e+11 1.2072e+12 0.0000e+00 0.0000e+00 0.0000e+00 75.19111 0.00 0.11498 0.00000 0.00000 0.00000 0.00000 0.00000 0.00000 0.00000 0.00000 0.00000 0.00000 0.4190 8.732e+12 3.018e+11
108 99 3.5613e+13 555.15 538.50 755.797 187.928 178 61.83894 27.01042 87.12956 299.61 -304.30 132.48 -3.916e+14 -2.592e+14 -2.048e+14 0.03111 171.78963 3.5613e+13 3.8933e+13 3.0784e+13 1.7807e+13 8.7524e+12 42.30617 9.10 0.03529 0.73440 0.30896 -79.50021 19.57133 92.43393 0.65429 0.30582 -46.99720 1.55090 72.00333 0.5678 3.271e+13 3.561e+13
109 47 2.6257e+13 496.21 474.86 682.785 170.679 176 67.39023 82.03282 46.91465 -17.51 122.79 -162.11 4.678e+12 -6.726e+13 1.797e+14 0.01914 170.67949 2.7464e+13 2.8974e+13 2.0825e+13 1.3280e+13 6.0361e+12 80.99941 10.91 0.02197 0.60687 0.37985 33.22850 124.07044 28.54295 0.53159 0.31934 16.78805 107.37463 13.91642 0.5661 2.701e+13 2.626e+13
110 127 3.1992e+13 594.10 622.29 729.255 102.617 176 75.20742 29.85869 8.20674 -407.77 -459.77 -129.36 2.360e+14 7.903e+14 -1.401e+14 0.05431 87.71004 3.1992e+13 3.4104e+13 3.0483e+13 2.3843e+13 8.4506e+12 102.08739 5.47 0.06890 0.34880 0.31858 40.72479 32.81642 123.19239 0.35920 0.21743 55.63400 13.50492 82.20090 0.7042 3.469e+13 2.354e+13
111 94 3.1086e+13 555.36 618.97 722.310 221.051 175 75.43583 4.20770 31.56524 -524.47 -89.85 -330.93 -2.117e+14 1.208e+14 1.676e+14 0.01672 119.02862 3.1086e+13 3.1992e+13 2.6559e+13 1.7203e+13 8.4506e+12 103.47473 10.93 0.02555 0.53731 0.27938 106.65021 -14.47449 8.29328 0.45523 0.22048 84.99634 -0.84115 15.85820 0.7751 2.845e+13 3.471e+13
112 119 2.6559e+13 545.13 524.44 685.391 93.204 173 80.82636 15.98461 2.06494 -245.72 201.96 3.44 1.600e+14 4.889e+13 -1.005e+14 0.01809 93.20358 2.6861e+13 2.8672e+13 2.0523e+13 1.5996e+13 4.5271e+12 57.90479 12.04 0.02191 0.76250 0.53729 115.53433 -55.58164 -9.72056 0.67110 0.48927 84.03020 -63.67134 16.48754 0.6327 2.613e+13 1.630e+13
113 118 2.9577e+13 548.28 557.72 710.427 114.441 172 98.99314 25.24193 71.31149 -344.91 33.78 47.62 -1.908e+14 2.746e+14 2.611e+14 0.03087 114.44080 3.0181e+13 3.2595e+13 2.4145e+13 1.5392e+13 6.9416e+12 62.65114 9.92 0.03982 0.95557 0.84110 -20.40444 -54.25606 93.53696 0.73636 0.51881 74.08067 17.13862 -24.25828 0.6748 2.785e+13 1.932e+13
114 116 1.4487e+13 456.28 407.98 560.004 67.308 114 96.29535 97.00995 93.22932 91.87 587.77 400.59 1.205e+14 9.696e+13 -5.017e+13 0.04615 67.30779 1.4487e+13 1.5694e+13 1.1167e+13 9.3560e+12 3.9235e+12 36.74792 0.00 0.05014 0.46570 0.34773 77.27650 50.71780 21.77837 0.57812 0.26702 71.10474 32.64428 9.05651 0.5550 1.750e+13 8.149e+12
115 117 7.5452e+12 357.82 363.93 450.565 61.766 56 97.26241 98.37460 93.92243 71.63 404.43 269.30 5.751e+13 -4.395e+12 4.566e+13 0.02386 61.76637 7.5452e+12 7.8470e+12 7.2434e+12 9.0542e+11 0.0000e+00 187.47569 58.51 0.06729 0.02796 0.01342 113.31983 152.10567 80.37143 0.38605 0.02248 69.50343 67.12296 57.37288 0.9142 8.377e+12 2.716e+12
116 112 2.6559e+13 519.82 522.41 685.391 123.133 132 95.87055 29.17463 64.47822 -92.19 116.88 151.49 5.297e+13 -2.785e+14 -6.815e+13 0.02688 123.13335 2.6559e+13 2.9275e+13 2.2636e+13 1.4185e+13 5.7343e+12 61.73478 0.00 0.03275 0.33502 0.15822 41.99418 39.83426 105.69927 0.21312 0.07882 21.15843 30.34336 84.01939 0.6374 2.524e+13 2.143e+13
117 113 6.9416e+12 329.44 258.79 438.215 83.533 34 97.03799 31.72486 63.92765 -325.54 -103.94 173.63 1.629e+13 1.185e+13 4.382e+13 0.04481 83.53337 6.9416e+12 6.9416e+12 6.3380e+12 3.0181e+12 0.0000e+00 25.38838 0.00 0.05070 0.76362 0.13086 27.85642 -6.32348 107.81593 0.67397 0.01168 68.76275 6.87449 -24.66152 0.4744 6.778e+12 6.036e+12
118 128 3.1086e+13 617.66 582.90 722.310 129.455 166 39.34817 51.89873 42.50092 302.83 -152.90 -53.38 -1.978e+14 -2.967e+14 1.780e+14 0.02968 69.32537 3.1086e+13 3.2595e+13 2.7163e+13 1.8108e+13 1.0865e+13 47.32914 7.57 0.03443 0.74082 0.61288 37.40264 -20.98789 92.57150 0.64626 0.55380 31.75046 -9.58775 70.35800 0.6417 2.888e+13 2.475e+13
119 124 5.4325e+12 297.50 221.69 403.833 89.570 34 52.54927 39.55261 50.80262 134.07 -537.09 -241.08 1.242e+13 -3.384e+12 -3.901e+13 0.05346 89.56984 5.7343e+12 6.0361e+12 4.8289e+12 2.1127e+12 0.0000e+00 47.51091 48.04 0.06497 0.57361 0.38396 120.96175 52.53654 -7.63300 0.57045 0.18876 -13.20650 62.87106 38.19532 0.4753 5.163e+12 5.131e+12
120 125 2.1428e+13 506.06 459.99 638.063 88.084 131 53.51959 38.47947 52.46232 -198.56 26.92 -87.58 -5.884e+12 -5.091e+13 -5.657e+13 0.01093 88.08386 2.1428e+13 2.2636e+13 1.5090e+13 1.1469e+13 5.7343e+12 73.72473 0.00 0.01226 0.48672 0.40066 67.23450 11.62840 79.11626 0.51423 0.37536 49.83081 -7.87401 61.44666 0.5720 1.968e+13 1.177e+13
121 122 5.4325e+12 314.97 275.22 403.833 61.165 57 61.86024 9.61562 87.75234 242.94 75.34 123.79 -4.244e+12 8.766e+12 2.818e+13 0.03569 61.16490 5.4325e+12 6.0361e+12 4.2253e+12 3.0181e+12 0.0000e+00 39.92716 0.00 0.04716 0.57809 0.45933 73.33094 21.63376 81.21718 0.53840 0.04188 -43.70316 55.04391 -30.94050 0.6226 7.242e+12 3.320e+12
122 123 1.5694e+13 494.44 427.12 575.147 53.926 108 62.67393 9.92142 88.99803 26.52 127.87 -74.91 -5.699e+13 -1.039e+14 9.809e+12 0.02816 53.92618 1.5694e+13 1.8712e+13 1.2978e+13 8.7524e+12 5.4325e+12 49.98229 0.00 0.03208 0.61030 0.40787 88.43967 1.93051 -43.80393 0.47008 0.42100 69.13766 10.31236 -41.80748 0.5955 1.708e+13 6.942e+12
123 126 3.1388e+13 594.24 550.63 724.640 134.351 165 52.18057 39.94599 48.25150 117.04 -265.30 -102.57 -6.181e+14 1.963e+14 -1.506e+14 0.05206 84.38533 3.1388e+13 3.3802e+13 2.5955e+13 2.0221e+13 7.8470e+12 61.71410 7.02 0.05660 0.64516 0.34279 -41.00468 13.61311 113.59492 0.66693 0.33064 -40.81025 -15.62349 90.37409 0.5801 2.969e+13 2.414e+13
124 114 9.6578e+12 369.90 347.64 489.209 89.675 94 76.23396 31.65094 61.83878 163.18 -173.25 -93.02 3.223e+13 -3.084e+13 -5.324e+13 0.03341 89.67473 9.6578e+12 1.1770e+13 9.0542e+12 5.1307e+12 0.0000e+00 61.83986 0.00 0.04211 0.50340 0.40159 10.35923 84.32685 95.49751 0.39956 0.38717 -29.75095 49.40608 70.87865 0.6192 1.172e+13 8.149e+12
125 115 1.2072e+12 172.55 260.43 244.604 93.386 34 77.90778 30.64941 63.08915 30.13 21.47 -80.13 1.392e+13 1.692e+12 -2.467e+13 0.77203 93.38599 1.2072e+12 1.2072e+12 0.0000e+00 0.0000e+00 0.0000e+00 80.53313 188.49 0.55044 0.30803 0.06546 181.32253 -107.89165 75.56759 0.00000 0.00000 0.00000 0.00000 0.00000 6.1501 3.497e+12 2.414e+12
126 120 2.4145e+13 482.80 479.31 663.958 165.076 156 90.05121 13.20809 99.73183 -180.38 404.84 234.92 -4.851e+13 8.223e+13 -5.449e+13 0.01205 165.07584 2.6257e+13 2.6559e+13 1.7807e+13 9.6578e+12 5.4325e+12 43.94351 48.87 0.01447 0.78974 0.38231 87.35587 -76.09264 3.86548 0.80082 0.58789 30.44755 63.17876 29.67998 0.6020 2.234e+13 2.414e+13
127 130 1.7203e+13 441.05 386.92 593.020 122.126 156 41.55959 21.44728 14.32885 26.04 -262.68 159.07 4.391e+13 2.728e+13 -1.087e+13 0.01090 122.12563 1.7203e+13 1.8712e+13 1.2072e+13 7.8470e+12 1.5090e+12 17.08025 0.00 0.01223 0.90623 0.68430 -14.63183 -7.99332 110.94476 0.69254 0.55412 -13.86541 -22.43602 82.38566 0.5204 1.745e+13 1.328e+13
128 121 3.4708e+13 555.22 521.21 749.337 253.976 153 81.81717 29.62363 66.88461 -56.26 -67.05 -56.50 7.386e+14 -2.789e+14 3.132e+13 0.05022 158.80302 3.4708e+13 3.6519e+13 2.7766e+13 1.7203e+13 4.8289e+12 74.37411 12.34 0.05681 0.80225 0.69996 -63.53178 -51.11599 103.54691 0.81677 0.55816 -64.65929 -42.58901 57.07931 0.5564 3.192e+13 4.105e+13
129 129 9.6578e+12 435.16 414.41 489.209 39.696 45 42.57453 2.18513 23.67577 -256.90 320.68 203.56 2.986e+13 6.766e+13 -3.135e+13 0.03843 39.69588 9.9596e+12 1.0261e+13 8.7524e+12 6.0361e+12 3.6217e+12 47.89753 26.35 0.04869 0.50763 0.40679 79.84129 5.94173 31.22222 0.62685 0.44129 58.68933 -5.31188 39.57298 0.6953 1.142e+13 4.829e+12
130 129 3.2293e+13 572.86 605.63 731.541 130.504 88 42.90800 2.23285 23.55612 131.54 360.68 101.12 1.360e+13 1.096e+14 -4.783e+13 0.00710 108.30022 3.2293e+13 3.2897e+13 2.9879e+13 2.2636e+13 6.6398e+12 181.63805 3.81 0.00976 0.36424 0.14141 116.23653 14.53428 -49.49130 0.31438 0.12949 93.51190 4.97713 -31.34503 0.7248 3.184e+13 2.565e+13
131 136 1.4185e+13 460.24 411.40 556.088 61.961 79 25.18363 61.73540 36.19920 308.30 2.56 62.17 -3.622e+13 -1.388e+14 2.437e+13 0.03929 61.96146 1.4185e+13 1.4487e+13 1.1770e+13 6.3380e+12 3.3199e+12 85.09207 0.00 0.04649 0.87429 0.70482 72.31452 -0.22251 -66.20568 0.55244 0.36332 57.95015 37.32688 -54.19969 0.6051 1.341e+13 6.036e+12
132 137 4.8289e+12 282.26 218.57 388.285 96.812 48 23.89817 64.37218 37.54904 337.01 -150.75 -109.17 -1.375e+13 1.632e+13 -2.437e+13 0.03989 96.81169 4.8289e+12 6.3380e+12 1.8108e+12 6.0361e+11 0.0000e+00 42.03750 0.00 0.06235 0.13448 0.00000 -5.31731 184.50842 128.66191 0.00000 0.00000 0.00000 0.00000 0.00000 0.6075 7.045e+12 4.829e+12
133 138 1.4487e+13 400.12 349.82 560.004 169.216 140 95.17560 27.98290 70.15814 11.42 -117.73 -205.81 9.605e+13 1.465e+14 8.861e+13 0.04853 169.21638 1.4487e+13 1.7203e+13 1.0865e+13 4.8289e+12 0.0000e+00 73.70062 0.00 0.06055 0.26789 0.16821 -107.78630 122.46272 -112.16098 0.51364 0.03251 10.55062 -37.07079 56.63973 0.5699 1.782e+13 1.811e+13
134 140 2.7464e+13 542.70 531.59 693.093 102.663 135 86.88330 47.98753 70.64002 -26.05 -133.67 -236.13 1.104e+14 -2.770e+14 2.138e+14 0.03396 102.66302 2.7464e+13 2.8672e+13 2.5955e+13 1.5996e+13 7.5452e+12 34.66230 0.00 0.03897 0.89140 0.26937 -7.71633 123.35121 28.94087 0.84576 0.27132 17.46196 -63.79905 74.41379 0.6125 2.918e+13 1.932e+13
135 143 2.9879e+13 592.07 581.24 712.836 78.104 134 56.38432 55.17677 25.97145 42.75 -71.72 249.13 -1.597e+14 3.323e+14 4.948e+14 0.04838 78.10370 2.9879e+13 3.0181e+13 2.7163e+13 2.3239e+13 4.5271e+12 58.77568 0.00 0.05695 0.81549 0.60437 -65.04102 114.12496 22.96044 0.50586 0.32835 -23.27640 117.33807 32.14100 0.6516 3.386e+13 1.750e+13
136 141 2.5654e+13 543.38 544.73 677.512 88.184 134 25.90827 57.94957 25.88941 229.07 -80.44 198.67 3.388e+14 -1.352e+14 1.238e+14 0.03994 88.18442 2.5654e+13 2.7766e+13 2.3541e+13 1.7505e+13 6.6398e+12 74.39773 0.00 0.04583 0.75570 0.55637 51.95637 74.71297 -71.15126 0.65848 0.43509 9.25050 87.90337 -35.51241 0.6341 2.745e+13 1.690e+13
137 139 2.3541e+13 519.68 503.49 658.379 93.267 131 62.17754 75.99310 31.84794 -53.11 140.44 60.57 1.283e+14 4.154e+13 1.858e+14 0.02706 93.26666 2.3541e+13 2.3843e+13 2.1428e+13 1.5694e+13 5.1307e+12 45.56569 0.00 0.03152 0.72458 0.50962 -42.04590 86.29749 45.17764 0.60880 0.26372 44.52573 -54.92423 -32.96659 0.6195 2.536e+13 1.569e+13
138 154 2.4748e+13 493.23 468.05 669.446 148.370 131 22.91360 13.78870 29.73100 215.41 4.22 41.86 -1.973e+14 4.495e+14 2.616e+14 0.06193 148.37004 2.4748e+13 2.7464e+13 2.1127e+13 1.0865e+13 5.7343e+12 21.95024 4.28 0.07027 0.62882 0.32088 80.94466 38.48521 78.69075 0.65691 0.43043 41.65813 35.98862 56.46264 0.5610 2.340e+13 2.264e+13
139 145 2.7163e+13 497.65 513.55 690.545 188.074 131 30.42494 23.59965 15.46358 283.45 -474.37 49.72 -3.011e+14 3.079e+13 -5.280e+13 0.02468 188.07420 2.7163e+13 2.8974e+13 2.2334e+13 1.1770e+13 3.3199e+12 112.75439 0.00 0.03324 0.65269 0.32316 115.17714 -61.30736 -59.91897 0.54481 0.21780 -58.08889 44.89927 75.79135 0.6714 2.477e+13 2.867e+13
140 133 3.0784e+13 536.40 495.99 719.964 261.334 130 38.87281 26.67335 49.85986 487.80 -191.05 -143.00 -3.759e+14 -3.834e+13 -2.676e+14 0.03651 146.36836 3.0784e+13 3.1690e+13 2.5654e+13 1.5392e+13 4.8289e+12 56.96748 5.56 0.04065 0.72064 0.48875 -52.55363 19.40236 112.97919 0.72334 0.49630 71.86871 29.02675 -54.44054 0.5480 2.813e+13 3.501e+13
141 150 2.9275e+13 503.55 475.99 708.003 228.651 127 58.48970 0.54742 67.21730 306.46 51.64 -47.37 3.106e+14 7.180e+13 1.186e+14 0.02673 228.65129 2.9275e+13 3.0181e+13 2.2937e+13 9.9596e+12 3.0181e+12 102.44373 0.00 0.03247 0.88385 0.37098 88.76540 57.68866 -79.63462 0.86973 0.28964 -30.34754 11.00837 76.28539 0.5752 2.680e+13 3.169e+13
142 146 6.0361e+11 157.30 0.00 194.143 23.991 79 68.84486 85.50615 41.49940 -442.26 -5.84 57.27 0.000e+00 0.000e+00 0.000e+00 0.00000 23.99054 6.0361e+11 1.2072e+12 6.0361e+11 0.0000e+00 0.0000e+00 138.94818 0.00 0.00000 0.00000 0.00000 0.00000 0.00000 0.00000 0.00000 0.00000 0.00000 0.00000 0.00000 0.0000 6.893e+12 0.000e+00
143 163 1.0865e+13 416.69 330.11 508.798 59.630 68 14.68259 46.71880 54.22458 -53.92 -325.08 6.81 3.105e+13 -5.929e+13 1.011e+14 0.05624 59.62988 1.0865e+13 1.2072e+13 7.8470e+12 6.6398e+12 0.0000e+00 32.60156 0.00 0.06038 0.59451 0.46463 23.81824 80.61406 75.55975 0.71004 0.52644 21.80476 34.10210 83.32327 0.4977 1.084e+13 6.036e+12
144 164 2.1127e+12 210.38 171.15 294.766 90.420 42 16.41250 46.83956 53.86168 -319.88 -313.29 59.67 9.922e+12 7.291e+12 1.482e+13 0.04290 90.41995 2.1127e+12 3.9235e+12 9.0542e+11 3.0181e+11 0.0000e+00 56.58852 125.50 0.14710 0.36671 0.12843 102.45049 -19.11131 68.48399 0.00000 0.00000 0.00000 0.00000 0.00000 1.1109 3.764e+12 3.622e+12
145 147 1.2072e+13 462.31 391.33 526.984 45.300 70 71.75879 79.52847 17.51130 -198.16 225.18 95.06 7.822e+13 3.187e+13 -1.205e+13 0.03643 45.29959 1.2072e+13 1.2374e+13 1.1469e+13 9.3560e+12 3.9235e+12 39.50673 0.00 0.03566 0.70974 0.45481 75.93484 49.49062 36.74864 0.59266 0.28770 74.59644 48.05592 25.88016 0.5083 1.437e+13 5.131e+12
146 148 1.2978e+13 405.33 348.60 539.843 103.805 55 72.68029 81.03761 18.29732 -333.93 43.64 -80.75 -8.332e+13 -4.888e+13 8.509e+13 0.04215 103.80456 1.2978e+13 1.2978e+13 1.2072e+13 5.7343e+12 0.0000e+00 81.33424 15.11 0.04769 0.79504 0.57383 103.12706 -65.70404 34.33508 0.64057 0.07676 -25.77099 104.28493 -12.04833 0.5114 1.271e+13 1.056e+13
147 155 2.3541e+13 539.88 485.53 658.379 76.684 120 4.49523 12.06306 9.65225 -196.93 -193.18 -327.16 1.970e+14 -1.139e+12 9.988e+13 0.02961 76.68432 2.3541e+13 2.4446e+13 2.2334e+13 1.4487e+13 6.3380e+12 40.93039 0.00 0.03033 0.85081 0.62500 103.35697 -4.95131 -33.31614 0.90036 0.65650 -51.50654 17.86947 63.76208 0.5349 2.339e+13 1.328e+13
148 142 2.7766e+13 507.77 515.86 695.622 166.930 119 42.10863 28.81038 50.56795 270.97 -298.09 -224.76 -5.924e+14 -2.217e+14 5.732e+14 0.07126 166.92996 2.7766e+13 2.9275e+13 2.4145e+13 1.3280e+13 6.0361e+12 66.72857 0.00 0.08902 0.91533 0.73277 -9.34982 126.73898 -2.11834 0.80967 0.27596 -12.37499 25.80693 89.33609 0.6387 2.620e+13 2.716e+13
149 151 2.4145e+13 496.27 493.02 663.958 131.843 116 69.57230 25.74979 18.36278 -313.02 -57.05 -190.03 1.978e+13 1.022e+14 7.242e+13 0.01308 131.84282 2.4145e+13 2.6559e+13 1.9316e+13 1.4487e+13 4.8289e+12 70.94501 3.91 0.01669 0.63558 0.43830 86.94036 -72.54528 -53.44762 0.37900 0.09188 -54.89375 74.19480 36.41368 0.6454 2.250e+13 1.932e+13
150 149 2.6559e+13 517.48 527.67 685.391 126.878 115 78.59319 10.48940 62.29403 -131.24 177.52 -27.35 4.010e+13 1.086e+14 4.180e+13 0.01129 126.87752 2.6559e+13 2.8068e+13 2.2636e+13 1.5090e+13 5.4325e+12 53.37695 0.00 0.01382 0.63698 0.60215 -67.13577 90.93890 15.30187 0.56409 0.37232 -20.05299 82.08463 4.38657 0.6462 2.452e+13 2.113e+13
151 156 1.9014e+13 460.80 423.60 613.137 117.130 115 84.84383 71.75117 10.43145 -312.24 204.50 107.10 5.022e+13 6.243e+13 -3.513e+12 0.01312 117.12978 1.9014e+13 2.0523e+13 1.3883e+13 1.0563e+13 3.3199e+12 53.48454 0.00 0.01572 0.85101 0.42016 -9.47352 73.13098 -66.86619 0.89510 0.36963 -1.02371 63.56294 -42.97210 0.5877 1.832e+13 1.388e+13
152 158 2.1127e+13 514.39 475.01 635.053 78.595 92 21.51150 12.74761 44.34552 427.17 10.53 -137.73 1.330e+14 3.961e+13 -5.564e+13 0.02223 78.59455 2.1127e+13 2.3239e+13 1.9617e+13 1.2374e+13 6.9416e+12 26.85253 0.00 0.02460 0.70244 0.41658 80.73726 68.52378 32.72153 0.51052 0.27178 85.85746 9.94201 -12.39991 0.5784 2.107e+13 1.117e+13
153 169 2.5654e+13 532.75 503.37 677.512 98.017 113 60.87532 83.12626 33.84668 333.18 -7.49 31.72 -1.183e+14 -5.401e+13 -2.029e+14 0.02600 98.01680 2.5654e+13 2.7163e+13 2.5352e+13 1.6298e+13 4.8289e+12 39.45910 0.00 0.02868 0.89248 0.78633 104.49473 -21.32234 44.34161 0.70025 0.43821 56.32504 -47.72677 47.01424 0.5777 2.802e+13 1.750e+13
154 162 2.1127e+12 218.80 140.35 294.766 61.609 111 64.56207 80.49994 7.61655 -143.40 266.45 398.34 -3.223e+12 2.286e+12 -5.529e+12 0.03481 61.60874 2.1127e+12 3.0181e+12 1.5090e+12 3.0181e+11 0.0000e+00 75.81167 0.00 0.05187 0.58837 0.13435 84.62943 -13.22307 69.47668 0.00000 0.00000 0.00000 0.00000 0.00000 0.5039 5.173e+12 1.509e+12
155 144 1.7807e+13 486.04 442.85 599.876 74.130 109 21.83815 1.22378 36.27515 190.40 443.78 59.00 -9.254e+13 -1.213e+14 9.241e+13 0.03445 74.13039 1.7807e+13 1.8410e+13 1.3581e+13 1.1770e+13 5.1307e+12 57.69001 13.38 0.03900 0.88130 0.49237 50.28415 68.60654 69.27958 0.90447 0.44995 16.09210 63.64678 65.24449 0.5934 1.769e+13 1.087e+13
156 160 2.2032e+13 518.08 484.56 643.999 82.517 94 24.05453 31.71401 54.53927 190.67 -130.05 -15.18 1.478e+14 1.800e+13 -1.236e+13 0.02068 82.51721 2.2032e+13 2.2334e+13 1.7807e+13 1.4487e+13 6.3380e+12 27.13306 6.64 0.02291 0.87141 0.52025 26.17889 -43.21402 92.75047 0.74399 0.53438 14.49681 69.09075 -54.13955 0.5858 2.135e+13 1.358e+13
157 165 2.3843e+13 556.30 530.23 661.180 68.242 108 26.40160 37.93523 29.36842 271.59 -280.71 46.44 -1.710e+14 -1.037e+14 -2.550e+14 0.03724 68.24167 2.3843e+13 2.4748e+13 2.2032e+13 1.9014e+13 1.8108e+12 45.77365 0.00 0.04356 0.57563 0.29169 -49.18684 120.55086 54.07626 0.25878 0.16007 -11.40661 107.71482 36.13407 0.6415 2.796e+13 1.237e+13
158 159 2.7766e+13 570.19 559.52 695.622 81.183 107 45.54401 86.39526 74.56002 278.25 317.86 36.62 1.874e+14 1.953e+14 -1.189e+14 0.02792 81.18290 2.7766e+13 2.8370e+13 2.6257e+13 2.1428e+13 7.8470e+12 57.21892 0.00 0.03083 0.66683 0.59679 -65.54790 26.89894 82.22399 0.48077 0.30590 -28.59440 44.09172 74.52456 0.6138 3.052e+13 1.660e+13
159 167 2.1127e+13 498.82 485.78 635.053 92.426 107 2.48040 11.86831 8.80980 3.94 -145.82 -126.60 -2.435e+13 -1.991e+13 -2.354e+13 0.00567 92.42620 2.1127e+13 2.2032e+13 1.9617e+13 1.2978e+13 6.0361e+12 28.99320 0.00 0.00646 0.95371 0.69882 -27.15636 1.67042 99.20162 0.96196 0.75114 72.96294 13.93379 -19.90348 0.6104 2.098e+13 1.388e+13
160 166 5.7343e+12 297.18 225.58 411.177 108.566 105 66.77489 79.28425 17.55228 146.29 81.25 61.84 8.050e+12 -1.755e+13 1.445e+13 0.02840 108.56562 5.7343e+12 6.6398e+12 4.2253e+12 1.2072e+12 0.0000e+00 52.62746 0.00 0.03485 0.56022 0.23352 92.55627 83.94511 -82.82555 0.47767 0.26964 89.68099 17.69188 -14.61799 0.4849 6.304e+12 6.036e+12
161 26 7.2434e+12 317.50 226.53 444.476 134.712 104 67.42792 4.93909 30.13281 382.18 -86.05 -213.38 -4.827e+13 -1.981e+13 -1.310e+13 0.04542 134.71182 7.2434e+12 8.1488e+12 4.8289e+12 6.0361e+11 0.0000e+00 47.76815 0.00 0.05268 0.68410 0.46599 125.51953 -43.99424 1.13307 0.00000 0.00000 0.00000 0.00000 0.00000 0.4195 9.921e+12 8.451e+12
162 68 2.1428e+13 530.33 504.92 638.063 69.686 103 50.56338 53.75454 38.27282 690.12 -138.72 155.06 -1.073e+14 4.627e+12 -1.402e+13 0.01599 69.68573 2.1428e+13 2.2334e+13 2.0523e+13 1.5694e+13 6.6398e+12 48.24252 0.00 0.01739 0.76301 0.49222 -31.25996 98.18678 -0.79749 0.94776 0.50011 -21.54655 71.57378 -5.69468 0.5982 2.343e+13 1.117e+13
163 135 6.0361e+11 138.31 0.00 194.143 61.129 79 86.24364 47.93464 78.11166 -79.47 -313.75 -282.77 1.441e+12 1.436e+12 -1.548e+11 0.31558 61.12901 6.0361e+11 9.0542e+11 0.0000e+00 0.0000e+00 0.0000e+00 169.32700 63.06 0.12569 0.00000 0.00000 0.00000 0.00000 0.00000 0.00000 0.00000 0.00000 0.00000 0.00000 0.0000 5.894e+12 9.054e+11
164 170 2.4145e+12 224.84 201.57 308.182 74.321 101 19.75284 31.23631 64.54625 77.16 -198.53 -287.24 7.512e+12 8.519e+12 -6.606e+12 0.03795 74.32117 2.4145e+12 3.6217e+12 1.8108e+12 9.0542e+11 0.0000e+00 28.52181 23.03 0.08028 0.38173 0.03159 -14.04866 107.91195 -38.24632 0.40410 0.11232 14.83153 -56.22028 75.47459 0.7823 7.406e+12 2.113e+12
165 173 1.4487e+13 453.27 441.76 560.004 69.561 101 31.75775 65.35402 13.85459 266.04 -51.21 -58.60 7.356e+12 -3.310e+13 -3.111e+13 0.01253 69.56117 1.4487e+13 1.4789e+13 1.4487e+13 1.0563e+13 4.2253e+12 63.57870 0.00 0.01419 0.50761 0.32498 -27.94913 -17.67374 88.91187 0.37205 0.22801 -33.66211 -32.42547 69.93122 0.6159 1.580e+13 8.752e+12
166 172 1.6901e+13 485.54 448.68 589.531 67.239 100 61.50266 40.93939 67.24459 -37.90 -251.78 -367.39 7.152e+13 -1.001e+14 -8.116e+13 0.03041 67.23853 1.6901e+13 1.7505e+13 1.5392e+13 1.1770e+13 3.9235e+12 15.75473 0.00 0.03515 0.60376 0.37357 82.78542 57.15995 -49.39416 0.57322 0.29284 -44.01656 -31.63512 59.14435 0.6099 1.807e+13 9.356e+12
167 174 1.5090e+13 436.11 376.75 567.677 94.012 99 56.98655 48.12103 17.39551 -9.39 -209.13 267.10 6.566e+13 3.046e+13 2.534e+13 0.02081 94.01186 1.5090e+13 1.6599e+13 1.3280e+13 8.1488e+12 3.0181e+12 71.92841 0.00 0.02210 0.40808 0.37794 32.78551 -64.72989 90.83744 0.59209 0.20026 5.04465 -4.11115 84.27126 0.4921 1.513e+13 1.117e+13
168 176 3.6217e+12 252.51 210.96 352.781 104.118 98 3.57857 98.47456 10.75289 -446.75 547.08 -82.92 9.897e+12 -2.078e+12 -5.714e+12 0.02018 104.11755 3.6217e+12 3.9235e+12 2.1127e+12 6.0361e+11 0.0000e+00 48.38070 34.14 0.03611 0.73270 0.20269 -46.71186 -54.50381 100.94154 0.00000 0.00000 0.00000 0.00000 0.00000 0.7106 3.450e+12 3.923e+12
169 171 1.0563e+13 374.70 298.29 504.042 104.177 94 5.11921 13.82206 93.20542 -99.16 -312.79 147.29 2.056e+13 -4.550e+13 -7.048e+13 0.04216 104.17708 1.0563e+13 1.2072e+13 7.8470e+12 5.1307e+12 0.0000e+00 56.69584 8.61 0.04510 0.75410 0.54210 42.52839 99.91485 -48.79272 0.90252 0.69356 -26.49225 73.85666 -20.44135 0.4501 1.143e+13 7.847e+12
170 177 2.0825e+13 483.24 456.34 632.015 107.792 93 99.02518 18.41827 79.25173 -29.19 345.53 114.25 2.756e+13 -2.418e+13 1.417e+14 0.02075 107.79178 2.0825e+13 2.1730e+13 1.5392e+13 1.0865e+13 4.8289e+12 45.74693 0.00 0.02466 0.77612 0.72887 38.61858 97.18055 -23.78254 0.80885 0.50602 19.58229 15.53602 73.47118 0.5993 1.911e+13 1.358e+13
171 179 1.9014e+13 532.36 500.57 613.137 55.074 93 85.87596 21.16328 97.78711 -106.20 -353.59 286.22 -5.723e+13 -2.438e+14 1.190e+12 0.04589 55.07384 1.9014e+13 1.9617e+13 1.7203e+13 1.4185e+13 6.9416e+12 70.36005 0.00 0.04909 0.42554 0.35463 85.49484 33.10876 42.09447 0.26997 0.20495 69.48153 37.76270 40.58100 0.6068 2.339e+13 9.960e+12
172 192 1.5996e+13 476.44 455.67 578.810 66.190 90 93.10465 98.53861 13.46398 25.66 349.67 56.15 -8.613e+13 7.559e+13 -5.304e+13 0.02970 66.19002 1.5996e+13 1.6901e+13 1.4789e+13 1.2072e+13 4.2253e+12 67.42339 0.00 0.03302 0.60149 0.24801 34.24690 120.51823 -1.51737 0.52637 0.22015 72.38264 69.34393 -0.62507 0.6087 1.737e+13 9.356e+12
173 184 2.2636e+13 500.87 474.80 649.827 105.490 89 53.12411 21.31894 33.90520 -78.90 321.75 326.07 -1.252e+14 -1.410e+14 -3.176e+13 0.02383 105.49013 2.2636e+13 2.2636e+13 1.9316e+13 1.3280e+13 3.3199e+12 48.32311 0.00 0.02803 0.72535 0.48999 77.93568 -74.86326 42.57364 0.64514 0.24272 61.69744 -21.17800 39.79393 0.5983 2.234e+13 1.750e+13
174 185 6.3380e+12 306.81 304.11 425.126 114.017 87 87.16995 47.98157 55.25073 -55.68 -324.67 306.34 -7.167e+13 -9.958e+12 6.178e+12 0.03191 114.01735 6.3380e+12 6.3380e+12 4.2253e+12 3.0181e+11 0.0000e+00 80.15634 54.18 0.08884 0.17213 0.04617 105.69335 -94.63677 97.87108 0.00000 0.00000 0.00000 0.00000 0.00000 0.8938 1.030e+13 6.338e+12
175 186 9.0542e+11 156.92 46.51 222.238 82.607 86 70.97362 23.66301 85.41499 63.52 -156.21 222.54 -1.638e+12 -4.650e+12 -2.209e+12 0.09179 82.60688 9.0542e+11 1.5090e+12 0.0000e+00 0.0000e+00 0.0000e+00 196.03951 112.42 0.16927 0.00000 0.00000 0.00000 0.00000 0.00000 0.00000 0.00000 0.00000 0.00000 0.00000 2.2862 7.975e+12 1.811e+12
176 188 9.6578e+12 424.44 335.92 489.209 44.084 63 48.01599 61.47237 68.94387 75.32 9.69 -102.27 -1.426e+13 -5.395e+13 -6.438e+13 0.05180 44.08377 9.6578e+12 1.1770e+13 8.7524e+12 6.3380e+12 2.1127e+12 39.93549 0.00 0.05165 0.76168 0.49617 -39.60731 76.08595 -50.04969 0.79850 0.41909 3.18974 82.97264 -1.75934 0.4782 1.191e+13 5.131e+12
177 183 1.5392e+13 527.06 477.53 571.436 40.105 85 73.07505 58.10813 50.71532 -774.12 320.25 49.05 -3.031e+12 -4.838e+13 -1.233e+13 0.01216 40.10528 1.5996e+13 1.6298e+13 1.4185e+13 1.0865e+13 5.4325e+12 47.90967 9.56 0.01394 0.65425 0.51093 57.79216 63.63889 -14.58237 0.72978 0.50680 37.83981 61.35686 -10.16382 0.6491 1.775e+13 5.433e+12
178 193 7.8470e+12 394.02 345.77 456.494 42.058 83 0.18083 21.05755 79.18966 -88.70 -498.71 -453.78 -1.360e+13 6.581e+13 3.357e+13 0.05780 42.05849 8.1488e+12 8.7524e+12 6.9416e+12 5.1307e+12 3.0181e+12 23.14979 33.26 0.06437 0.62575 0.51140 -43.18008 -11.14156 71.95747 0.26327 0.01667 -48.97771 2.54350 86.55164 0.5874 9.008e+12 3.923e+12
179 190 4.2253e+12 275.04 229.64 371.382 79.008 80 30.88788 1.72692 95.06313 32.20 228.72 275.09 -6.654e+12 2.167e+13 2.648e+13 0.06091 79.00771 4.2253e+12 4.8289e+12 3.9235e+12 1.5090e+12 0.0000e+00 87.46940 18.31 0.08381 0.77184 0.20733 -8.57554 141.69136 34.67155 0.84864 0.37499 35.37027 91.98411 23.58044 0.5754 6.622e+12 3.923e+12
180 187 9.9596e+12 354.34 288.62 494.253 142.966 80 87.09545 23.94658 33.65874 -158.65 -256.44 116.52 -2.102e+13 1.263e+13 3.609e+13 0.01984 142.96568 9.9596e+12 1.0261e+13 7.5452e+12 2.7163e+12 0.0000e+00 66.40643 0.00 0.02513 0.40865 0.13798 -72.59857 92.19846 77.34418 0.06762 0.00000 79.65057 -39.38953 -13.64698 0.5364 9.673e+12 1.117e+13
181 -1 3.0181e+12 248.03 175.84 331.979 66.127 30 76.35736 21.05503 71.51942 -54.14 111.03 -28.01 2.941e+12 6.552e+12 1.552e+13 0.05386 66.12709 3.0181e+12 3.0181e+12 2.7163e+12 3.0181e+11 0.0000e+00 22.17740 25.27 0.07205 0.21359 0.04190 122.52138 32.56504 -82.60275 0.00000 0.00000 0.00000 0.00000 0.00000 0.4917 3.307e+12 2.414e+12
182 237 6.0361e+12 366.24 274.96 418.268 36.244 48 78.45825 20.37268 71.28072 -189.31 140.75 -15.31 2.793e+13 6.934e+12 -3.274e+13 0.06087 36.24406 6.0361e+12 6.0361e+12 6.0361e+12 4.8289e+12 2.1127e+12 10.47259 0.00 0.05783 0.64014 0.18076 18.78708 75.91717 12.74826 0.53526 0.13836 23.71716 64.29748 0.96531 0.4327 7.611e+12 2.414e+12
183 180 7.8470e+12 330.69 236.85 456.494 117.771 78 64.57986 96.60426 43.71375 97.34 -94.56 -46.21 4.370e+13 -2.877e+13 7.404e+12 0.03872 117.77113 7.8470e+12 7.8470e+12 4.5271e+12 1.5090e+12 0.0000e+00 77.44843 0.00 0.04528 0.54159 0.28867 51.16204 60.15810 2.84800 0.58088 0.37658 46.64447 27.99953 0.96188 0.4345 7.453e+12 7.847e+12
184 196 4.2253e+12 276.12 194.79 371.382 76.675 77 48.51340 61.52433 19.16805 362.52 21.00 79.61 2.366e+13 -2.120e+13 -2.951e+12 0.06147 76.67452 4.2253e+12 5.4325e+12 3.3199e+12 0.0000e+00 0.0000e+00 33.51749 0.00 0.07671 0.72082 0.10230 45.39771 112.33088 34.96109 0.00000 0.00000 0.00000 0.00000 0.00000 0.4469 6.105e+12 3.320e+12
185 191 1.1770e+13 407.34 340.04 522.556 79.396 76 69.18292 90.51848 13.13143 72.93 181.48 228.07 -6.508e+12 -1.066e+13 4.807e+13 0.02047 79.39605 1.1770e+13 1.2374e+13 1.0563e+13 7.2434e+12 1.8108e+12 35.56173 0.00 0.02165 0.92339 0.58541 -4.66694 106.55445 18.30535 0.74119 0.14755 7.85657 52.27921 69.05421 0.4850 1.173e+13 7.243e+12
186 197 1.5996e+13 443.12 377.44 578.810 97.938 76 69.89474 83.11578 13.27200 -54.16 136.67 249.29 8.151e+13 4.100e+12 6.857e+13 0.02703 97.93755 1.5996e+13 1.6298e+13 1.3883e+13 8.7524e+12 4.2253e+12 62.23460 0.00 0.02787 0.80910 0.50324 -24.24342 -51.50403 84.80948 0.83974 0.42456 5.64003 74.53544 24.19682 0.4755 1.499e+13 1.117e+13
187 194 7.5452e+12 338.73 255.03 450.565 85.884 76 33.30505 60.63884 4.57534 385.46 141.34 127.55 -9.711e+12 4.268e+13 -2.406e+13 0.04236 85.88364 7.5452e+12 7.8470e+12 6.3380e+12 3.3199e+12 0.0000e+00 45.33845 0.00 0.04569 0.38559 0.17759 113.19321 4.69006 -3.61327 0.43067 0.21712 91.98672 5.48336 0.33083 0.4322 7.787e+12 5.131e+12
188 199 7.2434e+12 340.00 305.11 444.476 75.594 42 60.81192 79.73129 32.58666 366.93 118.11 31.96 -2.804e+13 2.431e+13 3.981e+13 0.04174 75.59425 7.2434e+12 8.1488e+12 6.3380e+12 4.2253e+12 0.0000e+00 93.49635 0.00 0.05329 0.72928 0.24910 141.33179 20.64233 -21.96008 0.55003 0.05868 78.20950 63.93967 -56.74758 0.6047 7.107e+12 5.131e+12
189 199 2.4145e+12 219.09 173.34 308.182 100.222 32 60.92601 81.02989 33.05758 308.51 118.03 19.11 -6.770e+12 4.985e+12 1.044e+13 0.10243 100.22211 2.4145e+12 2.4145e+12 0.0000e+00 0.0000e+00 0.0000e+00 107.80657 55.09 0.08192 0.23525 0.00586 52.32116 -150.43810 195.94890 0.00000 0.00000 0.00000 0.00000 0.00000 3.1187 3.619e+12 3.018e+12
190 201 1.4185e+13 417.52 366.14 556.088 106.943 74 1.97052 1.63261 3.97170 3.06 351.32 -265.37 1.410e+14 -4.013e+13 8.135e+13 0.04976 106.94338 1.4185e+13 1.4789e+13 1.1167e+13 6.9416e+12 0.0000e+00 52.71265 0.00 0.05357 0.73093 0.45127 -46.55470 79.70097 72.24334 0.40554 0.21332 -53.92570 39.79597 74.22770 0.4927 1.315e+13 1.056e+13
191 198 1.0865e+13 370.58 339.93 508.798 124.597 72 92.28647 12.32138 7.77320 -137.89 29.14 -246.12 -7.865e+13 -8.258e+13 -7.123e+13 0.05175 124.59719 1.0865e+13 1.2072e+13 6.9416e+12 5.1307e+12 0.0000e+00 83.62933 0.00 0.06698 0.58017 0.50092 -26.72774 -49.51604 106.29874 0.61443 0.05989 -29.71242 -3.81387 59.15792 0.6022 1.043e+13 1.087e+13
192 203 7.8470e+12 322.82 271.47 456.494 163.726 71 76.30885 30.65067 59.25117 -56.46 133.53 157.13 -7.479e+13 2.684e+13 -2.949e+13 0.05191 163.72601 7.8470e+12 9.9596e+12 4.5271e+12 2.1127e+12 0.0000e+00 90.28654 19.02 0.07263 0.48465 0.08985 27.23186 4.38292 130.30203 0.24836 0.03847 10.68559 15.57537 132.62166 0.5980 9.176e+12 1.207e+13
193 200 1.7505e+13 484.64 445.36 596.468 72.684 71 47.10947 44.26539 77.45262 -81.28 -261.73 -102.74 -4.321e+13 -7.280e+13 -2.078e+13 0.01770 72.68367 1.7505e+13 1.8410e+13 1.4487e+13 9.9596e+12 5.1307e+12 69.73800 0.00 0.01961 0.79800 0.61228 22.03086 -60.09599 67.70673 0.80449 0.44103 -30.56291 44.77349 42.13933 0.5779 1.660e+13 9.658e+12
194 181 1.8108e+12 197.27 86.26 280.002 111.274 71 65.62521 49.54213 47.43839 -64.82 72.14 47.29 -6.196e+12 -3.480e+12 -1.137e+13 0.07721 111.27386 1.8108e+12 4.2253e+12 3.0181e+11 0.0000e+00 0.0000e+00 142.41071 66.76 0.13237 0.46366 0.00000 44.12884 117.22343 72.19714 0.00000 0.00000 0.00000 0.00000 0.00000 0.4478 6.915e+12 4.527e+12
195 175 8.1488e+12 413.02 347.00 462.273 36.837 70 69.91434 24.21897 7.53310 85.93 -145.89 -370.23 -9.505e+12 -2.170e+13 5.476e+13 0.04445 36.83692 8.1488e+12 8.7524e+12 6.9416e+12 5.4325e+12 2.4145e+12 20.80270 0.00 0.04801 0.79183 0.46271 35.39570 11.66345 76.11132 0.70762 0.32780 46.42138 0.32193 57.01536 0.5693 1.007e+13 3.923e+12
196 182 6.3380e+12 299.41 229.00 425.126 171.341 68 53.24113 91.53034 68.05991 86.28 240.14 51.93 3.064e+13 -3.122e+13 -7.146e+12 0.03957 171.34091 6.3380e+12 6.9416e+12 3.0181e+12 1.2072e+12 0.0000e+00 103.15180 20.25 0.05421 0.39065 0.02686 -52.95192 47.31749 117.62606 0.00000 0.00000 -63.73978 4.59290 87.24213 0.5394 9.360e+12 1.147e+13
197 205 7.5452e+12 329.12 229.64 450.565 107.465 68 43.20691 76.48766 3.18462 190.51 135.94 9.67 3.950e+13 -1.243e+13 -8.283e+12 0.03143 107.46490 7.5452e+12 8.1488e+12 4.5271e+12 3.0181e+11 0.0000e+00 95.38319 0.00 0.03863 0.28306 0.00395 -27.72686 108.42542 34.47697 0.00000 0.00000 0.00000 0.00000 0.00000 0.4558 7.766e+12 7.545e+12
198 204 1.2374e+13 472.85 435.03 531.340 43.034 67 21.92217 31.28192 48.78537 195.02 -164.81 255.04 -4.875e+13 1.021e+12 4.840e+12 0.01784 43.03413 1.2374e+13 1.2978e+13 1.1167e+13 9.6578e+12 3.9235e+12 41.63105 10.97 0.01965 0.73179 0.47753 -27.02777 67.94228 62.04227 0.72119 0.37029 -37.32598 56.95246 55.63119 0.6227 1.540e+13 6.036e+12
199 210 5.7343e+12 328.52 317.22 411.177 54.589 67 48.68000 18.93251 42.31083 -45.89 72.84 -533.87 5.638e+13 6.188e+12 -2.996e+13 0.05532 54.58945 7.5452e+12 6.9416e+12 5.4325e+12 3.6217e+12 0.0000e+00 36.02307 76.19 0.09270 0.28235 0.22889 96.69350 108.92089 86.86203 0.48069 0.00274 60.51253 -63.83580 -29.70677 0.7808 8.397e+12 3.622e+12
200 206 4.8289e+12 288.12 227.72 388.285 81.372 51 31.04943 11.81836 41.82645 224.98 425.53 -68.77 -2.658e+13 4.403e+11 5.489e+12 0.04518 81.37228 4.8289e+12 5.1307e+12 4.2253e+12 2.4145e+12 0.0000e+00 35.38076 15.51 0.05224 0.52028 0.31538 119.95246 -30.78665 -14.49154 0.30201 0.04412 -19.75019 40.15653 68.28885 0.4825 6.570e+12 4.225e+12
201 208 1.4487e+13 465.53 426.55 560.004 61.114 66 38.89243 34.16980 66.79988 273.80 -381.60 -117.47 -7.411e+13 -6.677e+12 2.663e+13 0.02166 61.11372 1.4487e+13 1.4487e+13 1.1770e+13 1.0865e+13 4.8289e+12 22.72877 0.00 0.02438 0.52000 0.36197 66.65455 -58.99544 70.93958 0.52580 0.37367 59.63939 -46.09655 55.22787 0.6026 1.574e+13 7.545e+12
202 207 1.1770e+13 403.32 337.57 522.556 84.136 66 46.86221 28.07116 68.04579 -13.12 35.91 -51.48 -4.523e+13 -4.512e+13 -7.724e+13 0.03927 84.13610 1.1770e+13 1.2072e+13 9.6578e+12 7.5452e+12 1.8108e+12 19.16519 7.70 0.04370 0.59812 0.48017 -17.98922 88.43944 72.00204 0.55997 0.11544 -26.32638 51.53875 41.25941 0.5121 1.097e+13 8.149e+12
203 209 9.9596e+12 408.26 293.80 494.253 55.589 66 32.77245 23.46488 16.62552 102.07 -404.87 -71.21 1.910e+13 3.120e+13 1.737e+13 0.02248 55.58900 9.9596e+12 9.9596e+12 8.1488e+12 3.9235e+12 3.0181e+12 23.65157 0.00 0.02332 0.54798 0.25135 0.01174 80.87720 26.28310 0.58277 0.34193 0.51832 62.21236 14.15711 0.4324 9.324e+12 3.923e+12
204 211 9.6578e+12 471.41 383.00 489.209 29.071 65 59.62792 0.73973 63.60682 164.35 -6.03 170.19 -1.074e+12 1.513e+13 6.211e+12 0.01031 29.07080 9.6578e+12 1.0563e+13 9.0542e+12 7.8470e+12 4.2253e+12 25.32822 0.00 0.00994 0.74207 0.58613 2.49309 0.82867 83.91570 0.57527 0.29135 50.22083 -13.59755 54.57412 0.5280 1.210e+13 3.923e+12
205 202 1.1770e+13 416.94 343.36 522.556 69.875 64 48.90449 63.29473 0.88392 -27.55 -46.36 211.21 -5.675e+13 5.010e+13 8.812e+13 0.04991 69.87547 1.1770e+13 1.2676e+13 1.0865e+13 6.3380e+12 3.6217e+12 53.84035 0.00 0.05064 0.85753 0.59486 -4.84138 74.82187 -66.55631 0.58934 0.44197 -55.99568 -19.88520 61.83874 0.4722 1.138e+13 6.640e+12
206 161 2.7163e+12 227.74 175.53 320.522 105.158 64 44.10756 35.07185 74.18656 15.09 -269.01 -38.58 -3.660e+12 -1.977e+12 -2.182e+13 0.06554 105.15838 2.7163e+12 3.0181e+12 1.8108e+12 3.0181e+11 0.0000e+00 80.30410 56.84 0.11152 0.00000 0.00000 10.63919 54.16870 -6.01959 0.00000 0.00000 0.00000 0.00000 0.00000 0.6304 3.404e+12 3.320e+12
207 -1 1.2072e+12 174.14 136.28 244.604 77.788 64 71.72967 93.47376 38.14606 -269.46 159.48 -74.19 8.866e+10 1.125e+12 -1.672e+12 0.01157 77.78768 1.2072e+12 2.1127e+12 0.0000e+00 0.0000e+00 0.0000e+00 104.33685 63.75 0.03913 0.00000 0.00000 116.24146 -56.80084 -69.39697 0.00000 0.00000 0.00000 0.00000 0.00000 1.2221 4.468e+12 2.113e+12
208 215 1.2978e+13 499.98 463.98 539.843 37.283 64 59.09384 41.31407 13.86023 -32.20 -256.96 274.20 -5.222e+12 -8.679e+13 6.181e+13 0.03689 37.28350 1.2978e+13 1.2978e+13 1.2374e+13 1.1167e+13 3.9235e+12 58.98545 0.00 0.03952 0.75171 0.54730 87.63765 9.01720 28.47664 0.80529 0.49084 83.43776 4.39064 23.35609 0.6296 1.742e+13 4.527e+12
209 222 6.0361e+11 147.43 0.00 194.143 34.587 63 63.88414 1.09524 68.82608 -42.84 114.55 -218.46 -1.605e+12 -3.312e+12 1.021e+12 0.24666 34.58740 6.0361e+11 6.0361e+11 6.0361e+11 0.0000e+00 0.0000e+00 141.52278 134.29 0.23524 0.00000 0.00000 0.00000 0.00000 0.00000 0.00000 0.00000 0.00000 0.00000 0.00000 0.0000 6.092e+12 0.000e+00
210 -1 3.0181e+12 239.14 166.40 331.979 90.866 62 55.77645 61.76934 38.03479 233.24 -249.42 -56.37 -1.268e+13 1.344e+13 -1.927e+13 0.07058 90.86563 3.0181e+12 4.2253e+12 3.0181e+11 0.0000e+00 0.0000e+00 105.90393 0.00 0.11246 0.29569 0.00000 -81.97668 97.18445 127.33504 0.00000 0.00000 0.00000 0.00000 0.00000 0.5674 6.853e+12 3.320e+12
211 231 2.1127e+12 208.01 190.25 294.766 111.351 62 76.77547 4.37380 17.52631 -41.80 163.78 188.60 1.637e+13 -3.959e+12 -1.226e+13 0.02240 111.35104 2.1127e+12 2.7163e+12 1.5090e+12 0.0000e+00 0.0000e+00 31.70615 80.30 0.15901 0.36665 0.00000 -11.23274 83.52677 -53.74521 0.00000 0.00000 0.00000 0.00000 0.00000 1.0240 5.198e+12 4.225e+12
212 214 1.2676e+13 407.44 353.97 535.625 94.384 60 73.27155 32.37968 56.16018 -143.96 42.45 173.98 -6.050e+13 1.444e+13 -8.129e+13 0.03310 94.38444 1.2676e+13 1.3581e+13 1.0261e+13 6.9416e+12 0.0000e+00 85.53836 0.00 0.03944 0.63352 0.47734 67.62937 -22.30476 118.02586 0.22571 0.05834 121.69662 10.92595 -12.87062 0.5614 1.188e+13 9.356e+12
213 -1 1.8108e+12 196.88 129.19 280.002 125.110 60 70.46832 12.51837 67.08544 9.44 9.28 75.58 6.048e+12 3.584e+12 1.461e+12 0.02682 125.10975 1.8108e+12 3.9235e+12 9.0542e+11 3.0181e+11 0.0000e+00 76.58385 98.31 0.07086 0.84428 0.08427 -26.92910 75.54704 43.93624 0.00000 0.00000 0.00000 0.00000 0.00000 0.7953 4.408e+12 4.829e+12
214 216 7.8470e+12 384.91 287.37 456.494 46.658 59 47.16101 22.72606 47.16574 -152.15 80.26 -543.22 3.498e+13 -5.784e+12 2.242e+13 0.03477 46.65765 7.8470e+12 8.1488e+12 6.0361e+12 4.8289e+12 2.7163e+12 35.47900 27.35 0.03595 0.33663 0.15617 -30.43400 -61.43589 65.59701 0.11853 0.04476 -35.88139 -68.69594 85.32921 0.4635 7.823e+12 3.622e+12
215 195 1.2072e+13 391.65 408.95 526.984 109.129 58 99.86293 95.84364 14.92292 -405.73 545.36 -176.55 -2.878e+14 -2.098e+13 3.390e+13 0.07918 109.12938 1.2072e+13 1.2072e+13 9.9596e+12 6.6398e+12 0.0000e+00 73.54958 0.00 0.12144 0.52977 0.31123 25.98367 -87.17522 103.88979 0.39000 0.03028 64.07224 -42.66368 101.97942 0.7341 1.142e+13 9.960e+12
216 218 1.2072e+13 494.91 416.07 526.984 34.497 56 76.01872 97.53682 62.52724 -316.51 203.99 -70.00 8.909e+13 4.297e+13 -2.913e+13 0.04333 34.49655 1.2072e+13 1.2676e+13 1.1469e+13 1.0261e+13 6.3380e+12 24.37100 0.00 0.04309 0.86268 0.81180 62.81297 32.00737 54.11713 0.69848 0.60840 67.73360 41.25067 36.46209 0.5527 1.579e+13 3.923e+12
217 212 1.1770e+13 476.59 402.94 522.556 38.332 56 7.43611 88.36726 39.51184 -88.37 354.67 -81.86 -5.558e+13 -3.642e+13 1.080e+13 0.03144 38.33171 1.1770e+13 1.1770e+13 1.1770e+13 9.9596e+12 4.8289e+12 52.74934 0.00 0.02935 0.75745 0.55703 63.91253 -54.80954 -36.22161 0.49712 0.25804 57.81287 -54.17268 -32.94611 0.5050 1.642e+13 4.829e+12
218 224 5.1307e+12 283.44 184.97 396.212 117.797 54 58.82341 75.73332 28.43520 387.26 33.43 227.93 -1.560e+12 -8.263e+12 -1.377e+13 0.02290 117.79651 5.1307e+12 5.7343e+12 2.7163e+12 1.8108e+12 0.0000e+00 34.49896 63.88 0.02806 0.77992 0.05213 73.27460 77.11133 10.18932 0.20505 0.00000 -10.68282 118.57737 24.11777 0.4437 6.977e+12 6.036e+12
219 223 3.0181e+12 234.50 230.01 331.979 122.223 53 22.46152 17.43164 1.00272 -88.34 -467.60 273.97 -1.479e+13 -8.751e+12 -6.321e+12 0.02599 122.22285 3.0181e+12 5.1307e+12 1.5090e+12 6.0361e+11 0.0000e+00 78.11635 21.01 0.07714 0.90554 0.27985 -5.27972 -55.96051 72.82723 0.00000 0.00000 0.00000 0.00000 0.00000 0.8864 6.261e+12 6.036e+12
220 225 1.0261e+13 382.94 327.02 499.195 83.425 53 67.58569 31.65571 51.14331 -69.47 19.00 45.99 3.554e+13 7.539e+13 -3.183e+13 0.04526 83.42545 1.0261e+13 1.0865e+13 8.7524e+12 5.7343e+12 0.0000e+00 64.79107 0.00 0.04889 0.70350 0.36893 78.96416 43.53015 54.94962 0.58527 0.21034 65.01774 42.37267 30.38680 0.5003 9.583e+12 7.545e+12
221 219 3.0181e+12 246.62 136.55 331.979 68.965 52 67.14529 9.39192 72.80791 -184.73 45.50 -271.14 -9.619e+12 2.530e+12 -1.555e+13 0.05886 68.96535 3.0181e+12 3.0181e+12 9.0542e+11 0.0000e+00 0.0000e+00 61.62377 0.00 0.07777 0.23511 0.00000 106.15551 100.40983 66.05271 0.00000 0.00000 0.00000 0.00000 0.00000 0.3632 5.784e+12 2.113e+12
222 220 9.9596e+12 422.36 330.93 494.253 47.576 52 74.64250 13.08775 58.15819 -28.02 47.33 98.87 3.557e+13 8.381e+12 -2.771e+13 0.02439 47.57647 9.9596e+12 9.9596e+12 6.9416e+12 6.0361e+12 3.0181e+12 41.65271 12.61 0.02641 0.82097 0.77790 3.88157 -48.85946 78.25784 0.73108 0.53737 -5.22544 84.89996 11.70537 0.5269 1.034e+13 5.131e+12
223 228 2.4145e+12 227.07 171.25 308.182 68.275 50 73.65591 91.34572 61.52289 -235.69 342.47 -188.24 9.733e+12 -9.272e+12 -1.830e+13 0.07238 68.27547 2.4145e+12 2.7163e+12 0.0000e+00 0.0000e+00 0.0000e+00 83.94505 0.00 0.13875 0.12466 0.00000 77.27386 -30.53885 206.28911 0.00000 0.00000 0.00000 0.00000 0.00000 0.6733 5.080e+12 1.811e+12
224 -1 6.0361e+11 141.04 0.00 194.143 48.697 50 46.09670 19.02093 42.74479 -274.73 226.74 -257.62 -4.127e+12 -8.330e+11 -8.388e+10 0.54439 48.69654 6.0361e+11 9.0542e+11 3.0181e+11 3.0181e+11 0.0000e+00 64.55238 302.11 0.25934 0.00000 0.00000 0.00000 0.00000 0.00000 0.00000 0.00000 0.00000 0.00000 0.00000 0.0000 5.245e+12 6.036e+11
225 221 3.9235e+12 265.38 171.23 362.320 84.374 48 30.08005 55.99072 82.43539 172.86 -130.99 -25.95 6.591e+12 -1.685e+13 -5.230e+12 0.04099 84.37405 3.9235e+12 4.5271e+12 2.7163e+12 0.0000e+00 0.0000e+00 41.21977 0.00 0.05124 0.54248 0.45770 -73.59515 117.71275 -113.30541 0.00000 0.00000 0.00000 0.00000 0.00000 0.4006 4.976e+12 3.923e+12
226 230 8.4506e+12 431.54 321.92 467.911 32.850 46 28.62432 58.50116 33.76032 205.55 -77.37 74.72 -1.337e+13 -1.026e+13 -4.730e+13 0.03823 32.84954 8.4506e+12 9.3560e+12 6.0361e+12 5.7343e+12 3.6217e+12 101.18570 0.00 0.03802 0.54333 0.45930 -26.37075 30.08079 79.34250 0.70973 0.61049 -5.86102 27.92381 60.76674 0.4725 9.809e+12 3.622e+12
227 235 8.7524e+12 385.01 302.46 473.417 57.432 46 3.64739 21.51303 10.60967 -100.74 -517.30 -127.53 1.205e+13 -3.030e+13 2.749e+12 0.02155 57.43186 8.7524e+12 9.0542e+12 8.4506e+12 6.3380e+12 1.8108e+12 31.33575 0.00 0.02337 0.59511 0.26795 -6.00326 95.03075 15.27161 0.23945 0.08438 -11.42296 91.01825 1.35007 0.4988 9.797e+12 3.018e+12
228 226 4.5271e+12 269.09 153.38 380.021 132.661 45 85.02722 26.51109 55.39366 -29.56 25.99 165.43 1.135e+13 -8.379e+12 -9.069e+12 0.03298 132.66115 4.5271e+12 5.1307e+12 3.6217e+12 6.0361e+11 0.0000e+00 9.69498 16.34 0.03594 0.17664 0.02358 139.69556 17.85908 110.26340 0.00000 0.00000 0.00000 0.00000 0.00000 0.2756 5.016e+12 6.036e+12
229 229 9.6578e+12 355.98 287.59 489.209 120.838 45 15.49361 31.92383 65.33736 -17.37 -170.08 -98.74 9.702e+13 4.509e+13 4.972e+13 0.06225 120.83754 9.6578e+12 9.9596e+12 7.8470e+12 3.6217e+12 0.0000e+00 28.60441 0.00 0.07152 0.58406 0.16724 6.80455 -46.09065 136.62802 0.20570 0.05667 -38.21905 -53.87740 68.21198 0.4713 9.055e+12 9.658e+12
230 246 2.1127e+12 217.69 107.72 294.766 64.095 45 17.71181 31.66589 64.87214 -10.87 -133.92 -151.61 -1.956e+12 -1.688e+12 3.948e+12 0.02929 64.09501 2.1127e+12 2.1127e+12 1.8108e+12 0.0000e+00 0.0000e+00 78.69843 0.00 0.03601 0.43280 0.00000 38.26857 104.52126 -68.80780 0.00000 0.00000 0.00000 0.00000 0.00000 0.2721 4.922e+12 1.811e+12
231 233 9.0542e+11 162.44 177.40 222.238 52.701 44 64.49745 85.40811 58.06215 74.89 240.35 -368.62 4.517e+11 -2.554e+12 -6.670e+12 0.18661 52.70062 9.0542e+11 1.2072e+12 3.0181e+11 3.0181e+11 0.0000e+00 88.37141 42.40 0.22425 0.00000 0.00000 0.00000 0.00000 0.00000 0.00000 0.00000 0.00000 0.00000 0.00000 3.4460 3.131e+12 9.054e+11
232 241 2.4145e+12 252.01 115.06 308.182 36.386 44 89.41212 65.70712 95.82041 -138.19 8.03 250.71 3.944e+12 -7.127e+12 -5.236e+12 0.05536 36.38611 2.4145e+12 3.6217e+12 2.1127e+12 6.0361e+11 0.0000e+00 64.30399 0.00 0.05917 0.67588 0.47112 89.48903 47.84533 20.76937 0.00000 0.00000 0.00000 0.00000 0.00000 0.2318 4.865e+12 6.036e+11
233 238 7.8470e+12 381.06 303.26 456.494 48.859 44 59.29644 3.69491 77.61729 80.68 205.18 -106.66 8.830e+13 -1.370e+13 7.361e+12 0.06499 48.85880 7.8470e+12 7.8470e+12 6.9416e+12 3.3199e+12 2.4145e+12 68.39887 0.00 0.07683 0.74531 0.19131 23.48991 81.25615 -8.69766 0.76696 0.17489 15.39481 54.30261 -31.17419 0.5557 8.276e+12 3.018e+12
234 239 2.4145e+12 218.26 143.99 308.182 107.232 44 71.88552 19.43085 69.90978 -39.06 118.18 57.73 -1.852e+12 -5.364e+12 4.240e+12 0.02800 107.23245 2.4145e+12 2.7163e+12 1.2072e+12 0.0000e+00 0.0000e+00 80.21541 16.11 0.04328 0.90394 0.13652 88.77512 16.19693 103.76972 0.00000 0.00000 0.00000 0.00000 0.00000 0.5132 4.140e+12 3.018e+12
235 243 4.8289e+12 284.91 182.93 388.285 89.024 44 69.47169 64.31420 46.94786 -184.22 -165.26 530.90 -2.907e+13 1.380e+13 -4.922e+13 0.08880 89.02388 5.1307e+12 5.4325e+12 0.0000e+00 0.0000e+00 0.0000e+00 93.90724 44.41 0.11318 0.17619 0.13565 58.24446 231.99966 139.87468 0.00000 0.00000 0.00000 0.00000 0.00000 0.4299 6.612e+12 4.527e+12
236 234 1.5090e+12 190.76 155.24 263.492 68.375 44 75.06695 25.59182 22.94565 -312.75 -164.50 -105.67 1.234e+13 -3.235e+12 -3.501e+12 0.01853 68.37526 1.5090e+12 1.5090e+12 1.2072e+12 0.0000e+00 0.0000e+00 74.27131 65.91 0.17693 0.24521 0.00000 -80.86118 -32.82497 97.57378 0.00000 0.00000 0.00000 0.00000 0.00000 1.0160 3.023e+12 1.509e+12
237 236 9.0542e+11 172.67 44.71 222.238 34.412 42 71.31533 96.41818 64.73274 -355.79 87.50 -92.95 -6.489e+11 5.380e+11 5.409e+11 0.01463 34.41199 9.0542e+11 4.2253e+12 9.0542e+11 3.0181e+11 0.0000e+00 134.13968 0.00 0.03138 0.00000 0.00000 0.00000 0.00000 0.00000 0.00000 0.00000 0.00000 0.00000 0.00000 0.1995 6.878e+12 3.018e+11
238 135 1.2072e+12 186.74 75.89 244.604 42.114 42 85.81422 47.32441 80.88798 47.48 -177.23 -378.82 -1.470e+12 -5.481e+11 1.481e+11 0.01769 42.11445 1.2072e+12 5.4325e+12 1.2072e+12 3.0181e+11 0.0000e+00 115.98058 0.00 0.03057 0.76591 0.42649 -30.21931 9.44019 94.81066 0.00000 0.00000 0.00000 0.00000 0.00000 0.3394 5.874e+12 6.036e+11
239 242 9.0542e+11 194.91 128.23 222.238 19.127 42 82.56583 82.53360 1.94431 -114.44 525.14 443.76 4.138e+11 1.124e+12 1.109e+12 0.00995 19.12749 9.0542e+11 9.0542e+11 9.0542e+11 3.0181e+11 0.0000e+00 86.52322 0.00 0.05115 0.00000 0.00000 0.00000 0.00000 0.00000 0.00000 0.00000 0.00000 0.00000 0.00000 1.1022 4.600e+12 0.000e+00
240 251 6.0361e+12 295.81 231.40 418.268 149.825 42 63.35762 19.91208 8.03342 293.61 72.55 5.20 -3.534e+13 -1.492e+13 -3.813e+12 0.03747 149.82494 6.0361e+12 6.6398e+12 4.8289e+12 3.0181e+11 0.0000e+00 77.11441 37.56 0.05114 0.86179 0.46520 128.08748 -2.73091 -75.39310 0.00000 0.00000 0.00000 0.00000 0.00000 0.5496 6.325e+12 7.545e+12
241 244 2.4145e+12 230.45 164.60 308.182 61.007 41 36.24965 50.48838 83.67825 282.73 -178.05 -146.77 -1.993e+13 5.846e+12 -3.273e+12 0.09182 61.00675 2.4145e+12 2.4145e+12 1.8108e+12 6.0361e+11 0.0000e+00 75.61114 51.96 0.12848 0.68057 0.06288 9.98498 60.67005 61.54902 0.00000 0.00000 0.00000 0.00000 0.00000 0.5181 4.311e+12 1.811e+12
242 240 7.5452e+12 393.50 315.25 450.565 39.471 40 41.30765 89.29887 98.36898 220.46 141.97 -27.87 8.314e+13 -8.266e+12 -1.319e+12 0.06799 39.47144 7.5452e+12 8.1488e+12 6.6398e+12 4.5271e+12 3.0181e+12 23.85515 39.98 0.07644 0.53464 0.48121 25.98362 -49.88803 73.61610 0.85796 0.41479 5.31948 56.76672 -28.39293 0.5614 7.923e+12 3.320e+12
243 245 2.4145e+12 233.49 141.25 308.182 55.752 40 40.16748 32.55003 52.93030 337.33 -571.94 -177.93 -1.158e+13 1.104e+12 1.056e+13 0.07945 55.75231 2.4145e+12 4.5271e+12 2.4145e+12 9.0542e+11 0.0000e+00 57.19556 0.00 0.09603 0.81079 0.28055 -1.73410 100.00330 -52.95219 0.83655 0.34714 81.41183 -15.78621 -4.76391 0.3672 4.103e+12 1.811e+12
244 -1 6.0361e+11 165.70 0.00 194.143 18.792 40 94.98405 84.19190 21.63908 -336.07 414.12 125.69 0.000e+00 0.000e+00 0.000e+00 0.00000 18.79246 6.0361e+11 6.0361e+11 6.0361e+11 0.0000e+00 0.0000e+00 110.75594 0.00 0.00000 0.00000 0.00000 0.00000 0.00000 0.00000 0.00000 0.00000 0.00000 0.00000 0.00000 0.0000 2.564e+12 0.000e+00
245 250 9.0542e+11 190.36 43.68 222.238 21.171 40 68.56683 72.74403 18.31811 -225.35 362.29 -20.90 -4.938e+10 -9.886e+11 3.901e+11 0.01995 21.17055 9.0542e+11 9.0542e+11 9.0542e+11 6.0361e+11 0.0000e+00 63.61667 0.00 0.03333 0.00000 0.00000 0.00000 0.00000 0.00000 0.00000 0.00000 0.00000 0.00000 0.00000 0.1187 4.135e+12 3.018e+11
246 247 1.5090e+12 192.45 123.65 263.492 62.886 40 78.85168 6.06921 15.11000 -196.44 13.26 -7.98 7.661e+12 -6.889e+12 1.622e+12 0.06832 62.88608 1.5090e+12 3.9235e+12 6.0361e+11 6.0361e+11 0.0000e+00 37.77958 47.15 0.13948 0.23588 0.00000 -23.65908 66.06144 -4.70118 0.00000 0.00000 0.00000 0.00000 0.00000 0.6451 4.376e+12 1.509e+12
247 252 6.6398e+12 431.81 295.99 431.769 22.418 38 46.56679 91.22697 57.73603 242.28 96.04 -102.42 -1.497e+13 2.009e+12 -2.538e+13 0.03981 22.41794 6.6398e+12 6.6398e+12 6.3380e+12 5.4325e+12 4.2253e+12 35.48671 0.00 0.03343 0.60301 0.28884 79.53114 -5.36368 -28.87490 0.60487 0.28749 79.27267 -5.39301 -29.01794 0.3928 1.074e+13 1.509e+12
248 256 3.0181e+12 256.33 114.84 331.979 53.327 38 64.11000 67.77647 34.55803 -245.24 3.15 270.05 -4.666e+12 8.920e+11 -3.506e+12 0.02306 53.32696 3.0181e+12 3.3199e+12 3.0181e+12 3.0181e+11 0.0000e+00 91.49009 0.00 0.02487 0.17653 0.04085 -22.50411 96.85189 34.52660 0.00000 0.00000 0.00000 0.00000 0.00000 0.2229 3.425e+12 1.811e+12
249 254 1.5090e+12 189.48 91.32 263.492 73.527 38 57.95682 19.00671 8.25645 145.06 26.77 65.45 -8.089e+12 4.482e+12 -5.039e+12 0.01875 73.52663 1.5090e+12 2.1127e+12 6.0361e+11 0.0000e+00 0.0000e+00 74.85816 133.28 0.14085 0.48764 0.41896 79.09592 122.10851 25.33675 0.00000 0.00000 0.00000 0.00000 0.00000 0.9688 5.427e+12 1.509e+12
250 249 1.5090e+12 188.60 136.37 263.492 77.784 37 69.39780 74.95501 18.27015 -235.16 169.55 -106.94 -4.416e+12 1.763e+12 -3.226e+12 0.02505 77.78442 1.5090e+12 1.5090e+12 9.0542e+11 0.0000e+00 0.0000e+00 36.60976 63.21 0.07685 0.18865 0.07665 15.38362 118.51005 149.19124 0.00000 0.00000 0.00000 0.00000 0.00000 0.8408 5.632e+12 1.509e+12
251 258 5.7343e+12 290.47 210.58 411.177 151.099 36 38.29853 19.45551 10.97764 -42.90 -382.19 288.33 -2.752e+13 3.401e+13 -1.483e+13 0.05142 151.09894 5.7343e+12 6.9416e+12 2.7163e+12 1.2072e+12 0.0000e+00 95.00465 12.81 0.06676 0.66134 0.04840 98.74160 40.88660 51.35284 0.79196 0.48247 53.70263 -37.78862 33.87628 0.4814 5.913e+12 8.451e+12
252 217 6.3380e+12 312.33 231.01 425.126 96.457 35 99.67405 17.80763 86.49507 44.86 -42.27 -58.12 1.337e+13 2.144e+13 -5.176e+13 0.05836 96.45743 6.3380e+12 7.2434e+12 5.7343e+12 1.2072e+12 0.0000e+00 31.75138 20.12 0.07045 0.36906 0.24173 71.39379 117.94803 -2.49329 0.50438 0.26567 35.43788 41.66876 78.20782 0.4775 6.801e+12 5.734e+12
253 259 2.4145e+12 220.59 128.06 308.182 90.934 35 63.53253 87.92616 37.96608 145.27 -61.27 78.75 3.105e+12 2.634e+12 -2.825e+12 0.02048 90.93362 2.4145e+12 4.2253e+12 1.5090e+12 0.0000e+00 0.0000e+00 42.39851 43.07 0.03028 0.38086 0.14189 57.28870 -62.60582 89.84612 0.00000 0.00000 0.00000 0.00000 0.00000 0.4553 4.744e+12 3.018e+12
254 266 1.5090e+12 199.72 241.88 263.492 47.523 35 1.22359 1.55258 5.97299 -67.38 294.30 -171.26 -6.939e+11 -2.419e+12 6.658e+12 0.07406 47.52282 1.5090e+12 3.9235e+12 1.5090e+12 0.0000e+00 0.0000e+00 106.62220 0.00 0.09519 0.71925 0.28189 -8.44660 111.06675 87.48106 0.00000 0.00000 0.00000 0.00000 0.00000 1.8821 3.750e+12 9.054e+11
255 195 4.2253e+12 294.37 345.09 371.382 51.436 34 0.10259 95.85357 14.90545 -323.83 482.55 -231.31 1.099e+13 -3.413e+12 -1.007e+13 0.01366 51.43604 5.4325e+12 4.5271e+12 3.3199e+12 1.8108e+12 0.0000e+00 33.75032 55.50 0.03675 0.62266 0.34997 1.14289 -8.15131 105.94452 0.44133 0.06221 -33.97329 26.93706 62.75471 1.0933 4.261e+12 2.113e+12
256 264 6.0361e+12 329.78 251.76 418.268 59.622 34 88.39735 21.50777 54.40907 27.75 218.15 11.39 3.757e+13 2.357e+13 6.502e+12 0.05653 59.62169 6.0361e+12 6.6398e+12 5.7343e+12 3.9235e+12 0.0000e+00 70.43908 19.80 0.05947 0.85980 0.37617 4.15056 72.38818 78.96603 0.16981 0.00000 -48.08322 90.90442 -14.83502 0.4560 6.636e+12 3.923e+12
257 262 1.5090e+12 192.24 77.82 263.492 63.532 34 96.59860 4.61742 34.47406 -177.36 24.07 3.04 -3.435e+10 -2.656e+12 -2.001e+12 0.03135 63.53233 1.5090e+12 2.1127e+12 9.0542e+11 0.0000e+00 0.0000e+00 89.48008 16.38 0.04448 0.38034 0.23340 109.69354 -79.13251 8.77103 0.00000 0.00000 0.00000 0.00000 0.00000 0.2622 4.522e+12 1.509e+12
258 107 6.0361e+11 137.75 0.00 194.143 65.201 33 2.97588 99.07940 2.13129 -152.51 942.36 6.75 3.653e+11 2.916e+12 1.876e+12 0.18295 65.20090 6.0361e+11 1.5090e+12 0.0000e+00 0.0000e+00 0.0000e+00 181.15829 151.38 0.21471 0.00000 0.00000 0.00000 0.00000 0.00000 0.00000 0.00000 0.00000 0.00000 0.00000 0.0000 2.054e+12 6.036e+11
259 263 2.4145e+12 263.87 152.08 308.182 29.414 33 91.57447 91.69868 28.37872 -202.58 486.72 -265.89 4.413e+12 -1.195e+13 -5.740e+12 0.07475 29.41430 2.4145e+12 3.0181e+12 2.4145e+12 1.8108e+12 0.0000e+00 53.48464 0.00 0.08537 0.39624 0.12825 -24.04658 118.90628 -62.12697 0.91019 0.22990 0.49880 60.38862 -41.89653 0.3677 3.204e+12 6.036e+11
260 265 1.2072e+12 179.94 112.06 244.604 54.893 33 33.50963 58.19311 37.11216 242.14 -100.61 -8.17 3.106e+12 -1.339e+12 -6.397e+12 0.01670 54.89322 1.2072e+12 1.5090e+12 0.0000e+00 0.0000e+00 0.0000e+00 86.76855 42.53 0.14038 0.63945 0.38333 104.01762 93.33234 90.23185 0.00000 0.00000 0.00000 0.00000 0.00000 0.9664 2.606e+12 6.036e+11
261 227 2.1127e+12 212.93 91.52 294.766 78.275 33 17.22503 13.32784 13.61497 49.91 -19.04 -240.11 -7.772e+11 -7.344e+12 1.493e+12 0.04794 78.27547 2.1127e+12 2.1127e+12 1.5090e+12 6.0361e+11 0.0000e+00 59.62069 0.00 0.05751 0.51564 0.08059 86.91964 -23.93622 54.08532 0.00000 0.00000 0.00000 0.00000 0.00000 0.2079 3.655e+12 2.113e+12
262 257 6.3380e+12 332.12 283.06 425.126 63.787 32 99.48434 11.69830 8.56601 65.01 -93.13 -165.11 -1.293e+13 3.315e+13 -4.523e+13 0.05604 63.78671 6.3380e+12 6.9416e+12 5.1307e+12 3.0181e+12 0.0000e+00 30.71298 0.00 0.07040 0.17013 0.10678 26.04529 -76.56720 127.47830 0.68711 0.11564 59.50920 26.17219 -57.04878 0.5805 6.174e+12 3.622e+12
263 -1 4.2253e+12 265.29 252.56 371.382 112.556 32 84.73403 30.57907 67.06535 -119.19 3.93 36.76 2.004e+13 6.263e+13 -3.328e+13 0.05857 112.55576 4.2253e+12 4.8289e+12 0.0000e+00 0.0000e+00 0.0000e+00 88.11276 0.00 0.17720 0.27102 0.05337 -151.99689 163.16508 136.53658 0.00000 0.00000 0.00000 0.00000 0.00000 0.8871 5.012e+12 5.734e+12
264 261 4.8289e+12 379.85 280.67 388.285 21.829 32 89.46352 14.29449 69.77286 -65.26 349.32 46.15 2.823e+12 -1.991e+13 2.102e+12 0.04239 21.82894 4.8289e+12 4.8289e+12 4.8289e+12 4.2253e+12 2.1127e+12 29.17788 0.00 0.03892 0.92711 0.76306 24.65956 42.68921 46.86003 0.95908 0.75989 21.52528 61.09163 9.89095 0.4578 8.001e+12 1.509e+12
265 269 6.0361e+11 143.88 0.00 194.143 41.076 32 59.75872 22.07333 38.53949 -449.72 108.36 -138.23 5.850e+11 9.898e+11 1.423e+12 0.03615 41.07590 6.0361e+11 6.0361e+11 0.0000e+00 0.0000e+00 0.0000e+00 164.36917 55.20 0.11267 0.00000 0.00000 0.00000 0.00000 0.00000 0.00000 0.00000 0.00000 0.00000 0.00000 0.0000 2.734e+12 0.000e+00
266 260 4.5271e+12 280.15 183.68 380.021 83.837 31 74.01071 77.17234 13.05684 -195.04 292.45 237.13 -1.459e+13 -2.928e+13 1.596e+13 0.06086 83.83668 4.5271e+12 5.1307e+12 3.9235e+12 0.0000e+00 0.0000e+00 21.15690 29.11 0.07801 0.83344 0.46221 134.45139 -5.46833 -68.01338 0.00000 0.00000 0.00000 0.00000 0.00000 0.4602 4.462e+12 3.923e+12
267 248 8.7524e+12 354.40 273.33 473.417 92.968 31 35.97880 63.08325 10.32280 196.71 13.36 -11.75 8.102e+12 -3.036e+12 9.419e+12 0.00917 92.96846 8.7524e+12 8.7524e+12 7.8470e+12 4.8289e+12 0.0000e+00 62.43859 0.00 0.00914 0.64138 0.53243 41.86491 30.61531 114.11278 0.70033 0.34876 89.13800 -3.09699 -19.66017 0.3907 8.546e+12 7.545e+12
268 270 3.6217e+12 258.56 207.93 352.781 81.695 31 97.26388 11.63492 8.67610 4.42 -1.71 -216.25 4.292e+12 3.123e+13 -1.061e+13 0.08217 81.69511 3.9235e+12 3.6217e+12 3.0181e+12 1.2072e+12 0.0000e+00 41.77100 17.50 0.10341 0.27745 0.09315 -36.60621 111.59973 23.50663 0.20373 0.00000 -23.39069 86.49765 22.77342 0.4905 4.376e+12 3.320e+12
269 -1 1.8108e+12 205.43 201.16 280.002 64.267 30 77.25903 77.13583 56.71733 -233.33 -285.06 -303.08 1.104e+12 -3.327e+12 -1.289e+13 0.04516 64.26660 1.8108e+12 1.8108e+12 3.0181e+11 3.0181e+11 0.0000e+00 61.17254 0.00 0.13182 0.38310 0.06607 -6.17975 126.73257 -88.25063 0.00000 0.00000 0.00000 0.00000 0.00000 1.1688 2.822e+12 1.509e+12
270 253 3.6217e+12 256.00 169.13 352.781 89.464 30 68.51014 12.54408 69.40398 63.47 -42.49 15.30 5.107e+12 -4.260e+12 6.240e+12 0.02186 89.46388 3.9235e+12 3.6217e+12 1.8108e+12 9.0542e+11 0.0000e+00 59.13469 0.00 0.02835 0.27072 0.11823 -18.80159 -29.94979 72.40981 0.37964 0.18821 40.40036 25.11936 -27.30840 0.4501 3.452e+12 3.622e+12
271 -1 4.2253e+12 311.95 184.68 371.382 38.626 30 25.84977 68.46972 37.05198 108.24 -162.53 -8.77 1.730e+12 -8.599e+12 1.173e+13 0.03629 38.62630 4.2253e+12 4.2253e+12 3.3199e+12 2.7163e+12 0.0000e+00 26.73228 0.00 0.03521 0.47190 0.14571 53.48664 0.67514 76.70485 0.62752 0.14902 44.76994 1.71030 58.31944 0.3232 4.478e+12 2.414e+12
272 272 1.5090e+12 211.24 122.17 263.492 34.373 30 48.85680 58.90017 22.28119 408.68 53.89 37.76 1.160e+11 7.401e+12 -1.626e+12 0.06276 34.37282 1.5090e+12 1.5090e+12 1.5090e+12 3.0181e+11 0.0000e+00 28.34751 0.00 0.10135 0.23081 0.00000 -56.33962 -46.83572 81.10081 0.00000 0.00000 0.00000 0.00000 0.00000 0.4753 3.481e+12 3.018e+11
273 -1 9.0542e+11 156.78 226.49 222.238 84.677 29 70.18193 56.60875 49.71695 2.02 535.09 54.50 -7.729e+12 1.029e+13 4.629e+12 0.52726 84.67726 9.0542e+11 9.0542e+11 3.0181e+11 0.0000e+00 0.0000e+00 141.50677 118.70 0.42848 0.00000 0.00000 0.00000 0.00000 0.00000 0.00000 0.00000 0.00000 0.00000 0.00000 7.2122 1.931e+12 1.509e+12
274 115 6.0361e+11 144.68 0.00 194.143 39.388 29 78.85108 30.34367 64.43078 23.96 5.52 -47.45 -1.048e+13 2.021e+12 -3.775e+12 1.31540 39.38779 6.0361e+11 6.0361e+11 0.0000e+00 0.0000e+00 0.0000e+00 150.32703 404.01 0.69740 0.00000 0.00000 0.00000 0.00000 0.00000 0.00000 0.00000 0.00000 0.00000 0.00000 0.0000 2.285e+12 3.018e+11
275 275 2.1127e+12 244.74 228.28 294.766 32.352 29 2.94267 19.20911 85.38544 -347.49 -305.87 -124.09 5.153e+12 -2.351e+12 4.682e+12 0.02411 32.35234 2.1127e+12 2.7163e+12 2.1127e+12 1.5090e+12 0.0000e+00 40.90710 0.00 0.05610 0.87306 0.46803 -43.89304 -4.52680 67.46012 0.80502 0.51070 26.30770 -56.31932 56.07109 0.8519 5.110e+12 1.207e+12
276 274 1.2072e+12 215.97 131.67 244.604 20.470 29 86.69233 12.31389 8.60794 -99.77 183.33 -215.91 3.885e+11 -4.104e+11 -6.676e+11 0.00773 20.47007 1.2072e+12 1.2072e+12 1.2072e+12 1.2072e+12 0.0000e+00 68.54130 0.00 0.01697 0.91407 0.66776 21.98956 55.80927 -51.56126 0.73413 0.47545 -33.98779 92.82265 20.74084 0.7038 3.061e+12 0.000e+00
277 267 1.5090e+12 189.45 100.99 263.492 73.651 27 63.89125 99.72983 68.04071 5.35 278.05 -243.78 -1.084e+12 -1.367e+12 -2.504e+12 0.02721 73.65092 1.5090e+12 1.8108e+12 1.2072e+12 3.0181e+11 0.0000e+00 105.68805 19.45 0.04082 0.16947 0.00000 30.19729 107.63021 10.47066 0.00000 0.00000 0.00000 0.00000 0.00000 0.3715 2.460e+12 1.811e+12
278 277 2.1127e+12 210.70 147.60 294.766 88.566 27 85.83704 38.80317 63.86664 228.89 -249.56 -106.81 3.075e+12 -6.018e+12 3.708e+12 0.03071 88.56632 2.1127e+12 2.1127e+12 3.0181e+11 0.0000e+00 0.0000e+00 31.99574 68.12 0.05884 0.57696 0.00000 163.10567 67.10442 -80.09400 0.00000 0.00000 0.00000 0.00000 0.00000 0.6271 2.494e+12 2.113e+12
279 273 1.2072e+12 176.78 78.92 244.604 64.611 27 73.98583 23.62193 85.19820 -152.76 -204.06 47.92 -1.518e+12 1.669e+12 -2.364e+12 0.02980 64.61089 1.2072e+12 1.5090e+12 0.0000e+00 0.0000e+00 0.0000e+00 55.38925 43.34 0.06339 0.44653 0.24924 -81.26405 149.82759 8.29220 0.00000 0.00000 0.00000 0.00000 0.00000 0.5271 2.898e+12 1.207e+12
280 284 1.5090e+12 190.00 115.69 263.492 71.311 27 7.77517 34.60041 66.39268 -175.02 -406.15 -176.43 -2.345e+12 -6.241e+12 4.091e+12 0.05841 71.31085 1.5090e+12 1.5090e+12 1.2072e+12 0.0000e+00 0.0000e+00 37.44397 22.04 0.10462 0.68718 0.04931 148.11607 -7.63941 8.73221 0.00000 0.00000 0.00000 0.00000 0.00000 0.5436 2.608e+12 1.509e+12
281 281 3.9235e+12 272.70 157.16 362.320 68.511 27 65.00684 86.50323 43.28539 201.50 16.96 138.72 2.026e+13 -2.636e+12 1.669e+13 0.06900 68.51075 3.9235e+12 3.9235e+12 3.6217e+12 1.5090e+12 0.0000e+00 13.99960 0.00 0.07176 0.12447 0.04268 -31.98520 142.41306 27.20087 0.31082 0.03090 -35.64090 87.87769 34.72455 0.2855 3.917e+12 2.414e+12
282 280 9.0542e+11 173.33 49.29 222.238 33.666 27 94.98967 82.27481 21.66609 -293.50 417.66 3.47 1.317e+12 -7.536e+11 9.762e+11 0.03113 33.66590 9.0542e+11 9.0542e+11 9.0542e+11 0.0000e+00 0.0000e+00 88.46287 0.00 0.05652 0.00000 0.00000 0.00000 0.00000 0.00000 0.00000 0.00000 0.00000 0.00000 0.00000 0.1589 1.999e+12 3.018e+11
283 285 4.8289e+12 278.01 201.94 388.285 114.130 27 31.93459 66.25469 10.64926 311.10 -100.95 99.28 -1.050e+12 -6.092e+12 2.310e+13 0.03760 114.12991 4.8289e+12 4.8289e+12 3.9235e+12 1.5090e+12 0.0000e+00 39.67719 0.00 0.04602 0.69814 0.13838 2.07097 -18.58742 121.95338 0.00000 0.00000 -27.75383 -39.00146 118.18123 0.4583 4.481e+12 4.829e+12
284 -1 6.0361e+11 139.24 0.00 194.143 55.870 27 24.61544 13.71114 32.73454 171.21 96.38 69.17 -4.567e+12 -7.720e+12 -6.740e+12 1.40649 55.86963 6.0361e+11 1.8108e+12 0.0000e+00 0.0000e+00 0.0000e+00 151.69809 379.37 0.69100 0.00000 0.00000 0.00000 0.00000 0.00000 0.00000 0.00000 0.00000 0.00000 0.00000 0.0000 2.975e+12 6.036e+11
285 268 4.5271e+12 272.17 177.57 380.021 111.317 26 5.55315 92.04530 80.48885 -49.68 462.13 96.50 -8.535e+12 -5.456e+12 -1.179e+13 0.03052 111.31688 4.5271e+12 4.8289e+12 3.3199e+12 1.2072e+12 0.0000e+00 55.60546 0.00 0.03332 0.47485 0.05529 -21.18261 4.85002 106.06859 0.29614 0.01968 30.29195 52.90799 -50.68814 0.3521 4.654e+12 5.433e+12
286 161 9.0542e+11 179.18 58.94 222.238 28.158 26 43.54317 37.94102 76.85488 -46.83 -349.99 42.10 -1.840e+11 -1.601e+12 -2.008e+12 0.04337 28.15757 1.5090e+12 1.2072e+12 9.0542e+11 3.0181e+11 0.0000e+00 40.05753 0.00 0.08067 0.00000 0.00000 0.00000 0.00000 0.00000 0.00000 0.00000 0.00000 0.00000 0.00000 0.2549 1.965e+12 3.018e+11
287 86 2.4145e+12 223.45 222.54 308.182 78.812 25 77.69596 75.45341 56.00950 -98.89 -276.49 -649.18 2.897e+13 -2.648e+13 -1.785e+13 0.09649 78.81208 2.4145e+12 2.4145e+12 0.0000e+00 0.0000e+00 0.0000e+00 75.98461 0.00 0.26344 0.00000 0.00000 178.35999 126.15204 -79.28467 0.00000 0.00000 0.00000 0.00000 0.00000 1.1740 2.673e+12 2.414e+12
288 286 6.0361e+11 137.67 0.00 194.143 65.947 25 82.65775 16.19836 68.44742 -110.86 142.26 -3.59 9.402e+11 -1.313e+12 -4.369e+11 0.01537 65.94685 6.0361e+11 6.0361e+11 0.0000e+00 0.0000e+00 0.0000e+00 149.56741 60.43 0.10302 0.00000 0.00000 0.00000 0.00000 0.00000 0.00000 0.00000 0.00000 0.00000 0.00000 0.0000 3.362e+12 6.036e+11
289 293 9.0542e+11 162.20 91.53 222.238 53.409 25 24.51859 72.57230 6.01107 181.24 64.10 58.94 5.681e+12 -3.972e+12 -4.585e+12 0.15910 53.40922 9.0542e+11 9.0542e+11 3.0181e+11 3.0181e+11 0.0000e+00 126.44348 112.38 0.26043 0.00000 0.00000 0.00000 0.00000 0.00000 0.00000 0.00000 0.00000 0.00000 0.00000 2.5530 3.440e+12 9.054e+11
